# frame 	 heights
0 10
1000 10
2000 10
3000 10
4000 10
5000 10
6000 10
7000 10
8000 10
9000 10
10000 10
11000 10
12000 10
13000 10
14000 10
15000 10
16000 10
17000 10
18000 10
19000 10
20000 10
21000 10
22000 10
23000 10
24000 10
25000 10
26000 10
27000 10
28000 10
29000 10
30000 10
31000 10
32000 10
33000 10
34000 10
35000 10
36000 10
37000 10
38000 10
39000 10
40000 10
41000 10
42000 10
43000 10
44000 10
45000 10
46000 10
47000 10
48000 10
49000 10
50000 10
51000 10
52000 10
53000 10
54000 10
55000 10
56000 10
57000 10
58000 10
59000 10
60000 10
61000 10
62000 10
63000 10
64000 10
65000 10
66000 10
67000 10
68000 10
69000 10
70000 10
71000 10
72000 10
73000 10
74000 10
75000 10
76000 10
77000 10
78000 10
79000 10
80000 10
81000 10
82000 10
83000 10
84000 10
85000 10
86000 10
87000 10
88000 10
89000 10
90000 10
91000 10
92000 10
93000 10
94000 10
95000 10
96000 10
97000 10
98000 10
99000 10
100000 10
101000 10
102000 10
103000 10
104000 10
105000 10
106000 10
107000 10
108000 10
109000 10
110000 10
111000 10
112000 10
113000 10
114000 10
115000 10
116000 10
117000 10
118000 10
119000 10
120000 10
121000 10
122000 10
123000 10
124000 10
125000 10
126000 10
127000 10
128000 10
129000 10
130000 10
131000 10
132000 10
133000 10
134000 10
135000 10
136000 10
137000 10
138000 10
139000 10
140000 10
141000 10
142000 10
143000 10
144000 10
145000 10
146000 10
147000 10
148000 10
149000 10
150000 10
151000 10
152000 10
153000 10
154000 10
155000 10
156000 10
157000 10
158000 10
159000 10
160000 10
161000 10
162000 10
163000 10
164000 10
165000 10
166000 10
167000 10
168000 10
169000 10
170000 10
171000 10
172000 10
173000 10
174000 10
175000 10
176000 10
177000 10
178000 10
179000 10
180000 10
181000 10
182000 10
183000 10
184000 10
185000 10
186000 10
187000 10
188000 10
189000 10
190000 10
191000 10
192000 10
193000 10
194000 10
195000 10
196000 10
197000 10
198000 10
199000 10
200000 10
201000 10
202000 10
203000 10
204000 10
205000 10
206000 10
207000 10
208000 10
209000 10
210000 10
211000 10
212000 10
213000 10
214000 10
215000 10
216000 10
217000 10
218000 10
219000 10
220000 10
221000 10
222000 10
223000 10
224000 10
225000 10
226000 10
227000 10
228000 10
229000 10
230000 10
231000 10
232000 10
233000 10
234000 10
235000 10
236000 10
237000 10
238000 10
239000 10
240000 10
241000 10
242000 10
243000 10
244000 10
245000 10
246000 10
247000 10
248000 10
249000 10
250000 10
251000 10
252000 10
253000 10
254000 10
255000 10
256000 10
257000 10
258000 10
259000 10
260000 10
261000 10
262000 10
263000 10
264000 10
265000 10
266000 10
267000 10
268000 10
269000 10
270000 10
271000 10
272000 10
273000 10
274000 10
275000 10
276000 10
277000 10
278000 10
279000 10
280000 10
281000 10
282000 10
283000 10
284000 10
285000 10
286000 10
287000 10
288000 10
289000 10
290000 10
291000 10
292000 10
293000 10
294000 10
295000 10
296000 10
297000 10
298000 10
299000 10
300000 10
301000 10
302000 10
303000 10
304000 10
305000 10
306000 10
307000 10
308000 10
309000 10
310000 10
311000 10
312000 10
313000 10
314000 10
315000 10
316000 10
317000 10
318000 10
319000 10
320000 10
321000 10
322000 10
323000 10
324000 10
325000 10
326000 10
327000 10
328000 10
329000 10
330000 10
331000 10
332000 10
333000 10
334000 10
335000 10
336000 10
337000 10
338000 10
339000 10
340000 10
341000 10
342000 10
343000 10
344000 10
345000 10
346000 10
347000 10
348000 10
349000 10
350000 10
351000 10
352000 10
353000 10
354000 10
355000 10
356000 10
357000 10
358000 10
359000 10
360000 10
361000 10
362000 10
363000 10
364000 10
365000 10
366000 10
367000 10
368000 10
369000 10
370000 10
371000 10
372000 10
373000 10
374000 10
375000 10
376000 10
377000 10
378000 10
379000 10
380000 10
381000 10
382000 10
383000 10
384000 10
385000 10
386000 10
387000 10
388000 10
389000 10
390000 10
391000 10
392000 10
393000 10
394000 10
395000 10
396000 10
397000 10
398000 10
399000 10
400000 10
401000 10
402000 10
403000 10
404000 10
405000 10
406000 10
407000 10
408000 10
409000 10
410000 10
411000 10
412000 10
413000 10
414000 10
415000 10
416000 10
417000 10
418000 10
419000 10
420000 10
421000 10
422000 10
423000 10
424000 10
425000 10
426000 10
427000 10
428000 10
429000 10
430000 10
431000 10
432000 10
433000 10
434000 10
435000 10
436000 10
437000 10
438000 10
439000 10
440000 10
441000 10
442000 10
443000 10
444000 10
445000 10
446000 10
447000 10
448000 10
449000 10
450000 10
451000 10
452000 10
453000 10
454000 10
455000 10
456000 10
457000 10
458000 10
459000 10
460000 10
461000 10
462000 10
463000 10
464000 10
465000 10
466000 10
467000 10
468000 10
469000 10
470000 10
471000 10
472000 10
473000 10
474000 10
475000 10
476000 10
477000 10
478000 10
479000 10
480000 10
481000 10
482000 10
483000 10
484000 10
485000 10
486000 10
487000 10
488000 10
489000 10
490000 10
491000 10
492000 10
493000 10
494000 10
495000 10
496000 10
497000 10
498000 10
499000 10
500000 10
501000 10
502000 10
503000 10
504000 10
505000 10
506000 10
507000 10
508000 10
509000 10
510000 10
511000 10
512000 10
513000 10
514000 10
515000 10
516000 10
517000 10
518000 10
519000 10
520000 10
521000 10
522000 10
523000 10
524000 10
525000 10
526000 10
527000 10
528000 10
529000 10
530000 10
531000 10
532000 10
533000 10
534000 10
535000 10
536000 10
537000 10
538000 10
539000 10
540000 10
541000 10
542000 10
543000 10
544000 10
545000 10
546000 10
547000 10
548000 10
549000 10
550000 10
551000 10
552000 10
553000 10
554000 10
555000 10
556000 10
557000 10
558000 10
559000 10
560000 10
561000 10
562000 10
563000 10
564000 10
565000 10
566000 10
567000 10
568000 10
569000 10
570000 10
571000 10
572000 10
573000 10
574000 10
575000 10
576000 10
577000 10
578000 10
579000 10
580000 10
581000 10
582000 10
583000 10
584000 10
585000 10
586000 10
587000 10
588000 10
589000 10
590000 10
591000 10
592000 10
593000 10
594000 10
595000 10
596000 10
597000 10
598000 10
599000 10
600000 10
601000 10
602000 10
603000 10
604000 10
605000 10
606000 10
607000 10
608000 10
609000 10
610000 10
611000 10
612000 10
613000 10
614000 10
615000 10
616000 10
617000 10
618000 10
619000 10
620000 10
621000 10
622000 10
623000 10
624000 10
625000 10
626000 10
627000 10
628000 10
629000 10
630000 10
631000 10
632000 10
633000 10
634000 10
635000 10
636000 10
637000 10
638000 10
639000 10
640000 10
641000 10
642000 10
643000 10
644000 10
645000 10
646000 10
647000 10
648000 10
649000 10
650000 10
651000 10
652000 10
653000 10
654000 10
655000 10
656000 10
657000 10
658000 10
659000 10
660000 10
661000 10
662000 10
663000 10
664000 10
665000 10
666000 10
667000 10
668000 10
669000 10
670000 10
671000 10
672000 10
673000 10
674000 10
675000 10
676000 10
677000 10
678000 10
679000 10
680000 10
681000 10
682000 10
683000 10
684000 10
685000 10
686000 10
687000 10
688000 10
689000 10
690000 10
691000 10
692000 10
693000 10
694000 10
695000 10
696000 10
697000 10
698000 10
699000 10
700000 10
701000 10
702000 10
703000 10
704000 10
705000 10
706000 10
707000 10
708000 10
709000 10
710000 10
711000 10
712000 10
713000 10
714000 10
715000 10
716000 10
717000 10
718000 10
719000 10
720000 10
721000 10
722000 10
723000 10
724000 10
725000 10
726000 10
727000 10
728000 10
729000 10
730000 10
731000 10
732000 10
733000 10
734000 10
735000 10
736000 10
737000 10
738000 10
739000 10
740000 10
741000 10
742000 10
743000 10
744000 10
745000 10
746000 10
747000 10
748000 10
749000 10
750000 10
751000 10
752000 10
753000 10
754000 10
755000 10
756000 10
757000 10
758000 10
759000 10
760000 10
761000 10
762000 10
763000 10
764000 10
765000 10
766000 10
767000 10
768000 10
769000 10
770000 10
771000 10
772000 10
773000 10
774000 10
775000 10
776000 10
777000 10
778000 10
779000 10
780000 10
781000 10
782000 10
783000 10
784000 10
785000 10
786000 10
787000 10
788000 10
789000 10
790000 10
791000 10
792000 10
793000 10
794000 10
795000 10
796000 10
797000 10
798000 10
799000 10
800000 10
801000 10
802000 10
803000 10
804000 10
805000 10
806000 10
807000 10
808000 10
809000 10
810000 10
811000 10
812000 10
813000 10
814000 10
815000 10
816000 10
817000 10
818000 10
819000 10
820000 10
821000 10
822000 10
823000 10
824000 10
825000 10
826000 10
827000 10
828000 10
829000 10
830000 10
831000 10
832000 10
833000 10
834000 10
835000 10
836000 10
837000 10
838000 10
839000 10
840000 10
841000 10
842000 10
843000 10
844000 10
845000 10
846000 10
847000 10
848000 10
849000 10
850000 10
851000 10
852000 10
853000 10
854000 10
855000 10
856000 10
857000 10
858000 10
859000 10
860000 10
861000 10
862000 10
863000 10
864000 10
865000 10
866000 10
867000 10
868000 10
869000 10
870000 10
871000 10
872000 10
873000 10
874000 10
875000 10
876000 10
877000 10
878000 10
879000 10
880000 10
881000 10
882000 10
883000 10
884000 10
885000 10
886000 10
887000 10
888000 10
889000 10
890000 10
891000 10
892000 10
893000 10
894000 10
895000 10
896000 10
897000 10
898000 10
899000 10
900000 10
901000 10
902000 10
903000 10
904000 10
905000 10
906000 10
907000 10
908000 10
909000 10
910000 10
911000 10
912000 10
913000 10
914000 10
915000 10
916000 10
917000 10
918000 10
919000 10
920000 10
921000 10
922000 10
923000 10
924000 10
925000 10
926000 10
927000 10
928000 10
929000 10
930000 10
931000 10
932000 10
933000 10
934000 10
935000 10
936000 10
937000 10
938000 10
939000 10
940000 10
941000 10
942000 10
943000 10
944000 10
945000 10
946000 10
947000 10
948000 10
949000 10
950000 10
951000 10
952000 10
953000 10
954000 10
955000 10
956000 10
957000 10
958000 10
959000 10
960000 10
961000 10
962000 10
963000 10
964000 10
965000 10
966000 10
967000 10
968000 10
969000 10
970000 10
971000 10
972000 10
973000 10
974000 10
975000 10
976000 10
977000 10
978000 10
979000 10
980000 10
981000 10
982000 10
983000 10
984000 10
985000 10
986000 10
987000 10
988000 10
989000 10
990000 10
991000 10
992000 10
993000 10
994000 10
995000 10
996000 10
997000 10
998000 10
999000 10
1000000 10
1001000 10
1002000 10
1003000 10
1004000 10
1005000 10
1006000 10
1007000 10
1008000 10
1009000 10
1010000 10
1011000 10
1012000 10
1013000 10
1014000 10
1015000 10
1016000 10
1017000 10
1018000 10
1019000 10
1020000 10
1021000 10
1022000 10
1023000 10
1024000 10
1025000 10
1026000 10
1027000 10
1028000 10
1029000 10
1030000 10
1031000 10
1032000 10
1033000 10
1034000 10
1035000 10
1036000 10
1037000 10
1038000 10
1039000 10
1040000 10
1041000 10
1042000 10
1043000 10
1044000 10
1045000 10
1046000 10
1047000 10
1048000 10
1049000 10
1050000 10
1051000 10
1052000 10
1053000 10
1054000 10
1055000 10
1056000 10
1057000 10
1058000 10
1059000 10
1060000 10
1061000 10
1062000 10
1063000 10
1064000 10
1065000 10
1066000 10
1067000 10
1068000 10
1069000 10
1070000 10
1071000 10
1072000 10
1073000 10
1074000 10
1075000 10
1076000 10
1077000 10
1078000 10
1079000 10
1080000 10
1081000 10
1082000 10
1083000 10
1084000 10
1085000 10
1086000 10
1087000 10
1088000 10
1089000 10
1090000 10
1091000 10
1092000 10
1093000 10
1094000 10
1095000 10
1096000 10
1097000 10
1098000 10
1099000 10
1100000 10
1101000 10
1102000 10
1103000 10
1104000 10
1105000 10
1106000 10
1107000 10
1108000 10
1109000 10
1110000 10
1111000 10
1112000 10
1113000 10
1114000 10
1115000 10
1116000 10
1117000 10
1118000 10
1119000 10
1120000 10
1121000 10
1122000 10
1123000 10
1124000 10
1125000 10
1126000 10
1127000 10
1128000 10
1129000 10
1130000 10
1131000 10
1132000 10
1133000 10
1134000 10
1135000 10
1136000 10
1137000 10
1138000 10
1139000 10
1140000 10
1141000 10
1142000 10
1143000 10
1144000 10
1145000 10
1146000 10
1147000 10
1148000 10
1149000 10
1150000 10
1151000 10
1152000 10
1153000 10
1154000 10
1155000 10
1156000 10
1157000 10
1158000 10
1159000 10
1160000 10
1161000 10
1162000 10
1163000 10
1164000 10
1165000 10
1166000 10
1167000 10
1168000 10
1169000 10
1170000 10
1171000 10
1172000 10
1173000 10
1174000 10
1175000 10
1176000 10
1177000 10
1178000 10
1179000 10
1180000 10
1181000 10
1182000 10
1183000 10
1184000 10
1185000 10
1186000 10
1187000 10
1188000 10
1189000 10
1190000 10
1191000 10
1192000 10
1193000 10
1194000 10
1195000 10
1196000 10
1197000 10
1198000 10
1199000 10
1200000 10
1201000 10
1202000 10
1203000 10
1204000 10
1205000 10
1206000 10
1207000 10
1208000 10
1209000 10
1210000 10
1211000 10
1212000 10
1213000 10
1214000 10
1215000 10
1216000 10
1217000 10
1218000 10
1219000 10
1220000 10
1221000 10
1222000 10
1223000 10
1224000 10
1225000 10
1226000 10
1227000 10
1228000 10
1229000 10
1230000 10
1231000 10
1232000 10
1233000 10
1234000 10
1235000 10
1236000 10
1237000 10
1238000 10
1239000 10
1240000 10
1241000 10
1242000 10
1243000 10
1244000 10
1245000 10
1246000 10
1247000 10
1248000 10
1249000 10
1250000 10
1251000 10
1252000 10
1253000 10
1254000 10
1255000 10
1256000 10
1257000 10
1258000 10
1259000 10
1260000 10
1261000 10
1262000 10
1263000 10
1264000 10
1265000 10
1266000 10
1267000 10
1268000 10
1269000 10
1270000 10
1271000 10
1272000 10
1273000 10
1274000 10
1275000 10
1276000 10
1277000 10
1278000 10
1279000 10
1280000 10
1281000 10
1282000 10
1283000 10
1284000 10
1285000 10
1286000 10
1287000 10
1288000 10
1289000 10
1290000 10
1291000 10
1292000 10
1293000 10
1294000 10
1295000 10
1296000 10
1297000 10
1298000 10
1299000 10
1300000 10
1301000 10
1302000 10
1303000 10
1304000 10
1305000 10
1306000 10
1307000 10
1308000 10
1309000 10
1310000 10
1311000 10
1312000 10
1313000 10
1314000 10
1315000 10
1316000 10
1317000 10
1318000 10
1319000 10
1320000 10
1321000 10
1322000 10
1323000 10
1324000 10
1325000 10
1326000 10
1327000 10
1328000 10
1329000 10
1330000 10
1331000 10
1332000 10
1333000 10
1334000 10
1335000 10
1336000 10
1337000 10
1338000 10
1339000 10
1340000 10
1341000 10
1342000 10
1343000 10
1344000 10
1345000 10
1346000 10
1347000 10
1348000 10
1349000 10
1350000 10
1351000 10
1352000 10
1353000 10
1354000 10
1355000 10
1356000 10
1357000 10
1358000 10
1359000 10
1360000 10
1361000 10
1362000 10
1363000 10
1364000 10
1365000 10
1366000 10
1367000 10
1368000 10
1369000 10
1370000 10
1371000 10
1372000 10
1373000 10
1374000 10
1375000 10
1376000 10
1377000 10
1378000 10
1379000 10
1380000 10
1381000 10
1382000 10
1383000 10
1384000 10
1385000 10
1386000 10
1387000 10
1388000 10
1389000 10
1390000 10
1391000 10
1392000 10
1393000 10
1394000 10
1395000 10
1396000 10
1397000 10
1398000 10
1399000 10
1400000 10
1401000 10
1402000 10
1403000 10
1404000 10
1405000 10
1406000 10
1407000 10
1408000 10
1409000 10
1410000 10
1411000 10
1412000 10
1413000 10
1414000 10
1415000 10
1416000 10
1417000 10
1418000 10
1419000 10
1420000 10
1421000 10
1422000 10
1423000 10
1424000 10
1425000 10
1426000 10
1427000 10
1428000 10
1429000 10
1430000 10
1431000 10
1432000 10
1433000 10
1434000 10
1435000 10
1436000 10
1437000 10
1438000 10
1439000 10
1440000 10
1441000 10
1442000 10
1443000 10
1444000 10
1445000 10
1446000 10
1447000 10
1448000 10
1449000 10
1450000 10
1451000 10
1452000 10
1453000 10
1454000 10
1455000 10
1456000 10
1457000 10
1458000 10
1459000 10
1460000 10
1461000 10
1462000 10
1463000 10
1464000 10
1465000 10
1466000 10
1467000 10
1468000 10
1469000 10
1470000 10
1471000 10
1472000 10
1473000 10
1474000 10
1475000 10
1476000 10
1477000 10
1478000 10
1479000 10
1480000 10
1481000 10
1482000 10
1483000 10
1484000 10
1485000 10
1486000 10
1487000 10
1488000 10
1489000 10
1490000 10
1491000 10
1492000 10
1493000 10
1494000 10
1495000 10
1496000 10
1497000 10
1498000 10
1499000 10
1500000 10
1501000 10
1502000 10
1503000 10
1504000 10
1505000 10
1506000 10
1507000 10
1508000 10
1509000 10
1510000 10
1511000 10
1512000 10
1513000 10
1514000 10
1515000 10
1516000 10
1517000 10
1518000 10
1519000 10
1520000 10
1521000 10
1522000 10
1523000 10
1524000 10
1525000 10
1526000 10
1527000 10
1528000 10
1529000 10
1530000 10
1531000 10
1532000 10
1533000 10
1534000 10
1535000 10
1536000 10
1537000 10
1538000 10
1539000 10
1540000 10
1541000 10
1542000 10
1543000 10
1544000 10
1545000 10
1546000 10
1547000 10
1548000 10
1549000 10
1550000 10
1551000 10
1552000 10
1553000 10
1554000 10
1555000 10
1556000 10
1557000 10
1558000 10
1559000 10
1560000 10
1561000 10
1562000 10
1563000 10
1564000 10
1565000 10
1566000 10
1567000 10
1568000 10
1569000 10
1570000 10
1571000 10
1572000 10
1573000 10
1574000 10
1575000 10
1576000 10
1577000 10
1578000 10
1579000 10
1580000 10
1581000 10
1582000 10
1583000 10
1584000 10
1585000 10
1586000 10
1587000 10
1588000 10
1589000 10
1590000 10
1591000 10
1592000 10
1593000 10
1594000 10
1595000 10
1596000 10
1597000 10
1598000 10
1599000 10
1600000 10
1601000 10
1602000 10
1603000 10
1604000 10
1605000 10
1606000 10
1607000 10
1608000 10
1609000 10
1610000 10
1611000 10
1612000 10
1613000 10
1614000 10
1615000 10
1616000 10
1617000 10
1618000 10
1619000 10
1620000 10
1621000 10
1622000 10
1623000 10
1624000 10
1625000 10
1626000 10
1627000 10
1628000 10
1629000 10
1630000 10
1631000 10
1632000 10
1633000 10
1634000 10
1635000 10
1636000 10
1637000 10
1638000 10
1639000 10
1640000 10
1641000 10
1642000 10
1643000 10
1644000 10
1645000 10
1646000 10
1647000 10
1648000 10
1649000 10
1650000 10
1651000 10
1652000 10
1653000 10
1654000 10
1655000 10
1656000 10
1657000 10
1658000 10
1659000 10
1660000 10
1661000 10
1662000 10
1663000 10
1664000 10
1665000 10
1666000 10
1667000 10
1668000 10
1669000 10
1670000 10
1671000 10
1672000 10
1673000 10
1674000 10
1675000 10
1676000 10
1677000 10
1678000 10
1679000 10
1680000 10
1681000 10
1682000 10
1683000 10
1684000 10
1685000 10
1686000 10
1687000 10
1688000 10
1689000 10
1690000 10
1691000 10
1692000 10
1693000 10
1694000 10
1695000 10
1696000 10
1697000 10
1698000 10
1699000 10
1700000 10
1701000 10
1702000 10
1703000 10
1704000 10
1705000 10
1706000 10
1707000 10
1708000 10
1709000 10
1710000 10
1711000 10
1712000 10
1713000 10
1714000 10
1715000 10
1716000 10
1717000 10
1718000 10
1719000 10
1720000 10
1721000 10
1722000 10
1723000 10
1724000 10
1725000 10
1726000 10
1727000 10
1728000 10
1729000 10
1730000 10
1731000 10
1732000 10
1733000 10
1734000 10
1735000 10
1736000 10
1737000 10
1738000 10
1739000 10
1740000 10
1741000 10
1742000 10
1743000 10
1744000 10
1745000 10
1746000 10
1747000 10
1748000 10
1749000 10
1750000 10
1751000 10
1752000 10
1753000 10
1754000 10
1755000 10
1756000 10
1757000 10
1758000 10
1759000 10
1760000 10
1761000 10
1762000 10
1763000 10
1764000 10
1765000 10
1766000 10
1767000 10
1768000 10
1769000 10
1770000 10
1771000 10
1772000 10
1773000 10
1774000 10
1775000 10
1776000 10
1777000 10
1778000 10
1779000 10
1780000 10
1781000 10
1782000 10
1783000 10
1784000 10
1785000 10
1786000 10
1787000 10
1788000 10
1789000 10
1790000 10
1791000 10
1792000 10
1793000 10
1794000 10
1795000 10
1796000 10
1797000 10
1798000 10
1799000 10
1800000 10
1801000 10
1802000 10
1803000 10
1804000 10
1805000 10
1806000 10
1807000 10
1808000 10
1809000 10
1810000 10
1811000 10
1812000 10
1813000 10
1814000 10
1815000 10
1816000 10
1817000 10
1818000 10
1819000 10
1820000 10
1821000 10
1822000 10
1823000 10
1824000 10
1825000 10
1826000 10
1827000 10
1828000 10
1829000 10
1830000 10
1831000 10
1832000 10
1833000 10
1834000 10
1835000 10
1836000 10
1837000 10
1838000 10
1839000 10
1840000 10
1841000 10
1842000 10
1843000 10
1844000 10
1845000 10
1846000 10
1847000 10
1848000 10
1849000 10
1850000 10
1851000 10
1852000 10
1853000 10
1854000 10
1855000 10
1856000 10
1857000 10
1858000 10
1859000 10
1860000 10
1861000 10
1862000 10
1863000 10
1864000 10
1865000 10
1866000 10
1867000 10
1868000 10
1869000 10
1870000 10
1871000 10
1872000 10
1873000 10
1874000 10
1875000 10
1876000 10
1877000 10
1878000 10
1879000 10
1880000 10
1881000 10
1882000 10
1883000 10
1884000 10
1885000 10
1886000 10
1887000 10
1888000 10
1889000 10
1890000 10
1891000 10
1892000 10
1893000 10
1894000 10
1895000 10
1896000 10
1897000 10
1898000 10
1899000 10
1900000 10
1901000 10
1902000 10
1903000 10
1904000 10
1905000 10
1906000 10
1907000 10
1908000 10
1909000 10
1910000 10
1911000 10
1912000 10
1913000 10
1914000 10
1915000 10
1916000 10
1917000 10
1918000 10
1919000 10
1920000 10
1921000 10
1922000 10
1923000 10
1924000 10
1925000 10
1926000 10
1927000 10
1928000 10
1929000 10
1930000 10
1931000 10
1932000 10
1933000 10
1934000 10
1935000 10
1936000 10
1937000 10
1938000 10
1939000 10
1940000 10
1941000 10
1942000 10
1943000 10
1944000 10
1945000 10
1946000 10
1947000 10
1948000 10
1949000 10
1950000 10
1951000 10
1952000 10
1953000 10
1954000 10
1955000 10
1956000 10
1957000 10
1958000 10
1959000 10
1960000 10
1961000 10
1962000 10
1963000 10
1964000 10
1965000 10
1966000 10
1967000 10
1968000 10
1969000 10
1970000 10
1971000 10
1972000 10
1973000 10
1974000 10
1975000 10
1976000 10
1977000 10
1978000 10
1979000 10
1980000 10
1981000 10
1982000 10
1983000 10
1984000 10
1985000 10
1986000 10
1987000 10
1988000 10
1989000 10
1990000 10
1991000 10
1992000 10
1993000 10
1994000 10
1995000 10
1996000 10
1997000 10
1998000 10
1999000 10
2000000 10
2001000 10
2002000 10
2003000 10
2004000 10
2005000 10
2006000 10
2007000 10
2008000 10
2009000 10
2010000 10
2011000 10
2012000 10
2013000 10
2014000 10
2015000 10
2016000 10
2017000 10
2018000 10
2019000 10
2020000 10
2021000 10
2022000 10
2023000 10
2024000 10
2025000 10
2026000 10
2027000 10
2028000 10
2029000 10
2030000 10
2031000 10
2032000 10
2033000 10
2034000 10
2035000 10
2036000 10
2037000 10
2038000 10
2039000 10
2040000 10
2041000 10
2042000 10
2043000 10
2044000 10
2045000 10
2046000 10
2047000 10
2048000 10
2049000 10
2050000 10
2051000 10
2052000 10
2053000 10
2054000 10
2055000 10
2056000 10
2057000 10
2058000 10
2059000 10
2060000 10
2061000 10
2062000 10
2063000 10
2064000 10
2065000 10
2066000 10
2067000 10
2068000 10
2069000 10
2070000 10
2071000 10
2072000 10
2073000 10
2074000 10
2075000 10
2076000 10
2077000 10
2078000 10
2079000 10
2080000 10
2081000 10
2082000 10
2083000 10
2084000 10
2085000 10
2086000 10
2087000 10
2088000 10
2089000 10
2090000 10
2091000 10
2092000 10
2093000 10
2094000 10
2095000 10
2096000 10
2097000 10
2098000 10
2099000 10
2100000 10
2101000 10
2102000 10
2103000 10
2104000 10
2105000 10
2106000 10
2107000 10
2108000 10
2109000 10
2110000 10
2111000 10
2112000 10
2113000 10
2114000 10
2115000 10
2116000 10
2117000 10
2118000 10
2119000 10
2120000 10
2121000 10
2122000 10
2123000 10
2124000 10
2125000 10
2126000 10
2127000 10
2128000 10
2129000 10
2130000 10
2131000 10
2132000 10
2133000 10
2134000 10
2135000 10
2136000 10
2137000 10
2138000 10
2139000 10
2140000 10
2141000 10
2142000 10
2143000 10
2144000 10
2145000 10
2146000 10
2147000 10
2148000 10
2149000 10
2150000 10
2151000 10
2152000 10
2153000 10
2154000 10
2155000 10
2156000 10
2157000 10
2158000 10
2159000 10
2160000 10
2161000 10
2162000 10
2163000 10
2164000 10
2165000 10
2166000 10
2167000 10
2168000 10
2169000 10
2170000 10
2171000 10
2172000 10
2173000 10
2174000 10
2175000 10
2176000 10
2177000 10
2178000 10
2179000 10
2180000 10
2181000 10
2182000 10
2183000 10
2184000 10
2185000 10
2186000 10
2187000 10
2188000 10
2189000 10
2190000 10
2191000 10
2192000 10
2193000 10
2194000 10
2195000 10
2196000 10
2197000 10
2198000 10
2199000 10
2200000 10
2201000 10
2202000 10
2203000 10
2204000 10
2205000 10
2206000 10
2207000 10
2208000 10
2209000 10
2210000 10
2211000 10
2212000 10
2213000 10
2214000 10
2215000 10
2216000 10
2217000 10
2218000 10
2219000 10
2220000 10
2221000 10
2222000 10
2223000 10
2224000 10
2225000 10
2226000 10
2227000 10
2228000 10
2229000 10
2230000 10
2231000 10
2232000 10
2233000 10
2234000 10
2235000 10
2236000 10
2237000 10
2238000 10
2239000 10
2240000 10
2241000 10
2242000 10
2243000 10
2244000 10
2245000 10
2246000 10
2247000 10
2248000 10
2249000 10
2250000 10
2251000 10
2252000 10
2253000 10
2254000 10
2255000 10
2256000 10
2257000 10
2258000 10
2259000 10
2260000 10
2261000 10
2262000 10
2263000 10
2264000 10
2265000 10
2266000 10
2267000 10
2268000 10
2269000 10
2270000 10
2271000 10
2272000 10
2273000 10
2274000 10
2275000 10
2276000 10
2277000 10
2278000 10
2279000 10
2280000 10
2281000 10
2282000 10
2283000 10
2284000 10
2285000 10
2286000 10
2287000 10
2288000 10
2289000 10
2290000 10
2291000 10
2292000 10
2293000 10
2294000 10
2295000 10
2296000 10
2297000 10
2298000 10
2299000 10
2300000 10
2301000 10
2302000 10
2303000 10
2304000 10
2305000 10
2306000 10
2307000 10
2308000 10
2309000 10
2310000 10
2311000 10
2312000 10
2313000 10
2314000 10
2315000 10
2316000 10
2317000 10
2318000 10
2319000 10
2320000 10
2321000 10
2322000 10
2323000 10
2324000 10
2325000 10
2326000 10
2327000 10
2328000 10
2329000 10
2330000 10
2331000 10
2332000 10
2333000 10
2334000 10
2335000 10
2336000 10
2337000 10
2338000 10
2339000 10
2340000 10
2341000 10
2342000 10
2343000 10
2344000 10
2345000 10
2346000 10
2347000 10
2348000 10
2349000 10
2350000 10
2351000 10
2352000 10
2353000 10
2354000 10
2355000 10
2356000 10
2357000 10
2358000 10
2359000 10
2360000 10
2361000 10
2362000 10
2363000 10
2364000 10
2365000 10
2366000 10
2367000 10
2368000 10
2369000 10
2370000 10
2371000 10
2372000 10
2373000 10
2374000 10
2375000 10
2376000 10
2377000 10
2378000 10
2379000 10
2380000 10
2381000 10
2382000 10
2383000 10
2384000 10
2385000 10
2386000 10
2387000 10
2388000 10
2389000 10
2390000 10
2391000 10
2392000 10
2393000 10
2394000 10
2395000 10
2396000 10
2397000 10
2398000 10
2399000 10
2400000 10
2401000 10
2402000 10
2403000 10
2404000 10
2405000 10
2406000 10
2407000 10
2408000 10
2409000 10
2410000 10
2411000 10
2412000 10
2413000 10
2414000 10
2415000 10
2416000 10
2417000 10
2418000 10
2419000 10
2420000 10
2421000 10
2422000 10
2423000 10
2424000 10
2425000 10
2426000 10
2427000 10
2428000 10
2429000 10
2430000 10
2431000 10
2432000 10
2433000 10
2434000 10
2435000 10
2436000 10
2437000 10
2438000 10
2439000 10
2440000 10
2441000 10
2442000 10
2443000 10
2444000 10
2445000 10
2446000 10
2447000 10
2448000 10
2449000 10
2450000 10
2451000 10
2452000 10
2453000 10
2454000 10
2455000 10
2456000 10
2457000 10
2458000 10
2459000 10
2460000 10
2461000 10
2462000 10
2463000 10
2464000 10
2465000 10
2466000 10
2467000 10
2468000 10
2469000 10
2470000 10
2471000 10
2472000 10
2473000 10
2474000 10
2475000 10
2476000 10
2477000 10
2478000 10
2479000 10
2480000 10
2481000 10
2482000 10
2483000 10
2484000 10
2485000 10
2486000 10
2487000 10
2488000 10
2489000 10
2490000 10
2491000 10
2492000 10
2493000 10
2494000 10
2495000 10
2496000 10
2497000 10
2498000 10
2499000 10
2500000 10
2501000 10
2502000 10
2503000 10
2504000 10
2505000 10
2506000 10
2507000 10
2508000 10
2509000 10
2510000 10
2511000 10
2512000 10
2513000 10
2514000 10
2515000 10
2516000 10
2517000 10
2518000 10
2519000 10
2520000 10
2521000 10
2522000 10
2523000 10
2524000 10
2525000 10
2526000 10
2527000 10
2528000 10
2529000 10
2530000 10
2531000 10
2532000 10
2533000 10
2534000 10
2535000 10
2536000 10
2537000 10
2538000 10
2539000 10
2540000 10
2541000 10
2542000 10
2543000 10
2544000 10
2545000 10
2546000 10
2547000 10
2548000 10
2549000 10
2550000 10
2551000 10
2552000 10
2553000 10
2554000 10
2555000 10
2556000 10
2557000 10
2558000 10
2559000 10
2560000 10
2561000 10
2562000 10
2563000 10
2564000 10
2565000 10
2566000 10
2567000 10
2568000 10
2569000 10
2570000 10
2571000 10
2572000 10
2573000 10
2574000 10
2575000 10
2576000 10
2577000 10
2578000 10
2579000 10
2580000 10
2581000 10
2582000 10
2583000 10
2584000 10
2585000 10
2586000 10
2587000 10
2588000 10
2589000 10
2590000 10
2591000 10
2592000 10
2593000 10
2594000 10
2595000 10
2596000 10
2597000 10
2598000 10
2599000 10
2600000 10
2601000 10
2602000 10
2603000 10
2604000 10
2605000 10
2606000 10
2607000 10
2608000 10
2609000 10
2610000 10
2611000 10
2612000 10
2613000 10
2614000 10
2615000 10
2616000 10
2617000 10
2618000 10
2619000 10
2620000 10
2621000 10
2622000 10
2623000 10
2624000 10
2625000 10
2626000 10
2627000 10
2628000 10
2629000 10
2630000 10
2631000 10
2632000 10
2633000 10
2634000 10
2635000 10
2636000 10
2637000 10
2638000 10
2639000 10
2640000 10
2641000 10
2642000 10
2643000 10
2644000 10
2645000 10
2646000 10
2647000 10
2648000 10
2649000 10
2650000 10
2651000 10
2652000 10
2653000 10
2654000 10
2655000 10
2656000 10
2657000 10
2658000 10
2659000 10
2660000 10
2661000 10
2662000 10
2663000 10
2664000 10
2665000 10
2666000 10
2667000 10
2668000 10
2669000 10
2670000 10
2671000 10
2672000 10
2673000 10
2674000 10
2675000 10
2676000 10
2677000 10
2678000 10
2679000 10
2680000 10
2681000 10
2682000 10
2683000 10
2684000 10
2685000 10
2686000 10
2687000 10
2688000 10
2689000 10
2690000 10
2691000 10
2692000 10
2693000 10
2694000 10
2695000 10
2696000 10
2697000 10
2698000 10
2699000 10
2700000 10
2701000 10
2702000 10
2703000 10
2704000 10
2705000 10
2706000 10
2707000 10
2708000 10
2709000 10
2710000 10
2711000 10
2712000 10
2713000 10
2714000 10
2715000 10
2716000 10
2717000 10
2718000 10
2719000 10
2720000 10
2721000 10
2722000 10
2723000 10
2724000 10
2725000 10
2726000 10
2727000 10
2728000 10
2729000 10
2730000 10
2731000 10
2732000 10
2733000 10
2734000 10
2735000 10
2736000 10
2737000 10
2738000 10
2739000 10
2740000 10
2741000 10
2742000 10
2743000 10
2744000 10
2745000 10
2746000 10
2747000 10
2748000 10
2749000 10
2750000 10
2751000 10
2752000 10
2753000 10
2754000 10
2755000 10
2756000 10
2757000 10
2758000 10
2759000 10
2760000 10
2761000 10
2762000 10
2763000 10
2764000 10
2765000 10
2766000 10
2767000 10
2768000 10
2769000 10
2770000 10
2771000 10
2772000 10
2773000 10
2774000 10
2775000 10
2776000 10
2777000 10
2778000 10
2779000 10
2780000 10
2781000 10
2782000 10
2783000 10
2784000 10
2785000 10
2786000 10
2787000 10
2788000 10
2789000 10
2790000 10
2791000 10
2792000 10
2793000 10
2794000 10
2795000 10
2796000 10
2797000 10
2798000 10
2799000 10
2800000 10
2801000 10
2802000 10
2803000 10
2804000 10
2805000 10
2806000 10
2807000 10
2808000 10
2809000 10
2810000 10
2811000 10
2812000 10
2813000 10
2814000 10
2815000 10
2816000 10
2817000 10
2818000 10
2819000 10
2820000 10
2821000 10
2822000 10
2823000 10
2824000 10
2825000 10
2826000 10
2827000 10
2828000 10
2829000 10
2830000 10
2831000 10
2832000 10
2833000 10
2834000 10
2835000 10
2836000 10
2837000 10
2838000 10
2839000 10
2840000 10
2841000 10
2842000 10
2843000 10
2844000 10
2845000 10
2846000 10
2847000 10
2848000 10
2849000 10
2850000 10
2851000 10
2852000 10
2853000 10
2854000 10
2855000 10
2856000 10
2857000 10
2858000 10
2859000 10
2860000 10
2861000 10
2862000 10
2863000 10
2864000 10
2865000 10
2866000 10
2867000 10
2868000 10
2869000 10
2870000 10
2871000 10
2872000 10
2873000 10
2874000 10
2875000 10
2876000 10
2877000 10
2878000 10
2879000 10
2880000 10
2881000 10
2882000 10
2883000 10
2884000 10
2885000 10
2886000 10
2887000 10
2888000 10
2889000 10
2890000 10
2891000 10
2892000 10
2893000 10
2894000 10
2895000 10
2896000 10
2897000 10
2898000 10
2899000 10
2900000 10
2901000 10
2902000 10
2903000 10
2904000 10
2905000 10
2906000 10
2907000 10
2908000 10
2909000 10
2910000 10
2911000 10
2912000 10
2913000 10
2914000 10
2915000 10
2916000 10
2917000 10
2918000 10
2919000 10
2920000 10
2921000 10
2922000 10
2923000 10
2924000 10
2925000 10
2926000 10
2927000 10
2928000 10
2929000 10
2930000 10
2931000 10
2932000 10
2933000 10
2934000 10
2935000 10
2936000 10
2937000 10
2938000 10
2939000 10
2940000 10
2941000 10
2942000 10
2943000 10
2944000 10
2945000 10
2946000 10
2947000 10
2948000 10
2949000 10
2950000 10
2951000 10
2952000 10
2953000 10
2954000 10
2955000 10
2956000 10
2957000 10
2958000 10
2959000 10
2960000 10
2961000 10
2962000 10
2963000 10
2964000 10
2965000 10
2966000 10
2967000 10
2968000 10
2969000 10
2970000 10
2971000 10
2972000 10
2973000 10
2974000 10
2975000 10
2976000 10
2977000 10
2978000 10
2979000 10
2980000 10
2981000 10
2982000 10
2983000 10
2984000 10
2985000 10
2986000 10
2987000 10
2988000 10
2989000 10
2990000 10
2991000 10
2992000 10
2993000 10
2994000 10
2995000 10
2996000 10
2997000 10
2998000 10
2999000 10
3000000 10
3001000 10
3002000 10
3003000 10
3004000 10
3005000 10
3006000 10
3007000 10
3008000 10
3009000 10
3010000 10
3011000 10
3012000 10
3013000 10
3014000 10
3015000 10
3016000 10
3017000 10
3018000 10
3019000 10
3020000 10
3021000 10
3022000 10
3023000 10
3024000 10
3025000 10
3026000 10
3027000 10
3028000 10
3029000 10
3030000 10
3031000 10
3032000 10
3033000 10
3034000 10
3035000 10
3036000 10
3037000 10
3038000 10
3039000 10
3040000 10
3041000 10
3042000 10
3043000 10
3044000 10
3045000 10
3046000 10
3047000 10
3048000 10
3049000 10
3050000 10
3051000 10
3052000 10
3053000 10
3054000 10
3055000 10
3056000 10
3057000 10
3058000 10
3059000 10
3060000 10
3061000 10
3062000 10
3063000 10
3064000 10
3065000 10
3066000 10
3067000 10
3068000 10
3069000 10
3070000 10
3071000 10
3072000 10
3073000 10
3074000 10
3075000 10
3076000 10
3077000 10
3078000 10
3079000 10
3080000 10
3081000 10
3082000 10
3083000 10
3084000 10
3085000 10
3086000 10
3087000 10
3088000 10
3089000 10
3090000 10
3091000 10
3092000 10
3093000 10
3094000 10
3095000 10
3096000 10
3097000 10
3098000 10
3099000 10
3100000 10
3101000 10
3102000 10
3103000 10
3104000 10
3105000 10
3106000 10
3107000 10
3108000 10
3109000 10
3110000 10
3111000 10
3112000 10
3113000 10
3114000 10
3115000 10
3116000 10
3117000 10
3118000 10
3119000 10
3120000 10
3121000 10
3122000 10
3123000 10
3124000 10
3125000 10
3126000 10
3127000 10
3128000 10
3129000 10
3130000 10
3131000 10
3132000 10
3133000 10
3134000 10
3135000 10
3136000 10
3137000 10
3138000 10
3139000 10
3140000 10
3141000 10
3142000 10
3143000 10
3144000 10
3145000 10
3146000 10
3147000 10
3148000 10
3149000 10
3150000 10
3151000 10
3152000 10
3153000 10
3154000 10
3155000 10
3156000 10
3157000 10
3158000 10
3159000 10
3160000 10
3161000 10
3162000 10
3163000 10
3164000 10
3165000 10
3166000 10
3167000 10
3168000 10
3169000 10
3170000 10
3171000 10
3172000 10
3173000 10
3174000 10
3175000 10
3176000 10
3177000 10
3178000 10
3179000 10
3180000 10
3181000 10
3182000 10
3183000 10
3184000 10
3185000 10
3186000 10
3187000 10
3188000 10
3189000 10
3190000 10
3191000 10
3192000 10
3193000 10
3194000 10
3195000 10
3196000 10
3197000 10
3198000 10
3199000 10
3200000 10
3201000 10
3202000 10
3203000 10
3204000 10
3205000 10
3206000 10
3207000 10
3208000 10
3209000 10
3210000 10
3211000 10
3212000 10
3213000 10
3214000 10
3215000 10
3216000 10
3217000 10
3218000 10
3219000 10
3220000 10
3221000 10
3222000 10
3223000 10
3224000 10
3225000 10
3226000 10
3227000 10
3228000 10
3229000 10
3230000 10
3231000 10
3232000 10
3233000 10
3234000 10
3235000 10
3236000 10
3237000 10
3238000 10
3239000 10
3240000 10
3241000 10
3242000 10
3243000 10
3244000 10
3245000 10
3246000 10
3247000 10
3248000 10
3249000 10
3250000 10
3251000 10
3252000 10
3253000 10
3254000 10
3255000 10
3256000 10
3257000 10
3258000 10
3259000 10
3260000 10
3261000 10
3262000 10
3263000 10
3264000 10
3265000 10
3266000 10
3267000 10
3268000 10
3269000 10
3270000 10
3271000 10
3272000 10
3273000 10
3274000 10
3275000 10
3276000 10
3277000 10
3278000 10
3279000 10
3280000 10
3281000 10
3282000 10
3283000 10
3284000 10
3285000 10
3286000 10
3287000 10
3288000 10
3289000 10
3290000 10
3291000 10
3292000 10
3293000 10
3294000 10
3295000 10
3296000 10
3297000 10
3298000 10
3299000 10
3300000 10
3301000 10
3302000 10
3303000 10
3304000 10
3305000 10
3306000 10
3307000 10
3308000 10
3309000 10
3310000 10
3311000 10
3312000 10
3313000 10
3314000 10
3315000 10
3316000 10
3317000 10
3318000 10
3319000 10
3320000 10
3321000 10
3322000 10
3323000 10
3324000 10
3325000 10
3326000 10
3327000 10
3328000 10
3329000 10
3330000 10
3331000 10
3332000 10
3333000 10
3334000 10
3335000 10
3336000 10
3337000 10
3338000 10
3339000 10
3340000 10
3341000 10
3342000 10
3343000 10
3344000 10
3345000 10
3346000 10
3347000 10
3348000 10
3349000 10
3350000 10
3351000 10
3352000 10
3353000 10
3354000 10
3355000 10
3356000 10
3357000 10
3358000 10
3359000 10
3360000 10
3361000 10
3362000 10
3363000 10
3364000 10
3365000 10
3366000 10
3367000 10
3368000 10
3369000 10
3370000 10
3371000 10
3372000 10
3373000 10
3374000 10
3375000 10
3376000 10
3377000 10
3378000 10
3379000 10
3380000 10
3381000 10
3382000 10
3383000 10
3384000 10
3385000 10
3386000 10
3387000 10
3388000 10
3389000 10
3390000 10
3391000 10
3392000 10
3393000 10
3394000 10
3395000 10
3396000 10
3397000 10
3398000 10
3399000 10
3400000 10
3401000 10
3402000 10
3403000 10
3404000 10
3405000 10
3406000 10
3407000 10
3408000 10
3409000 10
3410000 10
3411000 10
3412000 10
3413000 10
3414000 10
3415000 10
3416000 10
3417000 10
3418000 10
3419000 10
3420000 10
3421000 10
3422000 10
3423000 10
3424000 10
3425000 10
3426000 10
3427000 10
3428000 10
3429000 10
3430000 10
3431000 10
3432000 10
3433000 10
3434000 10
3435000 10
3436000 10
3437000 10
3438000 10
3439000 10
3440000 10
3441000 10
3442000 10
3443000 10
3444000 10
3445000 10
3446000 10
3447000 10
3448000 10
3449000 10
3450000 10
3451000 10
3452000 10
3453000 10
3454000 10
3455000 10
3456000 10
3457000 10
3458000 10
3459000 10
3460000 10
3461000 10
3462000 10
3463000 10
3464000 10
3465000 10
3466000 10
3467000 10
3468000 10
3469000 10
3470000 10
3471000 10
3472000 10
3473000 10
3474000 10
3475000 10
3476000 10
3477000 10
3478000 10
3479000 10
3480000 10
3481000 10
3482000 10
3483000 10
3484000 10
3485000 10
3486000 10
3487000 10
3488000 10
3489000 10
3490000 10
3491000 10
3492000 10
3493000 10
3494000 10
3495000 10
3496000 10
3497000 10
3498000 10
3499000 10
3500000 10
3501000 10
3502000 10
3503000 10
3504000 10
3505000 10
3506000 10
3507000 10
3508000 10
3509000 10
3510000 10
3511000 10
3512000 10
3513000 10
3514000 10
3515000 10
3516000 10
3517000 10
3518000 10
3519000 10
3520000 10
3521000 10
3522000 10
3523000 10
3524000 10
3525000 10
3526000 10
3527000 10
3528000 10
3529000 10
3530000 10
3531000 10
3532000 10
3533000 10
3534000 10
3535000 10
3536000 10
3537000 10
3538000 10
3539000 10
3540000 10
3541000 10
3542000 10
3543000 10
3544000 10
3545000 10
3546000 10
3547000 10
3548000 10
3549000 10
3550000 10
3551000 10
3552000 10
3553000 10
3554000 10
3555000 10
3556000 10
3557000 10
3558000 10
3559000 10
3560000 10
3561000 10
3562000 10
3563000 10
3564000 10
3565000 10
3566000 10
3567000 10
3568000 10
3569000 10
3570000 10
3571000 10
3572000 10
3573000 10
3574000 10
3575000 10
3576000 10
3577000 10
3578000 10
3579000 10
3580000 10
3581000 10
3582000 10
3583000 10
3584000 10
3585000 10
3586000 10
3587000 10
3588000 10
3589000 10
3590000 10
3591000 10
3592000 10
3593000 10
3594000 10
3595000 10
3596000 10
3597000 10
3598000 10
3599000 10
3600000 10
3601000 10
3602000 10
3603000 10
3604000 10
3605000 10
3606000 10
3607000 10
3608000 10
3609000 10
3610000 10
3611000 10
3612000 10
3613000 10
3614000 10
3615000 10
3616000 10
3617000 10
3618000 10
3619000 10
3620000 10
3621000 10
3622000 10
3623000 10
3624000 10
3625000 10
3626000 10
3627000 10
3628000 10
3629000 10
3630000 10
3631000 10
3632000 10
3633000 10
3634000 10
3635000 10
3636000 10
3637000 10
3638000 10
3639000 10
3640000 10
3641000 10
3642000 10
3643000 10
3644000 10
3645000 10
3646000 10
3647000 10
3648000 10
3649000 10
3650000 10
3651000 10
3652000 10
3653000 10
3654000 10
3655000 10
3656000 10
3657000 10
3658000 10
3659000 10
3660000 10
3661000 10
3662000 10
3663000 10
3664000 10
3665000 10
3666000 10
3667000 10
3668000 10
3669000 10
3670000 10
3671000 10
3672000 10
3673000 10
3674000 10
3675000 10
3676000 10
3677000 10
3678000 10
3679000 10
3680000 10
3681000 10
3682000 10
3683000 10
3684000 10
3685000 10
3686000 10
3687000 10
3688000 10
3689000 10
3690000 10
3691000 10
3692000 10
3693000 10
3694000 10
3695000 10
3696000 10
3697000 10
3698000 10
3699000 10
3700000 10
3701000 10
3702000 10
3703000 10
3704000 10
3705000 10
3706000 10
3707000 10
3708000 10
3709000 10
3710000 10
3711000 10
3712000 10
3713000 10
3714000 10
3715000 10
3716000 10
3717000 10
3718000 10
3719000 10
3720000 10
3721000 10
3722000 10
3723000 10
3724000 10
3725000 10
3726000 10
3727000 10
3728000 10
3729000 10
3730000 10
3731000 10
3732000 10
3733000 10
3734000 10
3735000 10
3736000 10
3737000 10
3738000 10
3739000 10
3740000 10
3741000 10
3742000 10
3743000 10
3744000 10
3745000 10
3746000 10
3747000 10
3748000 10
3749000 10
3750000 10
3751000 10
3752000 10
3753000 10
3754000 10
3755000 10
3756000 10
3757000 10
3758000 10
3759000 10
3760000 10
3761000 10
3762000 10
3763000 10
3764000 10
3765000 10
3766000 10
3767000 10
3768000 10
3769000 10
3770000 10
3771000 10
3772000 10
3773000 10
3774000 10
3775000 10
3776000 10
3777000 10
3778000 10
3779000 10
3780000 10
3781000 10
3782000 10
3783000 10
3784000 10
3785000 10
3786000 10
3787000 10
3788000 10
3789000 10
3790000 10
3791000 10
3792000 10
3793000 10
3794000 10
3795000 10
3796000 10
3797000 10
3798000 10
3799000 10
3800000 10
3801000 10
3802000 10
3803000 10
3804000 10
3805000 10
3806000 10
3807000 10
3808000 10
3809000 10
3810000 10
3811000 10
3812000 10
3813000 10
3814000 10
3815000 10
3816000 10
3817000 10
3818000 10
3819000 10
3820000 10
3821000 10
3822000 10
3823000 10
3824000 10
3825000 10
3826000 10
3827000 10
3828000 10
3829000 10
3830000 10
3831000 10
3832000 10
3833000 10
3834000 10
3835000 10
3836000 10
3837000 10
3838000 10
3839000 10
3840000 10
3841000 10
3842000 10
3843000 10
3844000 10
3845000 10
3846000 10
3847000 10
3848000 10
3849000 10
3850000 10
3851000 10
3852000 10
3853000 10
3854000 10
3855000 10
3856000 10
3857000 10
3858000 10
3859000 10
3860000 10
3861000 10
3862000 10
3863000 10
3864000 10
3865000 10
3866000 10
3867000 10
3868000 10
3869000 10
3870000 10
3871000 10
3872000 10
3873000 10
3874000 10
3875000 10
3876000 10
3877000 10
3878000 10
3879000 10
3880000 10
3881000 10
3882000 10
3883000 10
3884000 10
3885000 10
3886000 10
3887000 10
3888000 10
3889000 10
3890000 10
3891000 10
3892000 10
3893000 10
3894000 10
3895000 10
3896000 10
3897000 10
3898000 10
3899000 10
3900000 10
3901000 10
3902000 10
3903000 10
3904000 10
3905000 10
3906000 10
3907000 10
3908000 10
3909000 10
3910000 10
3911000 10
3912000 10
3913000 10
3914000 10
3915000 10
3916000 10
3917000 10
3918000 10
3919000 10
3920000 10
3921000 10
3922000 10
3923000 10
3924000 10
3925000 10
3926000 10
3927000 10
3928000 10
3929000 10
3930000 10
3931000 10
3932000 10
3933000 10
3934000 10
3935000 10
3936000 10
3937000 10
3938000 10
3939000 10
3940000 10
3941000 10
3942000 10
3943000 10
3944000 10
3945000 10
3946000 10
3947000 10
3948000 10
3949000 10
3950000 10
3951000 10
3952000 10
3953000 10
3954000 10
3955000 10
3956000 10
3957000 10
3958000 10
3959000 10
3960000 10
3961000 10
3962000 10
3963000 10
3964000 10
3965000 10
3966000 10
3967000 10
3968000 10
3969000 10
3970000 10
3971000 10
3972000 10
3973000 10
3974000 10
3975000 10
3976000 10
3977000 10
3978000 10
3979000 10
3980000 10
3981000 10
3982000 10
3983000 10
3984000 10
3985000 10
3986000 10
3987000 10
3988000 10
3989000 10
3990000 10
3991000 10
3992000 10
3993000 10
3994000 10
3995000 10
3996000 10
3997000 10
3998000 10
3999000 10
4000000 10
4001000 10
4002000 10
4003000 10
4004000 10
4005000 10
4006000 10
4007000 10
4008000 10
4009000 10
4010000 10
4011000 10
4012000 10
4013000 10
4014000 10
4015000 10
4016000 10
4017000 10
4018000 10
4019000 10
4020000 10
4021000 10
4022000 10
4023000 10
4024000 10
4025000 10
4026000 10
4027000 10
4028000 10
4029000 10
4030000 10
4031000 10
4032000 10
4033000 10
4034000 10
4035000 10
4036000 10
4037000 10
4038000 10
4039000 10
4040000 10
4041000 10
4042000 10
4043000 10
4044000 10
4045000 10
4046000 10
4047000 10
4048000 10
4049000 10
4050000 10
4051000 10
4052000 10
4053000 10
4054000 10
4055000 10
4056000 10
4057000 10
4058000 10
4059000 10
4060000 10
4061000 10
4062000 10
4063000 10
4064000 10
4065000 10
4066000 10
4067000 10
4068000 10
4069000 10
4070000 10
4071000 10
4072000 10
4073000 10
4074000 10
4075000 10
4076000 10
4077000 10
4078000 10
4079000 10
4080000 10
4081000 10
4082000 10
4083000 10
4084000 10
4085000 10
4086000 10
4087000 10
4088000 10
4089000 10
4090000 10
4091000 10
4092000 10
4093000 10
4094000 10
4095000 10
4096000 10
4097000 10
4098000 10
4099000 10
4100000 10
4101000 10
4102000 10
4103000 10
4104000 10
4105000 10
4106000 10
4107000 10
4108000 10
4109000 10
4110000 10
4111000 10
4112000 10
4113000 10
4114000 10
4115000 10
4116000 10
4117000 10
4118000 10
4119000 10
4120000 10
4121000 10
4122000 10
4123000 10
4124000 10
4125000 10
4126000 10
4127000 10
4128000 10
4129000 10
4130000 10
4131000 10
4132000 10
4133000 10
4134000 10
4135000 10
4136000 10
4137000 10
4138000 10
4139000 10
4140000 10
4141000 10
4142000 10
4143000 10
4144000 10
4145000 10
4146000 10
4147000 10
4148000 10
4149000 10
4150000 10
4151000 10
4152000 10
4153000 10
4154000 10
4155000 10
4156000 10
4157000 10
4158000 10
4159000 10
4160000 10
4161000 10
4162000 10
4163000 10
4164000 10
4165000 10
4166000 10
4167000 10
4168000 10
4169000 10
4170000 10
4171000 10
4172000 10
4173000 10
4174000 10
4175000 10
4176000 10
4177000 10
4178000 10
4179000 10
4180000 10
4181000 10
4182000 10
4183000 10
4184000 10
4185000 10
4186000 10
4187000 10
4188000 10
4189000 10
4190000 10
4191000 10
4192000 10
4193000 10
4194000 10
4195000 10
4196000 10
4197000 10
4198000 10
4199000 10
4200000 10
4201000 10
4202000 10
4203000 10
4204000 10
4205000 10
4206000 10
4207000 10
4208000 10
4209000 10
4210000 10
4211000 10
4212000 10
4213000 10
4214000 10
4215000 10
4216000 10
4217000 10
4218000 10
4219000 10
4220000 10
4221000 10
4222000 10
4223000 10
4224000 10
4225000 10
4226000 10
4227000 10
4228000 10
4229000 10
4230000 10
4231000 10
4232000 10
4233000 10
4234000 10
4235000 10
4236000 10
4237000 10
4238000 10
4239000 10
4240000 10
4241000 10
4242000 10
4243000 10
4244000 10
4245000 10
4246000 10
4247000 10
4248000 10
4249000 10
4250000 10
4251000 10
4252000 10
4253000 10
4254000 10
4255000 10
4256000 10
4257000 10
4258000 10
4259000 10
4260000 10
4261000 10
4262000 10
4263000 10
4264000 10
4265000 10
4266000 10
4267000 10
4268000 10
4269000 10
4270000 10
4271000 10
4272000 10
4273000 10
4274000 10
4275000 10
4276000 10
4277000 10
4278000 10
4279000 10
4280000 10
4281000 10
4282000 10
4283000 10
4284000 10
4285000 10
4286000 10
4287000 10
4288000 10
4289000 10
4290000 10
4291000 10
4292000 10
4293000 10
4294000 10
4295000 10
4296000 10
4297000 10
4298000 10
4299000 10
4300000 10
4301000 10
4302000 10
4303000 10
4304000 10
4305000 10
4306000 10
4307000 10
4308000 10
4309000 10
4310000 10
4311000 10
4312000 10
4313000 10
4314000 10
4315000 10
4316000 10
4317000 10
4318000 10
4319000 10
4320000 10
4321000 10
4322000 10
4323000 10
4324000 10
4325000 10
4326000 10
4327000 10
4328000 10
4329000 10
4330000 10
4331000 10
4332000 10
4333000 10
4334000 10
4335000 10
4336000 10
4337000 10
4338000 10
4339000 10
4340000 10
4341000 10
4342000 10
4343000 10
4344000 10
4345000 10
4346000 10
4347000 10
4348000 10
4349000 10
4350000 10
4351000 10
4352000 10
4353000 10
4354000 10
4355000 10
4356000 10
4357000 10
4358000 10
4359000 10
4360000 10
4361000 10
4362000 10
4363000 10
4364000 10
4365000 10
4366000 10
4367000 10
4368000 10
4369000 10
4370000 10
4371000 10
4372000 10
4373000 10
4374000 10
4375000 10
4376000 10
4377000 10
4378000 10
4379000 10
4380000 10
4381000 10
4382000 10
4383000 10
4384000 10
4385000 10
4386000 10
4387000 10
4388000 10
4389000 10
4390000 10
4391000 10
4392000 10
4393000 10
4394000 10
4395000 10
4396000 10
4397000 10
4398000 10
4399000 10
4400000 10
4401000 10
4402000 10
4403000 10
4404000 10
4405000 10
4406000 10
4407000 10
4408000 10
4409000 10
4410000 10
4411000 10
4412000 10
4413000 10
4414000 10
4415000 10
4416000 10
4417000 10
4418000 10
4419000 10
4420000 10
4421000 10
4422000 10
4423000 10
4424000 10
4425000 10
4426000 10
4427000 10
4428000 10
4429000 10
4430000 10
4431000 10
4432000 10
4433000 10
4434000 10
4435000 10
4436000 10
4437000 10
4438000 10
4439000 10
4440000 10
4441000 10
4442000 10
4443000 10
4444000 10
4445000 10
4446000 10
4447000 10
4448000 10
4449000 10
4450000 10
4451000 10
4452000 10
4453000 10
4454000 10
4455000 10
4456000 10
4457000 10
4458000 10
4459000 10
4460000 10
4461000 10
4462000 10
4463000 10
4464000 10
4465000 10
4466000 10
4467000 10
4468000 10
4469000 10
4470000 10
4471000 10
4472000 10
4473000 10
4474000 10
4475000 10
4476000 10
4477000 10
4478000 10
4479000 10
4480000 10
4481000 10
4482000 10
4483000 10
4484000 10
4485000 10
4486000 10
4487000 10
4488000 10
4489000 10
4490000 10
4491000 10
4492000 10
4493000 10
4494000 10
4495000 10
4496000 10
4497000 10
4498000 10
4499000 10
4500000 10
4501000 10
4502000 10
4503000 10
4504000 10
4505000 10
4506000 10
4507000 10
4508000 10
4509000 10
4510000 10
4511000 10
4512000 10
4513000 10
4514000 10
4515000 10
4516000 10
4517000 10
4518000 10
4519000 10
4520000 10
4521000 10
4522000 10
4523000 10
4524000 10
4525000 10
4526000 10
4527000 10
4528000 10
4529000 10
4530000 10
4531000 10
4532000 10
4533000 10
4534000 10
4535000 10
4536000 10
4537000 10
4538000 10
4539000 10
4540000 10
4541000 10
4542000 10
4543000 10
4544000 10
4545000 10
4546000 10
4547000 10
4548000 10
4549000 10
4550000 10
4551000 10
4552000 10
4553000 10
4554000 10
4555000 10
4556000 10
4557000 10
4558000 10
4559000 10
4560000 10
4561000 10
4562000 10
4563000 10
4564000 10
4565000 10
4566000 10
4567000 10
4568000 10
4569000 10
4570000 10
4571000 10
4572000 10
4573000 10
4574000 10
4575000 10
4576000 10
4577000 10
4578000 10
4579000 10
4580000 10
4581000 10
4582000 10
4583000 10
4584000 10
4585000 10
4586000 10
4587000 10
4588000 10
4589000 10
4590000 10
4591000 10
4592000 10
4593000 10
4594000 10
4595000 10
4596000 10
4597000 10
4598000 10
4599000 10
4600000 10
4601000 10
4602000 10
4603000 10
4604000 10
4605000 10
4606000 10
4607000 10
4608000 10
4609000 10
4610000 10
4611000 10
4612000 10
4613000 10
4614000 10
4615000 10
4616000 10
4617000 10
4618000 10
4619000 10
4620000 10
4621000 10
4622000 10
4623000 10
4624000 10
4625000 10
4626000 10
4627000 10
4628000 10
4629000 10
4630000 10
4631000 10
4632000 10
4633000 10
4634000 10
4635000 10
4636000 10
4637000 10
4638000 10
4639000 10
4640000 10
4641000 10
4642000 10
4643000 10
4644000 10
4645000 10
4646000 10
4647000 10
4648000 10
4649000 10
4650000 10
4651000 10
4652000 10
4653000 10
4654000 10
4655000 10
4656000 10
4657000 10
4658000 10
4659000 10
4660000 10
4661000 10
4662000 10
4663000 10
4664000 10
4665000 10
4666000 10
4667000 10
4668000 10
4669000 10
4670000 10
4671000 10
4672000 10
4673000 10
4674000 10
4675000 10
4676000 10
4677000 10
4678000 10
4679000 10
4680000 10
4681000 10
4682000 10
4683000 10
4684000 10
4685000 10
4686000 10
4687000 10
4688000 10
4689000 10
4690000 10
4691000 10
4692000 10
4693000 10
4694000 10
4695000 10
4696000 10
4697000 10
4698000 10
4699000 10
4700000 10
4701000 10
4702000 10
4703000 10
4704000 10
4705000 10
4706000 10
4707000 10
4708000 10
4709000 10
4710000 10
4711000 10
4712000 10
4713000 10
4714000 10
4715000 10
4716000 10
4717000 10
4718000 10
4719000 10
4720000 10
4721000 10
4722000 10
4723000 10
4724000 10
4725000 10
4726000 10
4727000 10
4728000 10
4729000 10
4730000 10
4731000 10
4732000 10
4733000 10
4734000 10
4735000 10
4736000 10
4737000 10
4738000 10
4739000 10
4740000 10
4741000 10
4742000 10
4743000 10
4744000 10
4745000 10
4746000 10
4747000 10
4748000 10
4749000 10
4750000 10
4751000 10
4752000 10
4753000 10
4754000 10
4755000 10
4756000 10
4757000 10
4758000 10
4759000 10
4760000 10
4761000 10
4762000 10
4763000 10
4764000 10
4765000 10
4766000 10
4767000 10
4768000 10
4769000 10
4770000 10
4771000 10
4772000 10
4773000 10
4774000 10
4775000 10
4776000 10
4777000 10
4778000 10
4779000 10
4780000 10
4781000 10
4782000 10
4783000 10
4784000 10
4785000 10
4786000 10
4787000 10
4788000 10
4789000 10
4790000 10
4791000 10
4792000 10
4793000 10
4794000 10
4795000 10
4796000 10
4797000 10
4798000 10
4799000 10
4800000 10
4801000 10
4802000 10
4803000 10
4804000 10
4805000 10
4806000 10
4807000 10
4808000 10
4809000 10
4810000 10
4811000 10
4812000 10
4813000 10
4814000 10
4815000 10
4816000 10
4817000 10
4818000 10
4819000 10
4820000 10
4821000 10
4822000 10
4823000 10
4824000 10
4825000 10
4826000 10
4827000 10
4828000 10
4829000 10
4830000 10
4831000 10
4832000 10
4833000 10
4834000 10
4835000 10
4836000 10
4837000 10
4838000 10
4839000 10
4840000 10
4841000 10
4842000 10
4843000 10
4844000 10
4845000 10
4846000 10
4847000 10
4848000 10
4849000 10
4850000 10
4851000 10
4852000 10
4853000 10
4854000 10
4855000 10
4856000 10
4857000 10
4858000 10
4859000 10
4860000 10
4861000 10
4862000 10
4863000 10
4864000 10
4865000 10
4866000 10
4867000 10
4868000 10
4869000 10
4870000 10
4871000 10
4872000 10
4873000 10
4874000 10
4875000 10
4876000 10
4877000 10
4878000 10
4879000 10
4880000 10
4881000 10
4882000 10
4883000 10
4884000 10
4885000 10
4886000 10
4887000 10
4888000 10
4889000 10
4890000 10
4891000 10
4892000 10
4893000 10
4894000 10
4895000 10
4896000 10
4897000 10
4898000 10
4899000 10
4900000 10
4901000 10
4902000 10
4903000 10
4904000 10
4905000 10
4906000 10
4907000 10
4908000 10
4909000 10
4910000 10
4911000 10
4912000 10
4913000 10
4914000 10
4915000 10
4916000 10
4917000 10
4918000 10
4919000 10
4920000 10
4921000 10
4922000 10
4923000 10
4924000 10
4925000 10
4926000 10
4927000 10
4928000 10
4929000 10
4930000 10
4931000 10
4932000 10
4933000 10
4934000 10
4935000 10
4936000 10
4937000 10
4938000 10
4939000 10
4940000 10
4941000 10
4942000 10
4943000 10
4944000 10
4945000 10
4946000 10
4947000 10
4948000 10
4949000 10
4950000 10
4951000 10
4952000 10
4953000 10
4954000 10
4955000 10
4956000 10
4957000 10
4958000 10
4959000 10
4960000 10
4961000 10
4962000 10
4963000 10
4964000 10
4965000 10
4966000 10
4967000 10
4968000 10
4969000 10
4970000 10
4971000 10
4972000 10
4973000 10
4974000 10
4975000 10
4976000 10
4977000 10
4978000 10
4979000 10
4980000 10
4981000 10
4982000 10
4983000 10
4984000 10
4985000 10
4986000 10
4987000 10
4988000 10
4989000 10
4990000 10
4991000 10
4992000 10
4993000 10
4994000 10
4995000 10
4996000 10
4997000 10
4998000 10
4999000 10
5000000 10
5001000 10
5002000 10
5003000 10
5004000 10
5005000 10
5006000 10
5007000 10
5008000 10
5009000 10
5010000 10
5011000 10
5012000 10
5013000 10
5014000 10
5015000 10
5016000 10
5017000 10
5018000 10
5019000 10
5020000 10
5021000 10
5022000 10
5023000 10
5024000 10
5025000 10
5026000 10
5027000 10
5028000 10
5029000 10
5030000 10
5031000 10
5032000 10
5033000 10
5034000 10
5035000 10
5036000 10
5037000 10
5038000 10
5039000 10
5040000 10
5041000 10
5042000 10
5043000 10
5044000 10
5045000 10
5046000 10
5047000 10
5048000 10
5049000 10
5050000 10
5051000 10
5052000 10
5053000 10
5054000 10
5055000 10
5056000 10
5057000 10
5058000 10
5059000 10
5060000 10
5061000 10
5062000 10
5063000 10
5064000 10
5065000 10
5066000 10
5067000 10
5068000 10
5069000 10
5070000 10
5071000 10
5072000 10
5073000 10
5074000 10
5075000 10
5076000 10
5077000 10
5078000 10
5079000 10
5080000 10
5081000 10
5082000 10
5083000 10
5084000 10
5085000 10
5086000 10
5087000 10
5088000 10
5089000 10
5090000 10
5091000 10
5092000 10
5093000 10
5094000 10
5095000 10
5096000 10
5097000 10
5098000 10
5099000 10
5100000 10
5101000 10
5102000 10
5103000 10
5104000 10
5105000 10
5106000 10
5107000 10
5108000 10
5109000 10
5110000 10
5111000 10
5112000 10
5113000 10
5114000 10
5115000 10
5116000 10
5117000 10
5118000 10
5119000 10
5120000 10
5121000 10
5122000 10
5123000 10
5124000 10
5125000 10
5126000 10
5127000 10
5128000 10
5129000 10
5130000 10
5131000 10
5132000 10
5133000 10
5134000 10
5135000 10
5136000 10
5137000 10
5138000 10
5139000 10
5140000 10
5141000 10
5142000 10
5143000 10
5144000 10
5145000 10
5146000 10
5147000 10
5148000 10
5149000 10
5150000 10
5151000 10
5152000 10
5153000 10
5154000 10
5155000 10
5156000 10
5157000 10
5158000 10
5159000 10
5160000 10
5161000 10
5162000 10
5163000 10
5164000 10
5165000 10
5166000 10
5167000 10
5168000 10
5169000 10
5170000 10
5171000 10
5172000 10
5173000 10
5174000 10
5175000 10
5176000 10
5177000 10
5178000 10
5179000 10
5180000 10
5181000 10
5182000 10
5183000 10
5184000 10
5185000 10
5186000 10
5187000 10
5188000 10
5189000 10
5190000 10
5191000 10
5192000 10
5193000 10
5194000 10
5195000 10
5196000 10
5197000 10
5198000 10
5199000 10
5200000 10
5201000 10
5202000 10
5203000 10
5204000 10
5205000 10
5206000 10
5207000 10
5208000 10
5209000 10
5210000 10
5211000 10
5212000 10
5213000 10
5214000 10
5215000 10
5216000 10
5217000 10
5218000 10
5219000 10
5220000 10
5221000 10
5222000 10
5223000 10
5224000 10
5225000 10
5226000 10
5227000 10
5228000 10
5229000 10
5230000 10
5231000 10
5232000 10
5233000 10
5234000 10
5235000 10
5236000 10
5237000 10
5238000 10
5239000 10
5240000 10
5241000 10
5242000 10
5243000 10
5244000 10
5245000 10
5246000 10
5247000 10
5248000 10
5249000 10
5250000 10
5251000 10
5252000 10
5253000 10
5254000 10
5255000 10
5256000 10
5257000 10
5258000 10
5259000 10
5260000 10
5261000 10
5262000 10
5263000 10
5264000 10
5265000 10
5266000 10
5267000 10
5268000 10
5269000 10
5270000 10
5271000 10
5272000 10
5273000 10
5274000 10
5275000 10
5276000 10
5277000 10
5278000 10
5279000 10
5280000 10
5281000 10
5282000 10
5283000 10
5284000 10
5285000 10
5286000 10
5287000 10
5288000 10
5289000 10
5290000 10
5291000 10
5292000 10
5293000 10
5294000 10
5295000 10
5296000 10
5297000 10
5298000 10
5299000 10
5300000 10
5301000 10
5302000 10
5303000 10
5304000 10
5305000 10
5306000 10
5307000 10
5308000 10
5309000 10
5310000 10
5311000 10
5312000 10
5313000 10
5314000 10
5315000 10
5316000 10
5317000 10
5318000 10
5319000 10
5320000 10
5321000 10
5322000 10
5323000 10
5324000 10
5325000 10
5326000 10
5327000 10
5328000 10
5329000 10
5330000 10
5331000 10
5332000 10
5333000 10
5334000 10
5335000 10
5336000 10
5337000 10
5338000 10
5339000 10
5340000 10
5341000 10
5342000 10
5343000 10
5344000 10
5345000 10
5346000 10
5347000 10
5348000 10
5349000 10
5350000 10
5351000 10
5352000 10
5353000 10
5354000 10
5355000 10
5356000 10
5357000 10
5358000 10
5359000 10
5360000 10
5361000 10
5362000 10
5363000 10
5364000 10
5365000 10
5366000 10
5367000 10
5368000 10
5369000 10
5370000 10
5371000 10
5372000 10
5373000 10
5374000 10
5375000 10
5376000 10
5377000 10
5378000 10
5379000 10
5380000 10
5381000 10
5382000 10
5383000 10
5384000 10
5385000 10
5386000 10
5387000 10
5388000 10
5389000 10
5390000 10
5391000 10
5392000 10
5393000 10
5394000 10
5395000 10
5396000 10
5397000 10
5398000 10
5399000 10
5400000 10
5401000 10
5402000 10
5403000 10
5404000 10
5405000 10
5406000 10
5407000 10
5408000 10
5409000 10
5410000 10
5411000 10
5412000 10
5413000 10
5414000 10
5415000 10
5416000 10
5417000 10
5418000 10
5419000 10
5420000 10
5421000 10
5422000 10
5423000 10
5424000 10
5425000 10
5426000 10
5427000 10
5428000 10
5429000 10
5430000 10
5431000 10
5432000 10
5433000 10
5434000 10
5435000 10
5436000 10
5437000 10
5438000 10
5439000 10
5440000 10
5441000 10
5442000 10
5443000 10
5444000 10
5445000 10
5446000 10
5447000 10
5448000 10
5449000 10
5450000 10
5451000 10
5452000 10
5453000 10
5454000 10
5455000 10
5456000 10
5457000 10
5458000 10
5459000 10
5460000 10
5461000 10
5462000 10
5463000 10
5464000 10
5465000 10
5466000 10
5467000 10
5468000 10
5469000 10
5470000 10
5471000 10
5472000 10
5473000 10
5474000 10
5475000 10
5476000 10
5477000 10
5478000 10
5479000 10
5480000 10
5481000 10
5482000 10
5483000 10
5484000 10
5485000 10
5486000 10
5487000 10
5488000 10
5489000 10
5490000 10
5491000 10
5492000 10
5493000 10
5494000 10
5495000 10
5496000 10
5497000 10
5498000 10
5499000 10
5500000 10
5501000 10
5502000 10
5503000 10
5504000 10
5505000 10
5506000 10
5507000 10
5508000 10
5509000 10
5510000 10
5511000 10
5512000 10
5513000 10
5514000 10
5515000 10
5516000 10
5517000 10
5518000 10
5519000 10
5520000 10
5521000 10
5522000 10
5523000 10
5524000 10
5525000 10
5526000 10
5527000 10
5528000 10
5529000 10
5530000 10
5531000 10
5532000 10
5533000 10
5534000 10
5535000 10
5536000 10
5537000 10
5538000 10
5539000 10
5540000 10
5541000 10
5542000 10
5543000 10
5544000 10
5545000 10
5546000 10
5547000 10
5548000 10
5549000 10
5550000 10
5551000 10
5552000 10
5553000 10
5554000 10
5555000 10
5556000 10
5557000 10
5558000 10
5559000 10
5560000 10
5561000 10
5562000 10
5563000 10
5564000 10
5565000 10
5566000 10
5567000 10
5568000 10
5569000 10
5570000 10
5571000 10
5572000 10
5573000 10
5574000 10
5575000 10
5576000 10
5577000 10
5578000 10
5579000 10
5580000 10
5581000 10
5582000 10
5583000 10
5584000 10
5585000 10
5586000 10
5587000 10
5588000 10
5589000 10
5590000 10
5591000 10
5592000 10
5593000 10
5594000 10
5595000 10
5596000 10
5597000 10
5598000 10
5599000 10
5600000 10
5601000 10
5602000 10
5603000 10
5604000 10
5605000 10
5606000 10
5607000 10
5608000 10
5609000 10
5610000 10
5611000 10
5612000 10
5613000 10
5614000 10
5615000 10
5616000 10
5617000 10
5618000 10
5619000 10
5620000 10
5621000 10
5622000 10
5623000 10
5624000 10
5625000 10
5626000 10
5627000 10
5628000 10
5629000 10
5630000 10
5631000 10
5632000 10
5633000 10
5634000 10
5635000 10
5636000 10
5637000 10
5638000 10
5639000 10
5640000 10
5641000 10
5642000 10
5643000 10
5644000 10
5645000 10
5646000 10
5647000 10
5648000 10
5649000 10
5650000 10
5651000 10
5652000 10
5653000 10
5654000 10
5655000 10
5656000 10
5657000 10
5658000 10
5659000 10
5660000 10
5661000 10
5662000 10
5663000 10
5664000 10
5665000 10
5666000 10
5667000 10
5668000 10
5669000 10
5670000 10
5671000 10
5672000 10
5673000 10
5674000 10
5675000 10
5676000 10
5677000 10
5678000 10
5679000 10
5680000 10
5681000 10
5682000 10
5683000 10
5684000 10
5685000 10
5686000 10
5687000 10
5688000 10
5689000 10
5690000 10
5691000 10
5692000 10
5693000 10
5694000 10
5695000 10
5696000 10
5697000 10
5698000 10
5699000 10
5700000 10
5701000 10
5702000 10
5703000 10
5704000 10
5705000 10
5706000 10
5707000 10
5708000 10
5709000 10
5710000 10
5711000 10
5712000 10
5713000 10
5714000 10
5715000 10
5716000 10
5717000 10
5718000 10
5719000 10
5720000 10
5721000 10
5722000 10
5723000 10
5724000 10
5725000 10
5726000 10
5727000 10
5728000 10
5729000 10
5730000 10
5731000 10
5732000 10
5733000 10
5734000 10
5735000 10
5736000 10
5737000 10
5738000 10
5739000 10
5740000 10
5741000 10
5742000 10
5743000 10
5744000 10
5745000 10
5746000 10
5747000 10
5748000 10
5749000 10
5750000 10
5751000 10
5752000 10
5753000 10
5754000 10
5755000 10
5756000 10
5757000 10
5758000 10
5759000 10
5760000 10
5761000 10
5762000 10
5763000 10
5764000 10
5765000 10
5766000 10
5767000 10
5768000 10
5769000 10
5770000 10
5771000 10
5772000 10
5773000 10
5774000 10
5775000 10
5776000 10
5777000 10
5778000 10
5779000 10
5780000 10
5781000 10
5782000 10
5783000 10
5784000 10
5785000 10
5786000 10
5787000 10
5788000 10
5789000 10
5790000 10
5791000 10
5792000 10
5793000 10
5794000 10
5795000 10
5796000 10
5797000 10
5798000 10
5799000 10
5800000 10
5801000 10
5802000 10
5803000 10
5804000 10
5805000 10
5806000 10
5807000 10
5808000 10
5809000 10
5810000 10
5811000 10
5812000 10
5813000 10
5814000 10
5815000 10
5816000 10
5817000 10
5818000 10
5819000 10
5820000 10
5821000 10
5822000 10
5823000 10
5824000 10
5825000 10
5826000 10
5827000 10
5828000 10
5829000 10
5830000 10
5831000 10
5832000 10
5833000 10
5834000 10
5835000 10
5836000 10
5837000 10
5838000 10
5839000 10
5840000 10
5841000 10
5842000 10
5843000 10
5844000 10
5845000 10
5846000 10
5847000 10
5848000 10
5849000 10
5850000 10
5851000 10
5852000 10
5853000 10
5854000 10
5855000 10
5856000 10
5857000 10
5858000 10
5859000 10
5860000 10
5861000 10
5862000 10
5863000 10
5864000 10
5865000 10
5866000 10
5867000 10
5868000 10
5869000 10
5870000 10
5871000 10
5872000 10
5873000 10
5874000 10
5875000 10
5876000 10
5877000 10
5878000 10
5879000 10
5880000 10
5881000 10
5882000 10
5883000 10
5884000 10
5885000 10
5886000 10
5887000 10
5888000 10
5889000 10
5890000 10
5891000 10
5892000 10
5893000 10
5894000 10
5895000 10
5896000 10
5897000 10
5898000 10
5899000 10
5900000 10
5901000 10
5902000 10
5903000 10
5904000 10
5905000 10
5906000 10
5907000 10
5908000 10
5909000 10
5910000 10
5911000 10
5912000 10
5913000 10
5914000 10
5915000 10
5916000 10
5917000 10
5918000 10
5919000 10
5920000 10
5921000 10
5922000 10
5923000 10
5924000 10
5925000 10
5926000 10
5927000 10
5928000 10
5929000 10
5930000 10
5931000 10
5932000 10
5933000 10
5934000 10
5935000 10
5936000 10
5937000 10
5938000 10
5939000 10
5940000 10
5941000 10
5942000 10
5943000 10
5944000 10
5945000 10
5946000 10
5947000 10
5948000 10
5949000 10
5950000 10
5951000 10
5952000 10
5953000 10
5954000 10
5955000 10
5956000 10
5957000 10
5958000 10
5959000 10
5960000 10
5961000 10
5962000 10
5963000 10
5964000 10
5965000 10
5966000 10
5967000 10
5968000 10
5969000 10
5970000 10
5971000 10
5972000 10
5973000 10
5974000 10
5975000 10
5976000 10
5977000 10
5978000 10
5979000 10
5980000 10
5981000 10
5982000 10
5983000 10
5984000 10
5985000 10
5986000 10
5987000 10
5988000 10
5989000 10
5990000 10
5991000 10
5992000 10
5993000 10
5994000 10
5995000 10
5996000 10
5997000 10
5998000 10
5999000 10
6000000 10
6001000 10
6002000 10
6003000 10
6004000 10
6005000 10
6006000 10
6007000 10
6008000 10
6009000 10
6010000 10
6011000 10
6012000 10
6013000 10
6014000 10
6015000 10
6016000 10
6017000 10
6018000 10
6019000 10
6020000 10
6021000 10
6022000 10
6023000 10
6024000 10
6025000 10
6026000 10
6027000 10
6028000 10
6029000 10
6030000 10
6031000 10
6032000 10
6033000 10
6034000 10
6035000 10
6036000 10
6037000 10
6038000 10
6039000 10
6040000 10
6041000 10
6042000 10
6043000 10
6044000 10
6045000 10
6046000 10
6047000 10
6048000 10
6049000 10
6050000 10
6051000 10
6052000 10
6053000 10
6054000 10
6055000 10
6056000 10
6057000 10
6058000 10
6059000 10
6060000 10
6061000 10
6062000 10
6063000 10
6064000 10
6065000 10
6066000 10
6067000 10
6068000 10
6069000 10
6070000 10
6071000 10
6072000 10
6073000 10
6074000 10
6075000 10
6076000 10
6077000 10
6078000 10
6079000 10
6080000 10
6081000 10
6082000 10
6083000 10
6084000 10
6085000 10
6086000 10
6087000 10
6088000 10
6089000 10
6090000 10
6091000 10
6092000 10
6093000 10
6094000 10
6095000 10
6096000 10
6097000 10
6098000 10
6099000 10
6100000 10
6101000 10
6102000 10
6103000 10
6104000 10
6105000 10
6106000 10
6107000 10
6108000 10
6109000 10
6110000 10
6111000 10
6112000 10
6113000 10
6114000 10
6115000 10
6116000 10
6117000 10
6118000 10
6119000 10
6120000 10
6121000 10
6122000 10
6123000 10
6124000 10
6125000 10
6126000 10
6127000 10
6128000 10
6129000 10
6130000 10
6131000 10
6132000 10
6133000 10
6134000 10
6135000 10
6136000 10
6137000 10
6138000 10
6139000 10
6140000 10
6141000 10
6142000 10
6143000 10
6144000 10
6145000 10
6146000 10
6147000 10
6148000 10
6149000 10
6150000 10
6151000 10
6152000 10
6153000 10
6154000 10
6155000 10
6156000 10
6157000 10
6158000 10
6159000 10
6160000 10
6161000 10
6162000 10
6163000 10
6164000 10
6165000 10
6166000 10
6167000 10
6168000 10
6169000 10
6170000 10
6171000 10
6172000 10
6173000 10
6174000 10
6175000 10
6176000 10
6177000 10
6178000 10
6179000 10
6180000 10
6181000 10
6182000 10
6183000 10
6184000 10
6185000 10
6186000 10
6187000 10
6188000 10
6189000 10
6190000 10
6191000 10
6192000 10
6193000 10
6194000 10
6195000 10
6196000 10
6197000 10
6198000 10
6199000 10
6200000 10
6201000 10
6202000 10
6203000 10
6204000 10
6205000 10
6206000 10
6207000 10
6208000 10
6209000 10
6210000 10
6211000 10
6212000 10
6213000 10
6214000 10
6215000 10
6216000 10
6217000 10
6218000 10
6219000 10
6220000 10
6221000 10
6222000 10
6223000 10
6224000 10
6225000 10
6226000 10
6227000 10
6228000 10
6229000 10
6230000 10
6231000 10
6232000 10
6233000 10
6234000 10
6235000 10
6236000 10
6237000 10
6238000 10
6239000 10
6240000 10
6241000 10
6242000 10
6243000 10
6244000 10
6245000 10
6246000 10
6247000 10
6248000 10
6249000 10
6250000 10
6251000 10
6252000 10
6253000 10
6254000 10
6255000 10
6256000 10
6257000 10
6258000 10
6259000 10
6260000 10
6261000 10
6262000 10
6263000 10
6264000 10
6265000 10
6266000 10
6267000 10
6268000 10
6269000 10
6270000 10
6271000 10
6272000 10
6273000 10
6274000 10
6275000 10
6276000 10
6277000 10
6278000 10
6279000 10
6280000 10
6281000 10
6282000 10
6283000 10
6284000 10
6285000 10
6286000 10
6287000 10
6288000 10
6289000 10
6290000 10
6291000 10
6292000 10
6293000 10
6294000 10
6295000 10
6296000 10
6297000 10
6298000 10
6299000 10
6300000 10
6301000 10
6302000 10
6303000 10
6304000 10
6305000 10
6306000 10
6307000 10
6308000 10
6309000 10
6310000 10
6311000 10
6312000 10
6313000 10
6314000 10
6315000 10
6316000 10
6317000 10
6318000 10
6319000 10
6320000 10
6321000 10
6322000 10
6323000 10
6324000 10
6325000 10
6326000 10
6327000 10
6328000 10
6329000 10
6330000 10
6331000 10
6332000 10
6333000 10
6334000 10
6335000 10
6336000 10
6337000 10
6338000 10
6339000 10
6340000 10
6341000 10
6342000 10
6343000 10
6344000 10
6345000 10
6346000 10
6347000 10
6348000 10
6349000 10
6350000 10
6351000 10
6352000 10
6353000 10
6354000 10
6355000 10
6356000 10
6357000 10
6358000 10
6359000 10
6360000 10
6361000 10
6362000 10
6363000 10
6364000 10
6365000 10
6366000 10
6367000 10
6368000 10
6369000 10
6370000 10
6371000 10
6372000 10
6373000 10
6374000 10
6375000 10
6376000 10
6377000 10
6378000 10
6379000 10
6380000 10
6381000 10
6382000 10
6383000 10
6384000 10
6385000 10
6386000 10
6387000 10
6388000 10
6389000 10
6390000 10
6391000 10
6392000 10
6393000 10
6394000 10
6395000 10
6396000 10
6397000 10
6398000 10
6399000 10
6400000 10
6401000 10
6402000 10
6403000 10
6404000 10
6405000 10
6406000 10
6407000 10
6408000 10
6409000 10
6410000 10
6411000 10
6412000 10
6413000 10
6414000 10
6415000 10
6416000 10
6417000 10
6418000 10
6419000 10
6420000 10
6421000 10
6422000 10
6423000 10
6424000 10
6425000 10
6426000 10
6427000 10
6428000 10
6429000 10
6430000 10
6431000 10
6432000 10
6433000 10
6434000 10
6435000 10
6436000 10
6437000 10
6438000 10
6439000 10
6440000 10
6441000 10
6442000 10
6443000 10
6444000 10
6445000 10
6446000 10
6447000 10
6448000 10
6449000 10
6450000 10
6451000 10
6452000 10
6453000 10
6454000 10
6455000 10
6456000 10
6457000 10
6458000 10
6459000 10
6460000 10
6461000 10
6462000 10
6463000 10
6464000 10
6465000 10
6466000 10
6467000 10
6468000 10
6469000 10
6470000 10
6471000 10
6472000 10
6473000 10
6474000 10
6475000 10
6476000 10
6477000 10
6478000 10
6479000 10
6480000 10
6481000 10
6482000 10
6483000 10
6484000 10
6485000 10
6486000 10
6487000 10
6488000 10
6489000 10
6490000 10
6491000 10
6492000 10
6493000 10
6494000 10
6495000 10
6496000 10
6497000 10
6498000 10
6499000 10
6500000 10
6501000 10
6502000 10
6503000 10
6504000 10
6505000 10
6506000 10
6507000 10
6508000 10
6509000 10
6510000 10
6511000 10
6512000 10
6513000 10
6514000 10
6515000 10
6516000 10
6517000 10
6518000 10
6519000 10
6520000 10
6521000 10
6522000 10
6523000 10
6524000 10
6525000 10
6526000 10
6527000 10
6528000 10
6529000 10
6530000 10
6531000 10
6532000 10
6533000 10
6534000 10
6535000 10
6536000 10
6537000 10
6538000 10
6539000 10
6540000 10
6541000 10
6542000 10
6543000 10
6544000 10
6545000 10
6546000 10
6547000 10
6548000 10
6549000 10
6550000 10
6551000 10
6552000 10
6553000 10
6554000 10
6555000 10
6556000 10
6557000 10
6558000 10
6559000 10
6560000 10
6561000 10
6562000 10
6563000 10
6564000 10
6565000 10
6566000 10
6567000 10
6568000 10
6569000 10
6570000 10
6571000 10
6572000 10
6573000 10
6574000 10
6575000 10
6576000 10
6577000 10
6578000 10
6579000 10
6580000 10
6581000 10
6582000 10
6583000 10
6584000 10
6585000 10
6586000 10
6587000 10
6588000 10
6589000 10
6590000 10
6591000 10
6592000 10
6593000 10
6594000 10
6595000 10
6596000 10
6597000 10
6598000 10
6599000 10
6600000 10
6601000 10
6602000 10
6603000 10
6604000 10
6605000 10
6606000 10
6607000 10
6608000 10
6609000 10
6610000 10
6611000 10
6612000 10
6613000 10
6614000 10
6615000 10
6616000 10
6617000 10
6618000 10
6619000 10
6620000 10
6621000 10
6622000 10
6623000 10
6624000 10
6625000 10
6626000 10
6627000 10
6628000 10
6629000 10
6630000 10
6631000 10
6632000 10
6633000 10
6634000 10
6635000 10
6636000 10
6637000 10
6638000 10
6639000 10
6640000 10
6641000 10
6642000 10
6643000 10
6644000 10
6645000 10
6646000 10
6647000 10
6648000 10
6649000 10
6650000 10
6651000 10
6652000 10
6653000 10
6654000 10
6655000 10
6656000 10
6657000 10
6658000 10
6659000 10
6660000 10
6661000 10
6662000 10
6663000 10
6664000 10
6665000 10
6666000 10
6667000 10
6668000 10
6669000 10
6670000 10
6671000 10
6672000 10
6673000 10
6674000 10
6675000 10
6676000 10
6677000 10
6678000 10
6679000 10
6680000 10
6681000 10
6682000 10
6683000 10
6684000 10
6685000 10
6686000 10
6687000 10
6688000 10
6689000 10
6690000 10
6691000 10
6692000 10
6693000 10
6694000 10
6695000 10
6696000 10
6697000 10
6698000 10
6699000 10
6700000 10
6701000 10
6702000 10
6703000 10
6704000 10
6705000 10
6706000 10
6707000 10
6708000 10
6709000 10
6710000 10
6711000 10
6712000 10
6713000 10
6714000 10
6715000 10
6716000 10
6717000 10
6718000 10
6719000 10
6720000 10
6721000 10
6722000 10
6723000 10
6724000 10
6725000 10
6726000 10
6727000 10
6728000 10
6729000 10
6730000 10
6731000 10
6732000 10
6733000 10
6734000 10
6735000 10
6736000 10
6737000 10
6738000 10
6739000 10
6740000 10
6741000 10
6742000 10
6743000 10
6744000 10
6745000 10
6746000 10
6747000 10
6748000 10
6749000 10
6750000 10
6751000 10
6752000 10
6753000 10
6754000 10
6755000 10
6756000 10
6757000 10
6758000 10
6759000 10
6760000 10
6761000 10
6762000 10
6763000 10
6764000 10
6765000 10
6766000 10
6767000 10
6768000 10
6769000 10
6770000 10
6771000 10
6772000 10
6773000 10
6774000 10
6775000 10
6776000 10
6777000 10
6778000 10
6779000 10
6780000 10
6781000 10
6782000 10
6783000 10
6784000 10
6785000 10
6786000 10
6787000 10
6788000 10
6789000 10
6790000 10
6791000 10
6792000 10
6793000 10
6794000 10
6795000 10
6796000 10
6797000 10
6798000 10
6799000 10
6800000 10
6801000 10
6802000 10
6803000 10
6804000 10
6805000 10
6806000 10
6807000 10
6808000 10
6809000 10
6810000 10
6811000 10
6812000 10
6813000 10
6814000 10
6815000 10
6816000 10
6817000 10
6818000 10
6819000 10
6820000 10
6821000 10
6822000 10
6823000 10
6824000 10
6825000 10
6826000 10
6827000 10
6828000 10
6829000 10
6830000 10
6831000 10
6832000 10
6833000 10
6834000 10
6835000 10
6836000 10
6837000 10
6838000 10
6839000 10
6840000 10
6841000 10
6842000 10
6843000 10
6844000 10
6845000 10
6846000 10
6847000 10
6848000 10
6849000 10
6850000 10
6851000 10
6852000 10
6853000 10
6854000 10
6855000 10
6856000 10
6857000 10
6858000 10
6859000 10
6860000 10
6861000 10
6862000 10
6863000 10
6864000 10
6865000 10
6866000 10
6867000 10
6868000 10
6869000 10
6870000 10
6871000 10
6872000 10
6873000 10
6874000 10
6875000 10
6876000 10
6877000 10
6878000 10
6879000 10
6880000 10
6881000 10
6882000 10
6883000 10
6884000 10
6885000 10
6886000 10
6887000 10
6888000 10
6889000 10
6890000 10
6891000 10
6892000 10
6893000 10
6894000 10
6895000 10
6896000 10
6897000 10
6898000 10
6899000 10
6900000 10
6901000 10
6902000 10
6903000 10
6904000 10
6905000 10
6906000 10
6907000 10
6908000 10
6909000 10
6910000 10
6911000 10
6912000 10
6913000 10
6914000 10
6915000 10
6916000 10
6917000 10
6918000 10
6919000 10
6920000 10
6921000 10
6922000 10
6923000 10
6924000 10
6925000 10
6926000 10
6927000 10
6928000 10
6929000 10
6930000 10
6931000 10
6932000 10
6933000 10
6934000 10
6935000 10
6936000 10
6937000 10
6938000 10
6939000 10
6940000 10
6941000 10
6942000 10
6943000 10
6944000 10
6945000 10
6946000 10
6947000 10
6948000 10
6949000 10
6950000 10
6951000 10
6952000 10
6953000 10
6954000 10
6955000 10
6956000 10
6957000 10
6958000 10
6959000 10
6960000 10
6961000 10
6962000 10
6963000 10
6964000 10
6965000 10
6966000 10
6967000 10
6968000 10
6969000 10
6970000 10
6971000 10
6972000 10
6973000 10
6974000 10
6975000 10
6976000 10
6977000 10
6978000 10
6979000 10
6980000 10
6981000 10
6982000 10
6983000 10
6984000 10
6985000 10
6986000 10
6987000 10
6988000 10
6989000 10
6990000 10
6991000 10
6992000 10
6993000 10
6994000 10
6995000 10
6996000 10
6997000 10
6998000 10
6999000 10
