# frame 	 heights
0 9
1000 9
2000 9
3000 9
4000 9
5000 9
6000 9
7000 9
8000 9
9000 9
10000 9
11000 9
12000 9
13000 9
14000 9
15000 9
16000 9
17000 9
18000 9
19000 9
20000 9
21000 9
22000 9
23000 9
24000 9
25000 9
26000 9
27000 9
28000 9
29000 9
30000 9
31000 9
32000 9
33000 9
34000 9
35000 9
36000 9
37000 9
38000 9
39000 9
40000 9
41000 9
42000 9
43000 9
44000 9
45000 9
46000 9
47000 9
48000 9
49000 9
50000 9
51000 9
52000 9
53000 9
54000 9
55000 9
56000 9
57000 9
58000 9
59000 9
60000 9
61000 9
62000 9
63000 9
64000 9
65000 9
66000 9
67000 9
68000 9
69000 9
70000 9
71000 9
72000 9
73000 9
74000 9
75000 9
76000 9
77000 9
78000 9
79000 9
80000 9
81000 9
82000 9
83000 9
84000 9
85000 9
86000 9
87000 9
88000 9
89000 9
90000 9
91000 9
92000 9
93000 9
94000 9
95000 9
96000 9
97000 9
98000 9
99000 9
100000 9
101000 9
102000 9
103000 9
104000 9
105000 9
106000 9
107000 9
108000 9
109000 9
110000 9
111000 9
112000 9
113000 9
114000 9
115000 9
116000 9
117000 9
118000 9
119000 9
120000 9
121000 9
122000 9
123000 9
124000 9
125000 9
126000 9
127000 9
128000 9
129000 9
130000 9
131000 9
132000 9
133000 9
134000 9
135000 9
136000 9
137000 9
138000 9
139000 9
140000 9
141000 9
142000 9
143000 9
144000 9
145000 9
146000 9
147000 9
148000 9
149000 9
150000 9
151000 9
152000 9
153000 9
154000 9
155000 9
156000 9
157000 9
158000 9
159000 9
160000 9
161000 9
162000 9
163000 9
164000 9
165000 9
166000 9
167000 9
168000 9
169000 9
170000 9
171000 9
172000 9
173000 9
174000 9
175000 9
176000 9
177000 9
178000 9
179000 9
180000 9
181000 9
182000 9
183000 9
184000 9
185000 9
186000 9
187000 9
188000 9
189000 9
190000 9
191000 9
192000 9
193000 9
194000 9
195000 9
196000 9
197000 9
198000 9
199000 9
200000 9
201000 9
202000 9
203000 9
204000 9
205000 9
206000 9
207000 9
208000 9
209000 9
210000 9
211000 9
212000 9
213000 9
214000 9
215000 9
216000 9
217000 9
218000 9
219000 9
220000 9
221000 9
222000 9
223000 9
224000 9
225000 9
226000 9
227000 9
228000 9
229000 9
230000 9
231000 9
232000 9
233000 9
234000 9
235000 9
236000 9
237000 9
238000 9
239000 9
240000 9
241000 9
242000 9
243000 9
244000 9
245000 9
246000 9
247000 9
248000 9
249000 9
250000 9
251000 9
252000 9
253000 9
254000 9
255000 9
256000 9
257000 9
258000 9
259000 9
260000 9
261000 9
262000 9
263000 9
264000 9
265000 9
266000 9
267000 9
268000 9
269000 9
270000 9
271000 9
272000 9
273000 9
274000 9
275000 9
276000 9
277000 9
278000 9
279000 9
280000 9
281000 9
282000 9
283000 9
284000 9
285000 9
286000 9
287000 9
288000 9
289000 9
290000 9
291000 9
292000 9
293000 9
294000 9
295000 9
296000 9
297000 9
298000 9
299000 9
300000 9
301000 9
302000 9
303000 9
304000 9
305000 9
306000 9
307000 9
308000 9
309000 9
310000 9
311000 9
312000 9
313000 9
314000 9
315000 9
316000 9
317000 9
318000 9
319000 9
320000 9
321000 9
322000 9
323000 9
324000 9
325000 9
326000 9
327000 9
328000 9
329000 9
330000 9
331000 9
332000 9
333000 9
334000 9
335000 9
336000 9
337000 9
338000 9
339000 9
340000 9
341000 9
342000 9
343000 9
344000 9
345000 9
346000 9
347000 9
348000 9
349000 9
350000 9
351000 9
352000 9
353000 9
354000 9
355000 9
356000 9
357000 9
358000 9
359000 9
360000 9
361000 9
362000 9
363000 9
364000 9
365000 9
366000 9
367000 9
368000 9
369000 9
370000 9
371000 9
372000 9
373000 9
374000 9
375000 9
376000 9
377000 9
378000 9
379000 9
380000 9
381000 9
382000 9
383000 9
384000 9
385000 9
386000 9
387000 9
388000 9
389000 9
390000 9
391000 9
392000 9
393000 9
394000 9
395000 9
396000 9
397000 9
398000 9
399000 9
400000 9
401000 9
402000 9
403000 9
404000 9
405000 9
406000 9
407000 9
408000 9
409000 9
410000 9
411000 9
412000 9
413000 9
414000 9
415000 9
416000 9
417000 9
418000 9
419000 9
420000 9
421000 9
422000 9
423000 9
424000 9
425000 9
426000 9
427000 9
428000 9
429000 9
430000 9
431000 9
432000 9
433000 9
434000 9
435000 9
436000 9
437000 9
438000 9
439000 9
440000 9
441000 9
442000 9
443000 9
444000 9
445000 9
446000 9
447000 9
448000 9
449000 9
450000 9
451000 9
452000 9
453000 9
454000 9
455000 9
456000 9
457000 9
458000 9
459000 9
460000 9
461000 9
462000 9
463000 9
464000 9
465000 9
466000 9
467000 9
468000 9
469000 9
470000 9
471000 9
472000 9
473000 9
474000 9
475000 9
476000 9
477000 9
478000 9
479000 9
480000 9
481000 9
482000 9
483000 9
484000 9
485000 9
486000 9
487000 9
488000 9
489000 9
490000 9
491000 9
492000 9
493000 9
494000 9
495000 9
496000 9
497000 9
498000 9
499000 9
500000 9
501000 9
502000 9
503000 9
504000 9
505000 9
506000 9
507000 9
508000 9
509000 9
510000 9
511000 9
512000 9
513000 9
514000 9
515000 9
516000 9
517000 9
518000 9
519000 9
520000 9
521000 9
522000 9
523000 9
524000 9
525000 9
526000 9
527000 9
528000 9
529000 9
530000 9
531000 9
532000 9
533000 9
534000 9
535000 9
536000 9
537000 9
538000 9
539000 9
540000 9
541000 9
542000 9
543000 9
544000 9
545000 9
546000 9
547000 9
548000 9
549000 9
550000 9
551000 9
552000 9
553000 9
554000 9
555000 9
556000 9
557000 9
558000 9
559000 9
560000 9
561000 9
562000 9
563000 9
564000 9
565000 9
566000 9
567000 9
568000 9
569000 9
570000 9
571000 9
572000 9
573000 9
574000 9
575000 9
576000 9
577000 9
578000 9
579000 9
580000 9
581000 9
582000 9
583000 9
584000 9
585000 9
586000 9
587000 9
588000 9
589000 9
590000 9
591000 9
592000 9
593000 9
594000 9
595000 9
596000 9
597000 9
598000 9
599000 9
600000 9
601000 9
602000 9
603000 9
604000 9
605000 9
606000 9
607000 9
608000 9
609000 9
610000 9
611000 9
612000 9
613000 9
614000 9
615000 9
616000 9
617000 9
618000 9
619000 9
620000 9
621000 9
622000 9
623000 9
624000 9
625000 9
626000 9
627000 9
628000 9
629000 9
630000 9
631000 9
632000 9
633000 9
634000 9
635000 9
636000 9
637000 9
638000 9
639000 9
640000 9
641000 9
642000 9
643000 9
644000 9
645000 9
646000 9
647000 9
648000 9
649000 9
650000 9
651000 9
652000 9
653000 9
654000 9
655000 9
656000 9
657000 9
658000 9
659000 9
660000 9
661000 9
662000 9
663000 9
664000 9
665000 9
666000 9
667000 9
668000 9
669000 9
670000 9
671000 9
672000 9
673000 9
674000 9
675000 9
676000 9
677000 9
678000 9
679000 9
680000 9
681000 9
682000 9
683000 9
684000 9
685000 9
686000 9
687000 9
688000 9
689000 9
690000 9
691000 9
692000 9
693000 9
694000 9
695000 9
696000 9
697000 9
698000 9
699000 9
700000 9
701000 9
702000 9
703000 9
704000 9
705000 9
706000 9
707000 9
708000 9
709000 9
710000 9
711000 9
712000 9
713000 9
714000 9
715000 9
716000 9
717000 9
718000 9
719000 9
720000 9
721000 9
722000 9
723000 9
724000 9
725000 9
726000 9
727000 9
728000 9
729000 9
730000 9
731000 9
732000 9
733000 9
734000 9
735000 9
736000 9
737000 9
738000 9
739000 9
740000 9
741000 9
742000 9
743000 9
744000 9
745000 9
746000 9
747000 9
748000 9
749000 9
750000 9
751000 9
752000 9
753000 9
754000 9
755000 9
756000 9
757000 9
758000 9
759000 9
760000 9
761000 9
762000 9
763000 9
764000 9
765000 9
766000 9
767000 9
768000 9
769000 9
770000 9
771000 9
772000 9
773000 9
774000 9
775000 9
776000 9
777000 9
778000 9
779000 9
780000 9
781000 9
782000 9
783000 9
784000 9
785000 9
786000 9
787000 9
788000 9
789000 9
790000 9
791000 9
792000 9
793000 9
794000 9
795000 9
796000 9
797000 9
798000 9
799000 9
800000 9
801000 9
802000 9
803000 9
804000 9
805000 9
806000 9
807000 9
808000 9
809000 9
810000 9
811000 9
812000 9
813000 9
814000 9
815000 9
816000 9
817000 9
818000 9
819000 9
820000 9
821000 9
822000 9
823000 9
824000 9
825000 9
826000 9
827000 9
828000 9
829000 9
830000 9
831000 9
832000 9
833000 9
834000 9
835000 9
836000 9
837000 9
838000 9
839000 9
840000 9
841000 9
842000 9
843000 9
844000 9
845000 9
846000 9
847000 9
848000 9
849000 9
850000 9
851000 9
852000 9
853000 9
854000 9
855000 9
856000 9
857000 9
858000 9
859000 9
860000 9
861000 9
862000 9
863000 9
864000 9
865000 9
866000 9
867000 9
868000 9
869000 9
870000 9
871000 9
872000 9
873000 9
874000 9
875000 9
876000 9
877000 9
878000 9
879000 9
880000 9
881000 9
882000 9
883000 9
884000 9
885000 9
886000 9
887000 9
888000 9
889000 9
890000 9
891000 9
892000 9
893000 9
894000 9
895000 9
896000 9
897000 9
898000 9
899000 9
900000 9
901000 9
902000 9
903000 9
904000 9
905000 9
906000 9
907000 9
908000 9
909000 9
910000 9
911000 9
912000 9
913000 9
914000 9
915000 9
916000 9
917000 9
918000 9
919000 9
920000 9
921000 9
922000 9
923000 9
924000 9
925000 9
926000 9
927000 9
928000 9
929000 9
930000 9
931000 9
932000 9
933000 9
934000 9
935000 9
936000 9
937000 9
938000 9
939000 9
940000 9
941000 9
942000 9
943000 9
944000 9
945000 9
946000 9
947000 9
948000 9
949000 9
950000 9
951000 9
952000 9
953000 9
954000 9
955000 9
956000 9
957000 9
958000 9
959000 9
960000 9
961000 9
962000 9
963000 9
964000 9
965000 9
966000 9
967000 9
968000 9
969000 9
970000 9
971000 9
972000 9
973000 9
974000 9
975000 9
976000 9
977000 9
978000 9
979000 9
980000 9
981000 9
982000 9
983000 9
984000 9
985000 9
986000 9
987000 9
988000 9
989000 9
990000 9
991000 9
992000 9
993000 9
994000 9
995000 9
996000 9
997000 9
998000 9
999000 9
1000000 9
1001000 9
1002000 9
1003000 9
1004000 9
1005000 9
1006000 9
1007000 9
1008000 9
1009000 9
1010000 9
1011000 9
1012000 9
1013000 9
1014000 9
1015000 9
1016000 9
1017000 9
1018000 9
1019000 9
1020000 9
1021000 9
1022000 9
1023000 9
1024000 9
1025000 9
1026000 9
1027000 9
1028000 9
1029000 9
1030000 9
1031000 9
1032000 9
1033000 9
1034000 9
1035000 9
1036000 9
1037000 9
1038000 9
1039000 9
1040000 9
1041000 9
1042000 9
1043000 9
1044000 9
1045000 9
1046000 9
1047000 9
1048000 9
1049000 9
1050000 9
1051000 9
1052000 9
1053000 9
1054000 9
1055000 9
1056000 9
1057000 9
1058000 9
1059000 9
1060000 9
1061000 9
1062000 9
1063000 9
1064000 9
1065000 9
1066000 9
1067000 9
1068000 9
1069000 9
1070000 9
1071000 9
1072000 9
1073000 9
1074000 9
1075000 9
1076000 9
1077000 9
1078000 9
1079000 9
1080000 9
1081000 9
1082000 9
1083000 9
1084000 9
1085000 9
1086000 9
1087000 9
1088000 9
1089000 9
1090000 9
1091000 9
1092000 9
1093000 9
1094000 9
1095000 9
1096000 9
1097000 9
1098000 9
1099000 9
1100000 9
1101000 9
1102000 9
1103000 9
1104000 9
1105000 9
1106000 9
1107000 9
1108000 9
1109000 9
1110000 9
1111000 9
1112000 9
1113000 9
1114000 9
1115000 9
1116000 9
1117000 9
1118000 9
1119000 9
1120000 9
1121000 9
1122000 9
1123000 9
1124000 9
1125000 9
1126000 9
1127000 9
1128000 9
1129000 9
1130000 9
1131000 9
1132000 9
1133000 9
1134000 9
1135000 9
1136000 9
1137000 9
1138000 9
1139000 9
1140000 9
1141000 9
1142000 9
1143000 9
1144000 9
1145000 9
1146000 9
1147000 9
1148000 9
1149000 9
1150000 9
1151000 9
1152000 9
1153000 9
1154000 9
1155000 9
1156000 9
1157000 9
1158000 9
1159000 9
1160000 9
1161000 9
1162000 9
1163000 9
1164000 9
1165000 9
1166000 9
1167000 9
1168000 9
1169000 9
1170000 9
1171000 9
1172000 9
1173000 9
1174000 9
1175000 9
1176000 9
1177000 9
1178000 9
1179000 9
1180000 9
1181000 9
1182000 9
1183000 9
1184000 9
1185000 9
1186000 9
1187000 9
1188000 9
1189000 9
1190000 9
1191000 9
1192000 9
1193000 9
1194000 9
1195000 9
1196000 9
1197000 9
1198000 9
1199000 9
1200000 9
1201000 9
1202000 9
1203000 9
1204000 9
1205000 9
1206000 9
1207000 9
1208000 9
1209000 9
1210000 9
1211000 9
1212000 9
1213000 9
1214000 9
1215000 9
1216000 9
1217000 9
1218000 9
1219000 9
1220000 9
1221000 9
1222000 9
1223000 9
1224000 9
1225000 9
1226000 9
1227000 9
1228000 9
1229000 9
1230000 9
1231000 9
1232000 9
1233000 9
1234000 9
1235000 9
1236000 9
1237000 9
1238000 9
1239000 9
1240000 9
1241000 9
1242000 9
1243000 9
1244000 9
1245000 9
1246000 9
1247000 9
1248000 9
1249000 9
1250000 9
1251000 9
1252000 9
1253000 9
1254000 9
1255000 9
1256000 9
1257000 9
1258000 9
1259000 9
1260000 9
1261000 9
1262000 9
1263000 9
1264000 9
1265000 9
1266000 9
1267000 9
1268000 9
1269000 9
1270000 9
1271000 9
1272000 9
1273000 9
1274000 9
1275000 9
1276000 9
1277000 9
1278000 9
1279000 9
1280000 9
1281000 9
1282000 9
1283000 9
1284000 9
1285000 9
1286000 9
1287000 9
1288000 9
1289000 9
1290000 9
1291000 9
1292000 9
1293000 9
1294000 9
1295000 9
1296000 9
1297000 9
1298000 9
1299000 9
1300000 9
1301000 9
1302000 9
1303000 9
1304000 9
1305000 9
1306000 9
1307000 9
1308000 9
1309000 9
1310000 9
1311000 9
1312000 9
1313000 9
1314000 9
1315000 9
1316000 9
1317000 9
1318000 9
1319000 9
1320000 9
1321000 9
1322000 9
1323000 9
1324000 9
1325000 9
1326000 9
1327000 9
1328000 9
1329000 9
1330000 9
1331000 9
1332000 9
1333000 9
1334000 9
1335000 9
1336000 9
1337000 9
1338000 9
1339000 9
1340000 9
1341000 9
1342000 9
1343000 9
1344000 9
1345000 9
1346000 9
1347000 9
1348000 9
1349000 9
1350000 9
1351000 9
1352000 9
1353000 9
1354000 9
1355000 9
1356000 9
1357000 9
1358000 9
1359000 9
1360000 9
1361000 9
1362000 9
1363000 9
1364000 9
1365000 9
1366000 9
1367000 9
1368000 9
1369000 9
1370000 9
1371000 9
1372000 9
1373000 9
1374000 9
1375000 9
1376000 9
1377000 9
1378000 9
1379000 9
1380000 9
1381000 9
1382000 9
1383000 9
1384000 9
1385000 9
1386000 9
1387000 9
1388000 9
1389000 9
1390000 9
1391000 9
1392000 9
1393000 9
1394000 9
1395000 9
1396000 9
1397000 9
1398000 9
1399000 9
1400000 9
1401000 9
1402000 9
1403000 9
1404000 9
1405000 9
1406000 9
1407000 9
1408000 9
1409000 9
1410000 9
1411000 9
1412000 9
1413000 9
1414000 9
1415000 9
1416000 9
1417000 9
1418000 9
1419000 9
1420000 9
1421000 9
1422000 9
1423000 9
1424000 9
1425000 9
1426000 9
1427000 9
1428000 9
1429000 9
1430000 9
1431000 9
1432000 9
1433000 9
1434000 9
1435000 9
1436000 9
1437000 9
1438000 9
1439000 9
1440000 9
1441000 9
1442000 9
1443000 9
1444000 9
1445000 9
1446000 9
1447000 9
1448000 9
1449000 9
1450000 9
1451000 9
1452000 9
1453000 9
1454000 9
1455000 9
1456000 9
1457000 9
1458000 9
1459000 9
1460000 9
1461000 9
1462000 9
1463000 9
1464000 9
1465000 9
1466000 9
1467000 9
1468000 9
1469000 9
1470000 9
1471000 9
1472000 9
1473000 9
1474000 9
1475000 9
1476000 9
1477000 9
1478000 9
1479000 9
1480000 9
1481000 9
1482000 9
1483000 9
1484000 9
1485000 9
1486000 9
1487000 9
1488000 9
1489000 9
1490000 9
1491000 9
1492000 9
1493000 9
1494000 9
1495000 9
1496000 9
1497000 9
1498000 9
1499000 9
1500000 9
1501000 9
1502000 9
1503000 9
1504000 9
1505000 9
1506000 9
1507000 9
1508000 9
1509000 9
1510000 9
1511000 9
1512000 9
1513000 9
1514000 9
1515000 9
1516000 9
1517000 9
1518000 9
1519000 9
1520000 9
1521000 9
1522000 9
1523000 9
1524000 9
1525000 9
1526000 9
1527000 9
1528000 9
1529000 9
1530000 9
1531000 9
1532000 9
1533000 9
1534000 9
1535000 9
1536000 9
1537000 9
1538000 9
1539000 9
1540000 9
1541000 9
1542000 9
1543000 9
1544000 9
1545000 9
1546000 9
1547000 9
1548000 9
1549000 9
1550000 9
1551000 9
1552000 9
1553000 9
1554000 9
1555000 9
1556000 9
1557000 9
1558000 9
1559000 9
1560000 9
1561000 9
1562000 9
1563000 9
1564000 9
1565000 9
1566000 9
1567000 9
1568000 9
1569000 9
1570000 9
1571000 9
1572000 9
1573000 9
1574000 9
1575000 9
1576000 9
1577000 9
1578000 9
1579000 9
1580000 9
1581000 9
1582000 9
1583000 9
1584000 9
1585000 9
1586000 9
1587000 9
1588000 9
1589000 9
1590000 9
1591000 9
1592000 9
1593000 9
1594000 9
1595000 9
1596000 9
1597000 9
1598000 9
1599000 9
1600000 9
1601000 9
1602000 9
1603000 9
1604000 9
1605000 9
1606000 9
1607000 9
1608000 9
1609000 9
1610000 9
1611000 9
1612000 9
1613000 9
1614000 9
1615000 9
1616000 9
1617000 9
1618000 9
1619000 9
1620000 9
1621000 9
1622000 9
1623000 9
1624000 9
1625000 9
1626000 9
1627000 9
1628000 9
1629000 9
1630000 9
1631000 9
1632000 9
1633000 9
1634000 9
1635000 9
1636000 9
1637000 9
1638000 9
1639000 9
1640000 9
1641000 9
1642000 9
1643000 9
1644000 9
1645000 9
1646000 9
1647000 9
1648000 9
1649000 9
1650000 9
1651000 9
1652000 9
1653000 9
1654000 9
1655000 9
1656000 9
1657000 9
1658000 9
1659000 9
1660000 9
1661000 9
1662000 9
1663000 9
1664000 9
1665000 9
1666000 9
1667000 9
1668000 9
1669000 9
1670000 9
1671000 9
1672000 9
1673000 9
1674000 9
1675000 9
1676000 9
1677000 9
1678000 9
1679000 9
1680000 9
1681000 9
1682000 9
1683000 9
1684000 9
1685000 9
1686000 9
1687000 9
1688000 9
1689000 9
1690000 9
1691000 9
1692000 9
1693000 9
1694000 9
1695000 9
1696000 9
1697000 9
1698000 9
1699000 9
1700000 9
1701000 9
1702000 9
1703000 9
1704000 9
1705000 9
1706000 9
1707000 9
1708000 9
1709000 9
1710000 9
1711000 9
1712000 9
1713000 9
1714000 9
1715000 9
1716000 9
1717000 9
1718000 9
1719000 9
1720000 9
1721000 9
1722000 9
1723000 9
1724000 9
1725000 9
1726000 9
1727000 9
1728000 9
1729000 9
1730000 9
1731000 9
1732000 9
1733000 9
1734000 9
1735000 9
1736000 9
1737000 9
1738000 9
1739000 9
1740000 9
1741000 9
1742000 9
1743000 9
1744000 9
1745000 9
1746000 9
1747000 9
1748000 9
1749000 9
1750000 9
1751000 9
1752000 9
1753000 9
1754000 9
1755000 9
1756000 9
1757000 9
1758000 9
1759000 9
1760000 9
1761000 9
1762000 9
1763000 9
1764000 9
1765000 9
1766000 9
1767000 9
1768000 9
1769000 9
1770000 9
1771000 9
1772000 9
1773000 9
1774000 9
1775000 9
1776000 9
1777000 9
1778000 9
1779000 9
1780000 9
1781000 9
1782000 9
1783000 9
1784000 9
1785000 9
1786000 9
1787000 9
1788000 9
1789000 9
1790000 9
1791000 9
1792000 9
1793000 9
1794000 9
1795000 9
1796000 9
1797000 9
1798000 9
1799000 9
1800000 9
1801000 9
1802000 9
1803000 9
1804000 9
1805000 9
1806000 9
1807000 9
1808000 9
1809000 9
1810000 9
1811000 9
1812000 9
1813000 9
1814000 9
1815000 9
1816000 9
1817000 9
1818000 9
1819000 9
1820000 9
1821000 9
1822000 9
1823000 9
1824000 9
1825000 9
1826000 9
1827000 9
1828000 9
1829000 9
1830000 9
1831000 9
1832000 9
1833000 9
1834000 9
1835000 9
1836000 9
1837000 9
1838000 9
1839000 9
1840000 9
1841000 9
1842000 9
1843000 9
1844000 9
1845000 9
1846000 9
1847000 9
1848000 9
1849000 9
1850000 9
1851000 9
1852000 9
1853000 9
1854000 9
1855000 9
1856000 9
1857000 9
1858000 9
1859000 9
1860000 9
1861000 9
1862000 9
1863000 9
1864000 9
1865000 9
1866000 9
1867000 9
1868000 9
1869000 9
1870000 9
1871000 9
1872000 9
1873000 9
1874000 9
1875000 9
1876000 9
1877000 9
1878000 9
1879000 9
1880000 9
1881000 9
1882000 9
1883000 9
1884000 9
1885000 9
1886000 9
1887000 9
1888000 9
1889000 9
1890000 9
1891000 9
1892000 9
1893000 9
1894000 9
1895000 9
1896000 9
1897000 9
1898000 9
1899000 9
1900000 9
1901000 9
1902000 9
1903000 9
1904000 9
1905000 9
1906000 9
1907000 9
1908000 9
1909000 9
1910000 9
1911000 9
1912000 9
1913000 9
1914000 9
1915000 9
1916000 9
1917000 9
1918000 9
1919000 9
1920000 9
1921000 9
1922000 9
1923000 9
1924000 9
1925000 9
1926000 9
1927000 9
1928000 9
1929000 9
1930000 9
1931000 9
1932000 9
1933000 9
1934000 9
1935000 9
1936000 9
1937000 9
1938000 9
1939000 9
1940000 9
1941000 9
1942000 9
1943000 9
1944000 9
1945000 9
1946000 9
1947000 9
1948000 9
1949000 9
1950000 9
1951000 9
1952000 9
1953000 9
1954000 9
1955000 9
1956000 9
1957000 9
1958000 9
1959000 9
1960000 9
1961000 9
1962000 9
1963000 9
1964000 9
1965000 9
1966000 9
1967000 9
1968000 9
1969000 9
1970000 9
1971000 9
1972000 9
1973000 9
1974000 9
1975000 9
1976000 9
1977000 9
1978000 9
1979000 9
1980000 9
1981000 9
1982000 9
1983000 9
1984000 9
1985000 9
1986000 9
1987000 9
1988000 9
1989000 9
1990000 9
1991000 9
1992000 9
1993000 9
1994000 9
1995000 9
1996000 9
1997000 9
1998000 9
1999000 9
2000000 9
2001000 9
2002000 9
2003000 9
2004000 9
2005000 9
2006000 9
2007000 9
2008000 9
2009000 9
2010000 9
2011000 9
2012000 9
2013000 9
2014000 9
2015000 9
2016000 9
2017000 9
2018000 9
2019000 9
2020000 9
2021000 9
2022000 9
2023000 9
2024000 9
2025000 9
2026000 9
2027000 9
2028000 9
2029000 9
2030000 9
2031000 9
2032000 9
2033000 9
2034000 9
2035000 9
2036000 9
2037000 9
2038000 9
2039000 9
2040000 9
2041000 9
2042000 9
2043000 9
2044000 9
2045000 9
2046000 9
2047000 9
2048000 9
2049000 9
2050000 9
2051000 9
2052000 9
2053000 9
2054000 9
2055000 9
2056000 9
2057000 9
2058000 9
2059000 9
2060000 9
2061000 9
2062000 9
2063000 9
2064000 9
2065000 9
2066000 9
2067000 9
2068000 9
2069000 9
2070000 9
2071000 9
2072000 9
2073000 9
2074000 9
2075000 9
2076000 9
2077000 9
2078000 9
2079000 9
2080000 9
2081000 9
2082000 9
2083000 9
2084000 9
2085000 9
2086000 9
2087000 9
2088000 9
2089000 9
2090000 9
2091000 9
2092000 9
2093000 9
2094000 9
2095000 9
2096000 9
2097000 9
2098000 9
2099000 9
2100000 9
2101000 9
2102000 9
2103000 9
2104000 9
2105000 9
2106000 9
2107000 9
2108000 9
2109000 9
2110000 9
2111000 9
2112000 9
2113000 9
2114000 9
2115000 9
2116000 9
2117000 9
2118000 9
2119000 9
2120000 9
2121000 9
2122000 9
2123000 9
2124000 9
2125000 9
2126000 9
2127000 9
2128000 9
2129000 9
2130000 9
2131000 9
2132000 9
2133000 9
2134000 9
2135000 9
2136000 9
2137000 9
2138000 9
2139000 9
2140000 9
2141000 9
2142000 9
2143000 9
2144000 9
2145000 9
2146000 9
2147000 9
2148000 9
2149000 9
2150000 9
2151000 9
2152000 9
2153000 9
2154000 9
2155000 9
2156000 9
2157000 9
2158000 9
2159000 9
2160000 9
2161000 9
2162000 9
2163000 9
2164000 9
2165000 9
2166000 9
2167000 9
2168000 9
2169000 9
2170000 9
2171000 9
2172000 9
2173000 9
2174000 9
2175000 9
2176000 9
2177000 9
2178000 9
2179000 9
2180000 9
2181000 9
2182000 9
2183000 9
2184000 9
2185000 9
2186000 9
2187000 9
2188000 9
2189000 9
2190000 9
2191000 9
2192000 9
2193000 9
2194000 9
2195000 9
2196000 9
2197000 9
2198000 9
2199000 9
2200000 9
2201000 9
2202000 9
2203000 9
2204000 9
2205000 9
2206000 9
2207000 9
2208000 9
2209000 9
2210000 9
2211000 9
2212000 9
2213000 9
2214000 9
2215000 9
2216000 9
2217000 9
2218000 9
2219000 9
2220000 9
2221000 9
2222000 9
2223000 9
2224000 9
2225000 9
2226000 9
2227000 9
2228000 9
2229000 9
2230000 9
2231000 9
2232000 9
2233000 9
2234000 9
2235000 9
2236000 9
2237000 9
2238000 9
2239000 9
2240000 9
2241000 9
2242000 9
2243000 9
2244000 9
2245000 9
2246000 9
2247000 9
2248000 9
2249000 9
2250000 9
2251000 9
2252000 9
2253000 9
2254000 9
2255000 9
2256000 9
2257000 9
2258000 9
2259000 9
2260000 9
2261000 9
2262000 9
2263000 9
2264000 9
2265000 9
2266000 9
2267000 9
2268000 9
2269000 9
2270000 9
2271000 9
2272000 9
2273000 9
2274000 9
2275000 9
2276000 9
2277000 9
2278000 9
2279000 9
2280000 9
2281000 9
2282000 9
2283000 9
2284000 9
2285000 9
2286000 9
2287000 9
2288000 9
2289000 9
2290000 9
2291000 9
2292000 9
2293000 9
2294000 9
2295000 9
2296000 9
2297000 9
2298000 9
2299000 9
2300000 9
2301000 9
2302000 9
2303000 9
2304000 9
2305000 9
2306000 9
2307000 9
2308000 9
2309000 9
2310000 9
2311000 9
2312000 9
2313000 9
2314000 9
2315000 9
2316000 9
2317000 9
2318000 9
2319000 9
2320000 9
2321000 9
2322000 9
2323000 9
2324000 9
2325000 9
2326000 9
2327000 9
2328000 9
2329000 9
2330000 9
2331000 9
2332000 9
2333000 9
2334000 9
2335000 9
2336000 9
2337000 9
2338000 9
2339000 9
2340000 9
2341000 9
2342000 9
2343000 9
2344000 9
2345000 9
2346000 9
2347000 9
2348000 9
2349000 9
2350000 9
2351000 9
2352000 9
2353000 9
2354000 9
2355000 9
2356000 9
2357000 9
2358000 9
2359000 9
2360000 9
2361000 9
2362000 9
2363000 9
2364000 9
2365000 9
2366000 9
2367000 9
2368000 9
2369000 9
2370000 9
2371000 9
2372000 9
2373000 9
2374000 9
2375000 9
2376000 9
2377000 9
2378000 9
2379000 9
2380000 9
2381000 9
2382000 9
2383000 9
2384000 9
2385000 9
2386000 9
2387000 9
2388000 9
2389000 9
2390000 9
2391000 9
2392000 9
2393000 9
2394000 9
2395000 9
2396000 9
2397000 9
2398000 9
2399000 9
2400000 9
2401000 9
2402000 9
2403000 9
2404000 9
2405000 9
2406000 9
2407000 9
2408000 9
2409000 9
2410000 9
2411000 9
2412000 9
2413000 9
2414000 9
2415000 9
2416000 9
2417000 9
2418000 9
2419000 9
2420000 9
2421000 9
2422000 9
2423000 9
2424000 9
2425000 9
2426000 9
2427000 9
2428000 9
2429000 9
2430000 9
2431000 9
2432000 9
2433000 9
2434000 9
2435000 9
2436000 9
2437000 9
2438000 9
2439000 9
2440000 9
2441000 9
2442000 9
2443000 9
2444000 9
2445000 9
2446000 9
2447000 9
2448000 9
2449000 9
2450000 9
2451000 9
2452000 9
2453000 9
2454000 9
2455000 9
2456000 9
2457000 9
2458000 9
2459000 9
2460000 9
2461000 9
2462000 9
2463000 9
2464000 9
2465000 9
2466000 9
2467000 9
2468000 9
2469000 9
2470000 9
2471000 9
2472000 9
2473000 9
2474000 9
2475000 9
2476000 9
2477000 9
2478000 9
2479000 9
2480000 9
2481000 9
2482000 9
2483000 9
2484000 9
2485000 9
2486000 9
2487000 9
2488000 9
2489000 9
2490000 9
2491000 9
2492000 9
2493000 9
2494000 9
2495000 9
2496000 9
2497000 9
2498000 9
2499000 9
2500000 9
2501000 9
2502000 9
2503000 9
2504000 9
2505000 9
2506000 9
2507000 9
2508000 9
2509000 9
2510000 9
2511000 9
2512000 9
2513000 9
2514000 9
2515000 9
2516000 9
2517000 9
2518000 9
2519000 9
2520000 9
2521000 9
2522000 9
2523000 9
2524000 9
2525000 9
2526000 9
2527000 9
2528000 9
2529000 9
2530000 9
2531000 9
2532000 9
2533000 9
2534000 9
2535000 9
2536000 9
2537000 9
2538000 9
2539000 9
2540000 9
2541000 9
2542000 9
2543000 9
2544000 9
2545000 9
2546000 9
2547000 9
2548000 9
2549000 9
2550000 9
2551000 9
2552000 9
2553000 9
2554000 9
2555000 9
2556000 9
2557000 9
2558000 9
2559000 9
2560000 9
2561000 9
2562000 9
2563000 9
2564000 9
2565000 9
2566000 9
2567000 9
2568000 9
2569000 9
2570000 9
2571000 9
2572000 9
2573000 9
2574000 9
2575000 9
2576000 9
2577000 9
2578000 9
2579000 9
2580000 9
2581000 9
2582000 9
2583000 9
2584000 9
2585000 9
2586000 9
2587000 9
2588000 9
2589000 9
2590000 9
2591000 9
2592000 9
2593000 9
2594000 9
2595000 9
2596000 9
2597000 9
2598000 9
2599000 9
2600000 9
2601000 9
2602000 9
2603000 9
2604000 9
2605000 9
2606000 9
2607000 9
2608000 9
2609000 9
2610000 9
2611000 9
2612000 9
2613000 9
2614000 9
2615000 9
2616000 9
2617000 9
2618000 9
2619000 9
2620000 9
2621000 9
2622000 9
2623000 9
2624000 9
2625000 9
2626000 9
2627000 9
2628000 9
2629000 9
2630000 9
2631000 9
2632000 9
2633000 9
2634000 9
2635000 9
2636000 9
2637000 9
2638000 9
2639000 9
2640000 9
2641000 9
2642000 9
2643000 9
2644000 9
2645000 9
2646000 9
2647000 9
2648000 9
2649000 9
2650000 9
2651000 9
2652000 9
2653000 9
2654000 9
2655000 9
2656000 9
2657000 9
2658000 9
2659000 9
2660000 9
2661000 9
2662000 9
2663000 9
2664000 9
2665000 9
2666000 9
2667000 9
2668000 9
2669000 9
2670000 9
2671000 9
2672000 9
2673000 9
2674000 9
2675000 9
2676000 9
2677000 9
2678000 9
2679000 9
2680000 9
2681000 9
2682000 9
2683000 9
2684000 9
2685000 9
2686000 9
2687000 9
2688000 9
2689000 9
2690000 9
2691000 9
2692000 9
2693000 9
2694000 9
2695000 9
2696000 9
2697000 9
2698000 9
2699000 9
2700000 9
2701000 9
2702000 9
2703000 9
2704000 9
2705000 9
2706000 9
2707000 9
2708000 9
2709000 9
2710000 9
2711000 9
2712000 9
2713000 9
2714000 9
2715000 9
2716000 9
2717000 9
2718000 9
2719000 9
2720000 9
2721000 9
2722000 9
2723000 9
2724000 9
2725000 9
2726000 9
2727000 9
2728000 9
2729000 9
2730000 9
2731000 9
2732000 9
2733000 9
2734000 9
2735000 9
2736000 9
2737000 9
2738000 9
2739000 9
2740000 9
2741000 9
2742000 9
2743000 9
2744000 9
2745000 9
2746000 9
2747000 9
2748000 9
2749000 9
2750000 9
2751000 9
2752000 9
2753000 9
2754000 9
2755000 9
2756000 9
2757000 9
2758000 9
2759000 9
2760000 9
2761000 9
2762000 9
2763000 9
2764000 9
2765000 9
2766000 9
2767000 9
2768000 9
2769000 9
2770000 9
2771000 9
2772000 9
2773000 9
2774000 9
2775000 9
2776000 9
2777000 9
2778000 9
2779000 9
2780000 9
2781000 9
2782000 9
2783000 9
2784000 9
2785000 9
2786000 9
2787000 9
2788000 9
2789000 9
2790000 9
2791000 9
2792000 9
2793000 9
2794000 9
2795000 9
2796000 9
2797000 9
2798000 9
2799000 9
2800000 9
2801000 9
2802000 9
2803000 9
2804000 9
2805000 9
2806000 9
2807000 9
2808000 9
2809000 9
2810000 9
2811000 9
2812000 9
2813000 9
2814000 9
2815000 9
2816000 9
2817000 9
2818000 9
2819000 9
2820000 9
2821000 9
2822000 9
2823000 9
2824000 9
2825000 9
2826000 9
2827000 9
2828000 9
2829000 9
2830000 9
2831000 9
2832000 9
2833000 9
2834000 9
2835000 9
2836000 9
2837000 9
2838000 9
2839000 9
2840000 9
2841000 9
2842000 9
2843000 9
2844000 9
2845000 9
2846000 9
2847000 9
2848000 9
2849000 9
2850000 9
2851000 9
2852000 9
2853000 9
2854000 9
2855000 9
2856000 9
2857000 9
2858000 9
2859000 9
2860000 9
2861000 9
2862000 9
2863000 9
2864000 9
2865000 9
2866000 9
2867000 9
2868000 9
2869000 9
2870000 9
2871000 9
2872000 9
2873000 9
2874000 9
2875000 9
2876000 9
2877000 9
2878000 9
2879000 9
2880000 9
2881000 9
2882000 9
2883000 9
2884000 9
2885000 9
2886000 9
2887000 9
2888000 9
2889000 9
2890000 9
2891000 9
2892000 9
2893000 9
2894000 9
2895000 9
2896000 9
2897000 9
2898000 9
2899000 9
2900000 9
2901000 9
2902000 9
2903000 9
2904000 9
2905000 9
2906000 9
2907000 9
2908000 9
2909000 9
2910000 9
2911000 9
2912000 9
2913000 9
2914000 9
2915000 9
2916000 9
2917000 9
2918000 9
2919000 9
2920000 9
2921000 9
2922000 9
2923000 9
2924000 9
2925000 9
2926000 9
2927000 9
2928000 9
2929000 9
2930000 9
2931000 9
2932000 9
2933000 9
2934000 9
2935000 9
2936000 9
2937000 9
2938000 9
2939000 9
2940000 9
2941000 9
2942000 9
2943000 9
2944000 9
2945000 9
2946000 9
2947000 9
2948000 9
2949000 9
2950000 9
2951000 9
2952000 9
2953000 9
2954000 9
2955000 9
2956000 9
2957000 9
2958000 9
2959000 9
2960000 9
2961000 9
2962000 9
2963000 9
2964000 9
2965000 9
2966000 9
2967000 9
2968000 9
2969000 9
2970000 9
2971000 9
2972000 9
2973000 9
2974000 9
2975000 9
2976000 9
2977000 9
2978000 9
2979000 9
2980000 9
2981000 9
2982000 9
2983000 9
2984000 9
2985000 9
2986000 9
2987000 9
2988000 9
2989000 9
2990000 9
2991000 9
2992000 9
2993000 9
2994000 9
2995000 9
2996000 9
2997000 9
2998000 9
2999000 9
3000000 9
3001000 9
3002000 9
3003000 9
3004000 9
3005000 9
3006000 9
3007000 9
3008000 9
3009000 9
3010000 9
3011000 9
3012000 9
3013000 9
3014000 9
3015000 9
3016000 9
3017000 9
3018000 9
3019000 9
3020000 9
3021000 9
3022000 9
3023000 9
3024000 9
3025000 9
3026000 9
3027000 9
3028000 9
3029000 9
3030000 9
3031000 9
3032000 9
3033000 9
3034000 9
3035000 9
3036000 9
3037000 9
3038000 9
3039000 9
3040000 9
3041000 9
3042000 9
3043000 9
3044000 9
3045000 9
3046000 9
3047000 9
3048000 9
3049000 9
3050000 9
3051000 9
3052000 9
3053000 9
3054000 9
3055000 9
3056000 9
3057000 9
3058000 9
3059000 9
3060000 9
3061000 9
3062000 9
3063000 9
3064000 9
3065000 9
3066000 9
3067000 9
3068000 9
3069000 9
3070000 9
3071000 9
3072000 9
3073000 9
3074000 9
3075000 9
3076000 9
3077000 9
3078000 9
3079000 9
3080000 9
3081000 9
3082000 9
3083000 9
3084000 9
3085000 9
3086000 9
3087000 9
3088000 9
3089000 9
3090000 9
3091000 9
3092000 9
3093000 9
3094000 9
3095000 9
3096000 9
3097000 9
3098000 9
3099000 9
3100000 9
3101000 9
3102000 9
3103000 9
3104000 9
3105000 9
3106000 9
3107000 9
3108000 9
3109000 9
3110000 9
3111000 9
3112000 9
3113000 9
3114000 9
3115000 9
3116000 9
3117000 9
3118000 9
3119000 9
3120000 9
3121000 9
3122000 9
3123000 9
3124000 9
3125000 9
3126000 9
3127000 9
3128000 9
3129000 9
3130000 9
3131000 9
3132000 9
3133000 9
3134000 9
3135000 9
3136000 9
3137000 9
3138000 9
3139000 9
3140000 9
3141000 9
3142000 9
3143000 9
3144000 9
3145000 9
3146000 9
3147000 9
3148000 9
3149000 9
3150000 9
3151000 9
3152000 9
3153000 9
3154000 9
3155000 9
3156000 9
3157000 9
3158000 9
3159000 9
3160000 9
3161000 9
3162000 9
3163000 9
3164000 9
3165000 9
3166000 9
3167000 9
3168000 9
3169000 9
3170000 9
3171000 9
3172000 9
3173000 9
3174000 9
3175000 9
3176000 9
3177000 9
3178000 9
3179000 9
3180000 9
3181000 9
3182000 9
3183000 9
3184000 9
3185000 9
3186000 9
3187000 9
3188000 9
3189000 9
3190000 9
3191000 9
3192000 9
3193000 9
3194000 9
3195000 9
3196000 9
3197000 9
3198000 9
3199000 9
3200000 9
3201000 9
3202000 9
3203000 9
3204000 9
3205000 9
3206000 9
3207000 9
3208000 9
3209000 9
3210000 9
3211000 9
3212000 9
3213000 9
3214000 9
3215000 9
3216000 9
3217000 9
3218000 9
3219000 9
3220000 9
3221000 9
3222000 9
3223000 9
3224000 9
3225000 9
3226000 9
3227000 9
3228000 9
3229000 9
3230000 9
3231000 9
3232000 9
3233000 9
3234000 9
3235000 9
3236000 9
3237000 9
3238000 9
3239000 9
3240000 9
3241000 9
3242000 9
3243000 9
3244000 9
3245000 9
3246000 9
3247000 9
3248000 9
3249000 9
3250000 9
3251000 9
3252000 9
3253000 9
3254000 9
3255000 9
3256000 9
3257000 9
3258000 9
3259000 9
3260000 9
3261000 9
3262000 9
3263000 9
3264000 9
3265000 9
3266000 9
3267000 9
3268000 9
3269000 9
3270000 9
3271000 9
3272000 9
3273000 9
3274000 9
3275000 9
3276000 9
3277000 9
3278000 9
3279000 9
3280000 9
3281000 9
3282000 9
3283000 9
3284000 9
3285000 9
3286000 9
3287000 9
3288000 9
3289000 9
3290000 9
3291000 9
3292000 9
3293000 9
3294000 9
3295000 9
3296000 9
3297000 9
3298000 9
3299000 9
3300000 9
3301000 9
3302000 9
3303000 9
3304000 9
3305000 9
3306000 9
3307000 9
3308000 9
3309000 9
3310000 9
3311000 9
3312000 9
3313000 9
3314000 9
3315000 9
3316000 9
3317000 9
3318000 9
3319000 9
3320000 9
3321000 9
3322000 9
3323000 9
3324000 9
3325000 9
3326000 9
3327000 9
3328000 9
3329000 9
3330000 9
3331000 9
3332000 9
3333000 9
3334000 9
3335000 9
3336000 9
3337000 9
3338000 9
3339000 9
3340000 9
3341000 9
3342000 9
3343000 9
3344000 9
3345000 9
3346000 9
3347000 9
3348000 9
3349000 9
3350000 9
3351000 9
3352000 9
3353000 9
3354000 9
3355000 9
3356000 9
3357000 9
3358000 9
3359000 9
3360000 9
3361000 9
3362000 9
3363000 9
3364000 9
3365000 9
3366000 9
3367000 9
3368000 9
3369000 9
3370000 9
3371000 9
3372000 9
3373000 9
3374000 9
3375000 9
3376000 9
3377000 9
3378000 9
3379000 9
3380000 9
3381000 9
3382000 9
3383000 9
3384000 9
3385000 9
3386000 9
3387000 9
3388000 9
3389000 9
3390000 9
3391000 9
3392000 9
3393000 9
3394000 9
3395000 9
3396000 9
3397000 9
3398000 9
3399000 9
3400000 9
3401000 9
3402000 9
3403000 9
3404000 9
3405000 9
3406000 9
3407000 9
3408000 9
3409000 9
3410000 9
3411000 9
3412000 9
3413000 9
3414000 9
3415000 9
3416000 9
3417000 9
3418000 9
3419000 9
3420000 9
3421000 9
3422000 9
3423000 9
3424000 9
3425000 9
3426000 9
3427000 9
3428000 9
3429000 9
3430000 9
3431000 9
3432000 9
3433000 9
3434000 9
3435000 9
3436000 9
3437000 9
3438000 9
3439000 9
3440000 9
3441000 9
3442000 9
3443000 9
3444000 9
3445000 9
3446000 9
3447000 9
3448000 9
3449000 9
3450000 9
3451000 9
3452000 9
3453000 9
3454000 9
3455000 9
3456000 9
3457000 9
3458000 9
3459000 9
3460000 9
3461000 9
3462000 9
3463000 9
3464000 9
3465000 9
3466000 9
3467000 9
3468000 9
3469000 9
3470000 9
3471000 9
3472000 9
3473000 9
3474000 9
3475000 9
3476000 9
3477000 9
3478000 9
3479000 9
3480000 9
3481000 9
3482000 9
3483000 9
3484000 9
3485000 9
3486000 9
3487000 9
3488000 9
3489000 9
3490000 9
3491000 9
3492000 9
3493000 9
3494000 9
3495000 9
3496000 9
3497000 9
3498000 9
3499000 9
3500000 9
3501000 9
3502000 9
3503000 9
3504000 9
3505000 9
3506000 9
3507000 9
3508000 9
3509000 9
3510000 9
3511000 9
3512000 9
3513000 9
3514000 9
3515000 9
3516000 9
3517000 9
3518000 9
3519000 9
3520000 9
3521000 9
3522000 9
3523000 9
3524000 9
3525000 9
3526000 9
3527000 9
3528000 9
3529000 9
3530000 9
3531000 9
3532000 9
3533000 9
3534000 9
3535000 9
3536000 9
3537000 9
3538000 9
3539000 9
3540000 9
3541000 9
3542000 9
3543000 9
3544000 9
3545000 9
3546000 9
3547000 9
3548000 9
3549000 9
3550000 9
3551000 9
3552000 9
3553000 9
3554000 9
3555000 9
3556000 9
3557000 9
3558000 9
3559000 9
3560000 9
3561000 9
3562000 9
3563000 9
3564000 9
3565000 9
3566000 9
3567000 9
3568000 9
3569000 9
3570000 9
3571000 9
3572000 9
3573000 9
3574000 9
3575000 9
3576000 9
3577000 9
3578000 9
3579000 9
3580000 9
3581000 9
3582000 9
3583000 9
3584000 9
3585000 9
3586000 9
3587000 9
3588000 9
3589000 9
3590000 9
3591000 9
3592000 9
3593000 9
3594000 9
3595000 9
3596000 9
3597000 9
3598000 9
3599000 9
3600000 9
3601000 9
3602000 9
3603000 9
3604000 9
3605000 9
3606000 9
3607000 9
3608000 9
3609000 9
3610000 9
3611000 9
3612000 9
3613000 9
3614000 9
3615000 9
3616000 9
3617000 9
3618000 9
3619000 9
3620000 9
3621000 9
3622000 9
3623000 9
3624000 9
3625000 9
3626000 9
3627000 9
3628000 9
3629000 9
3630000 9
3631000 9
3632000 9
3633000 9
3634000 9
3635000 9
3636000 9
3637000 9
3638000 9
3639000 9
3640000 9
3641000 9
3642000 9
3643000 9
3644000 9
3645000 9
3646000 9
3647000 9
3648000 9
3649000 9
3650000 9
3651000 9
3652000 9
3653000 9
3654000 9
3655000 9
3656000 9
3657000 9
3658000 9
3659000 9
3660000 9
3661000 9
3662000 9
3663000 9
3664000 9
3665000 9
3666000 9
3667000 9
3668000 9
3669000 9
3670000 9
3671000 9
3672000 9
3673000 9
3674000 9
3675000 9
3676000 9
3677000 9
3678000 9
3679000 9
3680000 9
3681000 9
3682000 9
3683000 9
3684000 9
3685000 9
3686000 9
3687000 9
3688000 9
3689000 9
3690000 9
3691000 9
3692000 9
3693000 9
3694000 9
3695000 9
3696000 9
3697000 9
3698000 9
3699000 9
3700000 9
3701000 9
3702000 9
3703000 9
3704000 9
3705000 9
3706000 9
3707000 9
3708000 9
3709000 9
3710000 9
3711000 9
3712000 9
3713000 9
3714000 9
3715000 9
3716000 9
3717000 9
3718000 9
3719000 9
3720000 9
3721000 9
3722000 9
3723000 9
3724000 9
3725000 9
3726000 9
3727000 9
3728000 9
3729000 9
3730000 9
3731000 9
3732000 9
3733000 9
3734000 9
3735000 9
3736000 9
3737000 9
3738000 9
3739000 9
3740000 9
3741000 9
3742000 9
3743000 9
3744000 9
3745000 9
3746000 9
3747000 9
3748000 9
3749000 9
3750000 9
3751000 9
3752000 9
3753000 9
3754000 9
3755000 9
3756000 9
3757000 9
3758000 9
3759000 9
3760000 9
3761000 9
3762000 9
3763000 9
3764000 9
3765000 9
3766000 9
3767000 9
3768000 9
3769000 9
3770000 9
3771000 9
3772000 9
3773000 9
3774000 9
3775000 9
3776000 9
3777000 9
3778000 9
3779000 9
3780000 9
3781000 9
3782000 9
3783000 9
3784000 9
3785000 9
3786000 9
3787000 9
3788000 9
3789000 9
3790000 9
3791000 9
3792000 9
3793000 9
3794000 9
3795000 9
3796000 9
3797000 9
3798000 9
3799000 9
3800000 9
3801000 9
3802000 9
3803000 9
3804000 9
3805000 9
3806000 9
3807000 9
3808000 9
3809000 9
3810000 9
3811000 9
3812000 9
3813000 9
3814000 9
3815000 9
3816000 9
3817000 9
3818000 9
3819000 9
3820000 9
3821000 9
3822000 9
3823000 9
3824000 9
3825000 9
3826000 9
3827000 9
3828000 9
3829000 9
3830000 9
3831000 9
3832000 9
3833000 9
3834000 9
3835000 9
3836000 9
3837000 9
3838000 9
3839000 9
3840000 9
3841000 9
3842000 9
3843000 9
3844000 9
3845000 9
3846000 9
3847000 9
3848000 9
3849000 9
3850000 9
3851000 9
3852000 9
3853000 9
3854000 9
3855000 9
3856000 9
3857000 9
3858000 9
3859000 9
3860000 9
3861000 9
3862000 9
3863000 9
3864000 9
3865000 9
3866000 9
3867000 9
3868000 9
3869000 9
3870000 9
3871000 9
3872000 9
3873000 9
3874000 9
3875000 9
3876000 9
3877000 9
3878000 9
3879000 9
3880000 9
3881000 9
3882000 9
3883000 9
3884000 9
3885000 9
3886000 9
3887000 9
3888000 9
3889000 9
3890000 9
3891000 9
3892000 9
3893000 9
3894000 9
3895000 9
3896000 9
3897000 9
3898000 9
3899000 9
3900000 9
3901000 9
3902000 9
3903000 9
3904000 9
3905000 9
3906000 9
3907000 9
3908000 9
3909000 9
3910000 9
3911000 9
3912000 9
3913000 9
3914000 9
3915000 9
3916000 9
3917000 9
3918000 9
3919000 9
3920000 9
3921000 9
3922000 9
3923000 9
3924000 9
3925000 9
3926000 9
3927000 9
3928000 9
3929000 9
3930000 9
3931000 9
3932000 9
3933000 9
3934000 9
3935000 9
3936000 9
3937000 9
3938000 9
3939000 9
3940000 9
3941000 9
3942000 9
3943000 9
3944000 9
3945000 9
3946000 9
3947000 9
3948000 9
3949000 9
3950000 9
3951000 9
3952000 9
3953000 9
3954000 9
3955000 9
3956000 9
3957000 9
3958000 9
3959000 9
3960000 9
3961000 9
3962000 9
3963000 9
3964000 9
3965000 9
3966000 9
3967000 9
3968000 9
3969000 9
3970000 9
3971000 9
3972000 9
3973000 9
3974000 9
3975000 9
3976000 9
3977000 9
3978000 9
3979000 9
3980000 9
3981000 9
3982000 9
3983000 9
3984000 9
3985000 9
3986000 9
3987000 9
3988000 9
3989000 9
3990000 9
3991000 9
3992000 9
3993000 9
3994000 9
3995000 9
3996000 9
3997000 9
3998000 9
3999000 9
4000000 9
4001000 9
4002000 9
4003000 9
4004000 9
4005000 9
4006000 9
4007000 9
4008000 9
4009000 9
4010000 9
4011000 9
4012000 9
4013000 9
4014000 9
4015000 9
4016000 9
4017000 9
4018000 9
4019000 9
4020000 9
4021000 9
4022000 9
4023000 9
4024000 9
4025000 9
4026000 9
4027000 9
4028000 9
4029000 9
4030000 9
4031000 9
4032000 9
4033000 9
4034000 9
4035000 9
4036000 9
4037000 9
4038000 9
4039000 9
4040000 9
4041000 9
4042000 9
4043000 9
4044000 9
4045000 9
4046000 9
4047000 9
4048000 9
4049000 9
4050000 9
4051000 9
4052000 9
4053000 9
4054000 9
4055000 9
4056000 9
4057000 9
4058000 9
4059000 9
4060000 9
4061000 9
4062000 9
4063000 9
4064000 9
4065000 9
4066000 9
4067000 9
4068000 9
4069000 9
4070000 9
4071000 9
4072000 9
4073000 9
4074000 9
4075000 9
4076000 9
4077000 9
4078000 9
4079000 9
4080000 9
4081000 9
4082000 9
4083000 9
4084000 9
4085000 9
4086000 9
4087000 9
4088000 9
4089000 9
4090000 9
4091000 9
4092000 9
4093000 9
4094000 9
4095000 9
4096000 9
4097000 9
4098000 9
4099000 9
4100000 9
4101000 9
4102000 9
4103000 9
4104000 9
4105000 9
4106000 9
4107000 9
4108000 9
4109000 9
4110000 9
4111000 9
4112000 9
4113000 9
4114000 9
4115000 9
4116000 9
4117000 9
4118000 9
4119000 9
4120000 9
4121000 9
4122000 9
4123000 9
4124000 9
4125000 9
4126000 9
4127000 9
4128000 9
4129000 9
4130000 9
4131000 9
4132000 9
4133000 9
4134000 9
4135000 9
4136000 9
4137000 9
4138000 9
4139000 9
4140000 9
4141000 9
4142000 9
4143000 9
4144000 9
4145000 9
4146000 9
4147000 9
4148000 9
4149000 9
4150000 9
4151000 9
4152000 9
4153000 9
4154000 9
4155000 9
4156000 9
4157000 9
4158000 9
4159000 9
4160000 9
4161000 9
4162000 9
4163000 9
4164000 9
4165000 9
4166000 9
4167000 9
4168000 9
4169000 9
4170000 9
4171000 9
4172000 9
4173000 9
4174000 9
4175000 9
4176000 9
4177000 9
4178000 9
4179000 9
4180000 9
4181000 9
4182000 9
4183000 9
4184000 9
4185000 9
4186000 9
4187000 9
4188000 9
4189000 9
4190000 9
4191000 9
4192000 9
4193000 9
4194000 9
4195000 9
4196000 9
4197000 9
4198000 9
4199000 9
4200000 9
4201000 9
4202000 9
4203000 9
4204000 9
4205000 9
4206000 9
4207000 9
4208000 9
4209000 9
4210000 9
4211000 9
4212000 9
4213000 9
4214000 9
4215000 9
4216000 9
4217000 9
4218000 9
4219000 9
4220000 9
4221000 9
4222000 9
4223000 9
4224000 9
4225000 9
4226000 9
4227000 9
4228000 9
4229000 9
4230000 9
4231000 9
4232000 9
4233000 9
4234000 9
4235000 9
4236000 9
4237000 9
4238000 9
4239000 9
4240000 9
4241000 9
4242000 9
4243000 9
4244000 9
4245000 9
4246000 9
4247000 9
4248000 9
4249000 9
4250000 9
4251000 9
4252000 9
4253000 9
4254000 9
4255000 9
4256000 9
4257000 9
4258000 9
4259000 9
4260000 9
4261000 9
4262000 9
4263000 9
4264000 9
4265000 9
4266000 9
4267000 9
4268000 9
4269000 9
4270000 9
4271000 9
4272000 9
4273000 9
4274000 9
4275000 9
4276000 9
4277000 9
4278000 9
4279000 9
4280000 9
4281000 9
4282000 9
4283000 9
4284000 9
4285000 9
4286000 9
4287000 9
4288000 9
4289000 9
4290000 9
4291000 9
4292000 9
4293000 9
4294000 9
4295000 9
4296000 9
4297000 9
4298000 9
4299000 9
4300000 9
4301000 9
4302000 9
4303000 9
4304000 9
4305000 9
4306000 9
4307000 9
4308000 9
4309000 9
4310000 9
4311000 9
4312000 9
4313000 9
4314000 9
4315000 9
4316000 9
4317000 9
4318000 9
4319000 9
4320000 9
4321000 9
4322000 9
4323000 9
4324000 9
4325000 9
4326000 9
4327000 9
4328000 9
4329000 9
4330000 9
4331000 9
4332000 9
4333000 9
4334000 9
4335000 9
4336000 9
4337000 9
4338000 9
4339000 9
4340000 9
4341000 9
4342000 9
4343000 9
4344000 9
4345000 9
4346000 9
4347000 9
4348000 9
4349000 9
4350000 9
4351000 9
4352000 9
4353000 9
4354000 9
4355000 9
4356000 9
4357000 9
4358000 9
4359000 9
4360000 9
4361000 9
4362000 9
4363000 9
4364000 9
4365000 9
4366000 9
4367000 9
4368000 9
4369000 9
4370000 9
4371000 9
4372000 9
4373000 9
4374000 9
4375000 9
4376000 9
4377000 9
4378000 9
4379000 9
4380000 9
4381000 9
4382000 9
4383000 9
4384000 9
4385000 9
4386000 9
4387000 9
4388000 9
4389000 9
4390000 9
4391000 9
4392000 9
4393000 9
4394000 9
4395000 9
4396000 9
4397000 9
4398000 9
4399000 9
4400000 9
4401000 9
4402000 9
4403000 9
4404000 9
4405000 9
4406000 9
4407000 9
4408000 9
4409000 9
4410000 9
4411000 9
4412000 9
4413000 9
4414000 9
4415000 9
4416000 9
4417000 9
4418000 9
4419000 9
4420000 9
4421000 9
4422000 9
4423000 9
4424000 9
4425000 9
4426000 9
4427000 9
4428000 9
4429000 9
4430000 9
4431000 9
4432000 9
4433000 9
4434000 9
4435000 9
4436000 9
4437000 9
4438000 9
4439000 9
4440000 9
4441000 9
4442000 9
4443000 9
4444000 9
4445000 9
4446000 9
4447000 9
4448000 9
4449000 9
4450000 9
4451000 9
4452000 9
4453000 9
4454000 9
4455000 9
4456000 9
4457000 9
4458000 9
4459000 9
4460000 9
4461000 9
4462000 9
4463000 9
4464000 9
4465000 9
4466000 9
4467000 9
4468000 9
4469000 9
4470000 9
4471000 9
4472000 9
4473000 9
4474000 9
4475000 9
4476000 9
4477000 9
4478000 9
4479000 9
4480000 9
4481000 9
4482000 9
4483000 9
4484000 9
4485000 9
4486000 9
4487000 9
4488000 9
4489000 9
4490000 9
4491000 9
4492000 9
4493000 9
4494000 9
4495000 9
4496000 9
4497000 9
4498000 9
4499000 9
4500000 9
4501000 9
4502000 9
4503000 9
4504000 9
4505000 9
4506000 9
4507000 9
4508000 9
4509000 9
4510000 9
4511000 9
4512000 9
4513000 9
4514000 9
4515000 9
4516000 9
4517000 9
4518000 9
4519000 9
4520000 9
4521000 9
4522000 9
4523000 9
4524000 9
4525000 9
4526000 9
4527000 9
4528000 9
4529000 9
4530000 9
4531000 9
4532000 9
4533000 9
4534000 9
4535000 9
4536000 9
4537000 9
4538000 9
4539000 9
4540000 9
4541000 9
4542000 9
4543000 9
4544000 9
4545000 9
4546000 9
4547000 9
4548000 9
4549000 9
4550000 9
4551000 9
4552000 9
4553000 9
4554000 9
4555000 9
4556000 9
4557000 9
4558000 9
4559000 9
4560000 9
4561000 9
4562000 9
4563000 9
4564000 9
4565000 9
4566000 9
4567000 9
4568000 9
4569000 9
4570000 9
4571000 9
4572000 9
4573000 9
4574000 9
4575000 9
4576000 9
4577000 9
4578000 9
4579000 9
4580000 9
4581000 9
4582000 9
4583000 9
4584000 9
4585000 9
4586000 9
4587000 9
4588000 9
4589000 9
4590000 9
4591000 9
4592000 9
4593000 9
4594000 9
4595000 9
4596000 9
4597000 9
4598000 9
4599000 9
4600000 9
4601000 9
4602000 9
4603000 9
4604000 9
4605000 9
4606000 9
4607000 9
4608000 9
4609000 9
4610000 9
4611000 9
4612000 9
4613000 9
4614000 9
4615000 9
4616000 9
4617000 9
4618000 9
4619000 9
4620000 9
4621000 9
4622000 9
4623000 9
4624000 9
4625000 9
4626000 9
4627000 9
4628000 9
4629000 9
4630000 9
4631000 9
4632000 9
4633000 9
4634000 9
4635000 9
4636000 9
4637000 9
4638000 9
4639000 9
4640000 9
4641000 9
4642000 9
4643000 9
4644000 9
4645000 9
4646000 9
4647000 9
4648000 9
4649000 9
4650000 9
4651000 9
4652000 9
4653000 9
4654000 9
4655000 9
4656000 9
4657000 9
4658000 9
4659000 9
4660000 9
4661000 9
4662000 9
4663000 9
4664000 9
4665000 9
4666000 9
4667000 9
4668000 9
4669000 9
4670000 9
4671000 9
4672000 9
4673000 9
4674000 9
4675000 9
4676000 9
4677000 9
4678000 9
4679000 9
4680000 9
4681000 9
4682000 9
4683000 9
4684000 9
4685000 9
4686000 9
4687000 9
4688000 9
4689000 9
4690000 9
4691000 9
4692000 9
4693000 9
4694000 9
4695000 9
4696000 9
4697000 9
4698000 9
4699000 9
4700000 9
4701000 9
4702000 9
4703000 9
4704000 9
4705000 9
4706000 9
4707000 9
4708000 9
4709000 9
4710000 9
4711000 9
4712000 9
4713000 9
4714000 9
4715000 9
4716000 9
4717000 9
4718000 9
4719000 9
4720000 9
4721000 9
4722000 9
4723000 9
4724000 9
4725000 9
4726000 9
4727000 9
4728000 9
4729000 9
4730000 9
4731000 9
4732000 9
4733000 9
4734000 9
4735000 9
4736000 9
4737000 9
4738000 9
4739000 9
4740000 9
4741000 9
4742000 9
4743000 9
4744000 9
4745000 9
4746000 9
4747000 9
4748000 9
4749000 9
4750000 9
4751000 9
4752000 9
4753000 9
4754000 9
4755000 9
4756000 9
4757000 9
4758000 9
4759000 9
4760000 9
4761000 9
4762000 9
4763000 9
4764000 9
4765000 9
4766000 9
4767000 9
4768000 9
4769000 9
4770000 9
4771000 9
4772000 9
4773000 9
4774000 9
4775000 9
4776000 9
4777000 9
4778000 9
4779000 9
4780000 9
4781000 9
4782000 9
4783000 9
4784000 9
4785000 9
4786000 9
4787000 9
4788000 9
4789000 9
4790000 9
4791000 9
4792000 9
4793000 9
4794000 9
4795000 9
4796000 9
4797000 9
4798000 9
4799000 9
4800000 9
4801000 9
4802000 9
4803000 9
4804000 9
4805000 9
4806000 9
4807000 9
4808000 9
4809000 9
4810000 9
4811000 9
4812000 9
4813000 9
4814000 9
4815000 9
4816000 9
4817000 9
4818000 9
4819000 9
4820000 9
4821000 9
4822000 9
4823000 9
4824000 9
4825000 9
4826000 9
4827000 9
4828000 9
4829000 9
4830000 9
4831000 9
4832000 9
4833000 9
4834000 9
4835000 9
4836000 9
4837000 9
4838000 9
4839000 9
4840000 9
4841000 9
4842000 9
4843000 9
4844000 9
4845000 9
4846000 9
4847000 9
4848000 9
4849000 9
4850000 9
4851000 9
4852000 9
4853000 9
4854000 9
4855000 9
4856000 9
4857000 9
4858000 9
4859000 9
4860000 9
4861000 9
4862000 9
4863000 9
4864000 9
4865000 9
4866000 9
4867000 9
4868000 9
4869000 9
4870000 9
4871000 9
4872000 9
4873000 9
4874000 9
4875000 9
4876000 9
4877000 9
4878000 9
4879000 9
4880000 9
4881000 9
4882000 9
4883000 9
4884000 9
4885000 9
4886000 9
4887000 9
4888000 9
4889000 9
4890000 9
4891000 9
4892000 9
4893000 9
4894000 9
4895000 9
4896000 9
4897000 9
4898000 9
4899000 9
4900000 9
4901000 9
4902000 9
4903000 9
4904000 9
4905000 9
4906000 9
4907000 9
4908000 9
4909000 9
4910000 9
4911000 9
4912000 9
4913000 9
4914000 9
4915000 9
4916000 9
4917000 9
4918000 9
4919000 9
4920000 9
4921000 9
4922000 9
4923000 9
4924000 9
4925000 9
4926000 9
4927000 9
4928000 9
4929000 9
4930000 9
4931000 9
4932000 9
4933000 9
4934000 9
4935000 9
4936000 9
4937000 9
4938000 9
4939000 9
4940000 9
4941000 9
4942000 9
4943000 9
4944000 9
4945000 9
4946000 9
4947000 9
4948000 9
4949000 9
4950000 9
4951000 9
4952000 9
4953000 9
4954000 9
4955000 9
4956000 9
4957000 9
4958000 9
4959000 9
4960000 9
4961000 9
4962000 9
4963000 9
4964000 9
4965000 9
4966000 9
4967000 9
4968000 9
4969000 9
4970000 9
4971000 9
4972000 9
4973000 9
4974000 9
4975000 9
4976000 9
4977000 9
4978000 9
4979000 9
4980000 9
4981000 9
4982000 9
4983000 9
4984000 9
4985000 9
4986000 9
4987000 9
4988000 9
4989000 9
4990000 9
4991000 9
4992000 9
4993000 9
4994000 9
4995000 9
4996000 9
4997000 9
4998000 9
4999000 9
5000000 9
5001000 9
5002000 9
5003000 9
5004000 9
5005000 9
5006000 9
5007000 9
5008000 9
5009000 9
5010000 9
5011000 9
5012000 9
5013000 9
5014000 9
5015000 9
5016000 9
5017000 9
5018000 9
5019000 9
5020000 9
5021000 9
5022000 9
5023000 9
5024000 9
5025000 9
5026000 9
5027000 9
5028000 9
5029000 9
5030000 9
5031000 9
5032000 9
5033000 9
5034000 9
5035000 9
5036000 9
5037000 9
5038000 9
5039000 9
5040000 9
5041000 9
5042000 9
5043000 9
5044000 9
5045000 9
5046000 9
5047000 9
5048000 9
5049000 9
5050000 9
5051000 9
5052000 9
5053000 9
5054000 9
5055000 9
5056000 9
5057000 9
5058000 9
5059000 9
5060000 9
5061000 9
5062000 9
5063000 9
5064000 9
5065000 9
5066000 9
5067000 9
5068000 9
5069000 9
5070000 9
5071000 9
5072000 9
5073000 9
5074000 9
5075000 9
5076000 9
5077000 9
5078000 9
5079000 9
5080000 9
5081000 9
5082000 9
5083000 9
5084000 9
5085000 9
5086000 9
5087000 9
5088000 9
5089000 9
5090000 9
5091000 9
5092000 9
5093000 9
5094000 9
5095000 9
5096000 9
5097000 9
5098000 9
5099000 9
5100000 9
5101000 9
5102000 9
5103000 9
5104000 9
5105000 9
5106000 9
5107000 9
5108000 9
5109000 9
5110000 9
5111000 9
5112000 9
5113000 9
5114000 9
5115000 9
5116000 9
5117000 9
5118000 9
5119000 9
5120000 9
5121000 9
5122000 9
5123000 9
5124000 9
5125000 9
5126000 9
5127000 9
5128000 9
5129000 9
5130000 9
5131000 9
5132000 9
5133000 9
5134000 9
5135000 9
5136000 9
5137000 9
5138000 9
5139000 9
5140000 9
5141000 9
5142000 9
5143000 9
5144000 9
5145000 9
5146000 9
5147000 9
5148000 9
5149000 9
5150000 9
5151000 9
5152000 9
5153000 9
5154000 9
5155000 9
5156000 9
5157000 9
5158000 9
5159000 9
5160000 9
5161000 9
5162000 9
5163000 9
5164000 9
5165000 9
5166000 9
5167000 9
5168000 9
5169000 9
5170000 9
5171000 9
5172000 9
5173000 9
5174000 9
5175000 9
5176000 9
5177000 9
5178000 9
5179000 9
5180000 9
5181000 9
5182000 9
5183000 9
5184000 9
5185000 9
5186000 9
5187000 9
5188000 9
5189000 9
5190000 9
5191000 9
5192000 9
5193000 9
5194000 9
5195000 9
5196000 9
5197000 9
5198000 9
5199000 9
5200000 9
5201000 9
5202000 9
5203000 9
5204000 9
5205000 9
5206000 9
5207000 9
5208000 9
5209000 9
5210000 9
5211000 9
5212000 9
5213000 9
5214000 9
5215000 9
5216000 9
5217000 9
5218000 9
5219000 9
5220000 9
5221000 9
5222000 9
5223000 9
5224000 9
5225000 9
5226000 9
5227000 9
5228000 9
5229000 9
5230000 9
5231000 9
5232000 9
5233000 9
5234000 9
5235000 9
5236000 9
5237000 9
5238000 9
5239000 9
5240000 9
5241000 9
5242000 9
5243000 9
5244000 9
5245000 9
5246000 9
5247000 9
5248000 9
5249000 9
5250000 9
5251000 9
5252000 9
5253000 9
5254000 9
5255000 9
5256000 9
5257000 9
5258000 9
5259000 9
5260000 9
5261000 9
5262000 9
5263000 9
5264000 9
5265000 9
5266000 9
5267000 9
5268000 9
5269000 9
5270000 9
5271000 9
5272000 9
5273000 9
5274000 9
5275000 9
5276000 9
5277000 9
5278000 9
5279000 9
5280000 9
5281000 9
5282000 9
5283000 9
5284000 9
5285000 9
5286000 9
5287000 9
5288000 9
5289000 9
5290000 9
5291000 9
5292000 9
5293000 9
5294000 9
5295000 9
5296000 9
5297000 9
5298000 9
5299000 9
5300000 9
5301000 9
5302000 9
5303000 9
5304000 9
5305000 9
5306000 9
5307000 9
5308000 9
5309000 9
5310000 9
5311000 9
5312000 9
5313000 9
5314000 9
5315000 9
5316000 9
5317000 9
5318000 9
5319000 9
5320000 9
5321000 9
5322000 9
5323000 9
5324000 9
5325000 9
5326000 9
5327000 9
5328000 9
5329000 9
5330000 9
5331000 9
5332000 9
5333000 9
5334000 9
5335000 9
5336000 9
5337000 9
5338000 9
5339000 9
5340000 9
5341000 9
5342000 9
5343000 9
5344000 9
5345000 9
5346000 9
5347000 9
5348000 9
5349000 9
5350000 9
5351000 9
5352000 9
5353000 9
5354000 9
5355000 9
5356000 9
5357000 9
5358000 9
5359000 9
5360000 9
5361000 9
5362000 9
5363000 9
5364000 9
5365000 9
5366000 9
5367000 9
5368000 9
5369000 9
5370000 9
5371000 9
5372000 9
5373000 9
5374000 9
5375000 9
5376000 9
5377000 9
5378000 9
5379000 9
5380000 9
5381000 9
5382000 9
5383000 9
5384000 9
5385000 9
5386000 9
5387000 9
5388000 9
5389000 9
5390000 9
5391000 9
5392000 9
5393000 9
5394000 9
5395000 9
5396000 9
5397000 9
5398000 9
5399000 9
5400000 9
5401000 9
5402000 9
5403000 9
5404000 9
5405000 9
5406000 9
5407000 9
5408000 9
5409000 9
5410000 9
5411000 9
5412000 9
5413000 9
5414000 9
5415000 9
5416000 9
5417000 9
5418000 9
5419000 9
5420000 9
5421000 9
5422000 9
5423000 9
5424000 9
5425000 9
5426000 9
5427000 9
5428000 9
5429000 9
5430000 9
5431000 9
5432000 9
5433000 9
5434000 9
5435000 9
5436000 9
5437000 9
5438000 9
5439000 9
5440000 9
5441000 9
5442000 9
5443000 9
5444000 9
5445000 9
5446000 9
5447000 9
5448000 9
5449000 9
5450000 9
5451000 9
5452000 9
5453000 9
5454000 9
5455000 9
5456000 9
5457000 9
5458000 9
5459000 9
5460000 9
5461000 9
5462000 9
5463000 9
5464000 9
5465000 9
5466000 9
5467000 9
5468000 9
5469000 9
5470000 9
5471000 9
5472000 9
5473000 9
5474000 9
5475000 9
5476000 9
5477000 9
5478000 9
5479000 9
5480000 9
5481000 9
5482000 9
5483000 9
5484000 9
5485000 9
5486000 9
5487000 9
5488000 9
5489000 9
5490000 9
5491000 9
5492000 9
5493000 9
5494000 9
5495000 9
5496000 9
5497000 9
5498000 9
5499000 9
5500000 9
5501000 9
5502000 9
5503000 9
5504000 9
5505000 9
5506000 9
5507000 9
5508000 9
5509000 9
5510000 9
5511000 9
5512000 9
5513000 9
5514000 9
5515000 9
5516000 9
5517000 9
5518000 9
5519000 9
5520000 9
5521000 9
5522000 9
5523000 9
5524000 9
5525000 9
5526000 9
5527000 9
5528000 9
5529000 9
5530000 9
5531000 9
5532000 9
5533000 9
5534000 9
5535000 9
5536000 9
5537000 9
5538000 9
5539000 9
5540000 9
5541000 9
5542000 9
5543000 9
5544000 9
5545000 9
5546000 9
5547000 9
5548000 9
5549000 9
5550000 9
5551000 9
5552000 9
5553000 9
5554000 9
5555000 9
5556000 9
5557000 9
5558000 9
5559000 9
5560000 9
5561000 9
5562000 9
5563000 9
5564000 9
5565000 9
5566000 9
5567000 9
5568000 9
5569000 9
5570000 9
5571000 9
5572000 9
5573000 9
5574000 9
5575000 9
5576000 9
5577000 9
5578000 9
5579000 9
5580000 9
5581000 9
5582000 9
5583000 9
5584000 9
5585000 9
5586000 9
5587000 9
5588000 9
5589000 9
5590000 9
5591000 9
5592000 9
5593000 9
5594000 9
5595000 9
5596000 9
5597000 9
5598000 9
5599000 9
5600000 9
5601000 9
5602000 9
5603000 9
5604000 9
5605000 9
5606000 9
5607000 9
5608000 9
5609000 9
5610000 9
5611000 9
5612000 9
5613000 9
5614000 9
5615000 9
5616000 9
5617000 9
5618000 9
5619000 9
5620000 9
5621000 9
5622000 9
5623000 9
5624000 9
5625000 9
5626000 9
5627000 9
5628000 9
5629000 9
5630000 9
5631000 9
5632000 9
5633000 9
5634000 9
5635000 9
5636000 9
5637000 9
5638000 9
5639000 9
5640000 9
5641000 9
5642000 9
5643000 9
5644000 9
5645000 9
5646000 9
5647000 9
5648000 9
5649000 9
5650000 9
5651000 9
5652000 9
5653000 9
5654000 9
5655000 9
5656000 9
5657000 9
5658000 9
5659000 9
5660000 9
5661000 9
5662000 9
5663000 9
5664000 9
5665000 9
5666000 9
5667000 9
5668000 9
5669000 9
5670000 9
5671000 9
5672000 9
5673000 9
5674000 9
5675000 9
5676000 9
5677000 9
5678000 9
5679000 9
5680000 9
5681000 9
5682000 9
5683000 9
5684000 9
5685000 9
5686000 9
5687000 9
5688000 9
5689000 9
5690000 9
5691000 9
5692000 9
5693000 9
5694000 9
5695000 9
5696000 9
5697000 9
5698000 9
5699000 9
5700000 9
5701000 9
5702000 9
5703000 9
5704000 9
5705000 9
5706000 9
5707000 9
5708000 9
5709000 9
5710000 9
5711000 9
5712000 9
5713000 9
5714000 9
5715000 9
5716000 9
5717000 9
5718000 9
5719000 9
5720000 9
5721000 9
5722000 9
5723000 9
5724000 9
5725000 9
5726000 9
5727000 9
5728000 9
5729000 9
5730000 9
5731000 9
5732000 9
5733000 9
5734000 9
5735000 9
5736000 9
5737000 9
5738000 9
5739000 9
5740000 9
5741000 9
5742000 9
5743000 9
5744000 9
5745000 9
5746000 9
5747000 9
5748000 9
5749000 9
5750000 9
5751000 9
5752000 9
5753000 9
5754000 9
5755000 9
5756000 9
5757000 9
5758000 9
5759000 9
5760000 9
5761000 9
5762000 9
5763000 9
5764000 9
5765000 9
5766000 9
5767000 9
5768000 9
5769000 9
5770000 9
5771000 9
5772000 9
5773000 9
5774000 9
5775000 9
5776000 9
5777000 9
5778000 9
5779000 9
5780000 9
5781000 9
5782000 9
5783000 9
5784000 9
5785000 9
5786000 9
5787000 9
5788000 9
5789000 9
5790000 9
5791000 9
5792000 9
5793000 9
5794000 9
5795000 9
5796000 9
5797000 9
5798000 9
5799000 9
5800000 9
5801000 9
5802000 9
5803000 9
5804000 9
5805000 9
5806000 9
5807000 9
5808000 9
5809000 9
5810000 9
5811000 9
5812000 9
5813000 9
5814000 9
5815000 9
5816000 9
5817000 9
5818000 9
5819000 9
5820000 9
5821000 9
5822000 9
5823000 9
5824000 9
5825000 9
5826000 9
5827000 9
5828000 9
5829000 9
5830000 9
5831000 9
5832000 9
5833000 9
5834000 9
5835000 9
5836000 9
5837000 9
5838000 9
5839000 9
5840000 9
5841000 9
5842000 9
5843000 9
5844000 9
5845000 9
5846000 9
5847000 9
5848000 9
5849000 9
5850000 9
5851000 9
5852000 9
5853000 9
5854000 9
5855000 9
5856000 9
5857000 9
5858000 9
5859000 9
5860000 9
5861000 9
5862000 9
5863000 9
5864000 9
5865000 9
5866000 9
5867000 9
5868000 9
5869000 9
5870000 9
5871000 9
5872000 9
5873000 9
5874000 9
5875000 9
5876000 9
5877000 9
5878000 9
5879000 9
5880000 9
5881000 9
5882000 9
5883000 9
5884000 9
5885000 9
5886000 9
5887000 9
5888000 9
5889000 9
5890000 9
5891000 9
5892000 9
5893000 9
5894000 9
5895000 9
5896000 9
5897000 9
5898000 9
5899000 9
5900000 9
5901000 9
5902000 9
5903000 9
5904000 9
5905000 9
5906000 9
5907000 9
5908000 9
5909000 9
5910000 9
5911000 9
5912000 9
5913000 9
5914000 9
5915000 9
5916000 9
5917000 9
5918000 9
5919000 9
5920000 9
5921000 9
5922000 9
5923000 9
5924000 9
5925000 9
5926000 9
5927000 9
5928000 9
5929000 9
5930000 9
5931000 9
5932000 9
5933000 9
5934000 9
5935000 9
5936000 9
5937000 9
5938000 9
5939000 9
5940000 9
5941000 9
5942000 9
5943000 9
5944000 9
5945000 9
5946000 9
5947000 9
5948000 9
5949000 9
5950000 9
5951000 9
5952000 9
5953000 9
5954000 9
5955000 9
5956000 9
5957000 9
5958000 9
5959000 9
5960000 9
5961000 9
5962000 9
5963000 9
5964000 9
5965000 9
5966000 9
5967000 9
5968000 9
5969000 9
5970000 9
5971000 9
5972000 9
5973000 9
5974000 9
5975000 9
5976000 9
5977000 9
5978000 9
5979000 9
5980000 9
5981000 9
5982000 9
5983000 9
5984000 9
5985000 9
5986000 9
5987000 9
5988000 9
5989000 9
5990000 9
5991000 9
5992000 9
5993000 9
5994000 9
5995000 9
5996000 9
5997000 9
5998000 9
5999000 9
6000000 9
6001000 9
6002000 9
6003000 9
6004000 9
6005000 9
6006000 9
6007000 9
6008000 9
6009000 9
6010000 9
6011000 9
6012000 9
6013000 9
6014000 9
6015000 9
6016000 9
6017000 9
6018000 9
6019000 9
6020000 9
6021000 9
6022000 9
6023000 9
6024000 9
6025000 9
6026000 9
6027000 9
6028000 9
6029000 9
6030000 9
6031000 9
6032000 9
6033000 9
6034000 9
6035000 9
6036000 9
6037000 9
6038000 9
6039000 9
6040000 9
6041000 9
6042000 9
6043000 9
6044000 9
6045000 9
6046000 9
6047000 9
6048000 9
6049000 9
6050000 9
6051000 9
6052000 9
6053000 9
6054000 9
6055000 9
6056000 9
6057000 9
6058000 9
6059000 9
6060000 9
6061000 9
6062000 9
6063000 9
6064000 9
6065000 9
6066000 9
6067000 9
6068000 9
6069000 9
6070000 9
6071000 9
6072000 9
6073000 9
6074000 9
6075000 9
6076000 9
6077000 9
6078000 9
6079000 9
6080000 9
6081000 9
6082000 9
6083000 9
6084000 9
6085000 9
6086000 9
6087000 9
6088000 9
6089000 9
6090000 9
6091000 9
6092000 9
6093000 9
6094000 9
6095000 9
6096000 9
6097000 9
6098000 9
6099000 9
6100000 9
6101000 9
6102000 9
6103000 9
6104000 9
6105000 9
6106000 9
6107000 9
6108000 9
6109000 9
6110000 9
6111000 9
6112000 9
6113000 9
6114000 9
6115000 9
6116000 9
6117000 9
6118000 9
6119000 9
6120000 9
6121000 9
6122000 9
6123000 9
6124000 9
6125000 9
6126000 9
6127000 9
6128000 9
6129000 9
6130000 9
6131000 9
6132000 9
6133000 9
6134000 9
6135000 9
6136000 9
6137000 9
6138000 9
6139000 9
6140000 9
6141000 9
6142000 9
6143000 9
6144000 9
6145000 9
6146000 9
6147000 9
6148000 9
6149000 9
6150000 9
6151000 9
6152000 9
6153000 9
6154000 9
6155000 9
6156000 9
6157000 9
6158000 9
6159000 9
6160000 9
6161000 9
6162000 9
6163000 9
6164000 9
6165000 9
6166000 9
6167000 9
6168000 9
6169000 9
6170000 9
6171000 9
6172000 9
6173000 9
6174000 9
6175000 9
6176000 9
6177000 9
6178000 9
6179000 9
6180000 9
6181000 9
6182000 9
6183000 9
6184000 9
6185000 9
6186000 9
6187000 9
6188000 9
6189000 9
6190000 9
6191000 9
6192000 9
6193000 9
6194000 9
6195000 9
6196000 9
6197000 9
6198000 9
6199000 9
6200000 9
6201000 9
6202000 9
6203000 9
6204000 9
6205000 9
6206000 9
6207000 9
6208000 9
6209000 9
6210000 9
6211000 9
6212000 9
6213000 9
6214000 9
6215000 9
6216000 9
6217000 9
6218000 9
6219000 9
6220000 9
6221000 9
6222000 9
6223000 9
6224000 9
6225000 9
6226000 9
6227000 9
6228000 9
6229000 9
6230000 9
6231000 9
6232000 9
6233000 9
6234000 9
6235000 9
6236000 9
6237000 9
6238000 9
6239000 9
6240000 9
6241000 9
6242000 9
6243000 9
6244000 9
6245000 9
6246000 9
6247000 9
6248000 9
6249000 9
6250000 9
6251000 9
6252000 9
6253000 9
6254000 9
6255000 9
6256000 9
6257000 9
6258000 9
6259000 9
6260000 9
6261000 9
6262000 9
6263000 9
6264000 9
6265000 9
6266000 9
6267000 9
6268000 9
6269000 9
6270000 9
6271000 9
6272000 9
6273000 9
6274000 9
6275000 9
6276000 9
6277000 9
6278000 9
6279000 9
6280000 9
6281000 9
6282000 9
6283000 9
6284000 9
6285000 9
6286000 9
6287000 9
6288000 9
6289000 9
6290000 9
6291000 9
6292000 9
6293000 9
6294000 9
6295000 9
6296000 9
6297000 9
6298000 9
6299000 9
6300000 9
6301000 9
6302000 9
6303000 9
6304000 9
6305000 9
6306000 9
6307000 9
6308000 9
6309000 9
6310000 9
6311000 9
6312000 9
6313000 9
6314000 9
6315000 9
6316000 9
6317000 9
6318000 9
6319000 9
6320000 9
6321000 9
6322000 9
6323000 9
6324000 9
6325000 9
6326000 9
6327000 9
6328000 9
6329000 9
6330000 9
6331000 9
6332000 9
6333000 9
6334000 9
6335000 9
6336000 9
6337000 9
6338000 9
6339000 9
6340000 9
6341000 9
6342000 9
6343000 9
6344000 9
6345000 9
6346000 9
6347000 9
6348000 9
6349000 9
6350000 9
6351000 9
6352000 9
6353000 9
6354000 9
6355000 9
6356000 9
6357000 9
6358000 9
6359000 9
6360000 9
6361000 9
6362000 9
6363000 9
6364000 9
6365000 9
6366000 9
6367000 9
6368000 9
6369000 9
6370000 9
6371000 9
6372000 9
6373000 9
6374000 9
6375000 9
6376000 9
6377000 9
6378000 9
6379000 9
6380000 9
6381000 9
6382000 9
6383000 9
6384000 9
6385000 9
6386000 9
6387000 9
6388000 9
6389000 9
6390000 9
6391000 9
6392000 9
6393000 9
6394000 9
6395000 9
6396000 9
6397000 9
6398000 9
6399000 9
6400000 9
6401000 9
6402000 9
6403000 9
6404000 9
6405000 9
6406000 9
6407000 9
6408000 9
6409000 9
6410000 9
6411000 9
6412000 9
6413000 9
6414000 9
6415000 9
6416000 9
6417000 9
6418000 9
6419000 9
6420000 9
6421000 9
6422000 9
6423000 9
6424000 9
6425000 9
6426000 9
6427000 9
6428000 9
6429000 9
6430000 9
6431000 9
6432000 9
6433000 9
6434000 9
6435000 9
6436000 9
6437000 9
6438000 9
6439000 9
6440000 9
6441000 9
6442000 9
6443000 9
6444000 9
6445000 9
6446000 9
6447000 9
6448000 9
6449000 9
6450000 9
6451000 9
6452000 9
6453000 9
6454000 9
6455000 9
6456000 9
6457000 9
6458000 9
6459000 9
6460000 9
6461000 9
6462000 9
6463000 9
6464000 9
6465000 9
6466000 9
6467000 9
6468000 9
6469000 9
6470000 9
6471000 9
6472000 9
6473000 9
6474000 9
6475000 9
6476000 9
6477000 9
6478000 9
6479000 9
6480000 9
6481000 9
6482000 9
6483000 9
6484000 9
6485000 9
6486000 9
6487000 9
6488000 9
6489000 9
6490000 9
6491000 9
6492000 9
6493000 9
6494000 9
6495000 9
6496000 9
6497000 9
6498000 9
6499000 9
6500000 9
6501000 9
6502000 9
6503000 9
6504000 9
6505000 9
6506000 9
6507000 9
6508000 9
6509000 9
6510000 9
6511000 9
6512000 9
6513000 9
6514000 9
6515000 9
6516000 9
6517000 9
6518000 9
6519000 9
6520000 9
6521000 9
6522000 9
6523000 9
6524000 9
6525000 9
6526000 9
6527000 9
6528000 9
6529000 9
6530000 9
6531000 9
6532000 9
6533000 9
6534000 9
6535000 9
6536000 9
6537000 9
6538000 9
6539000 9
6540000 9
6541000 9
6542000 9
6543000 9
6544000 9
6545000 9
6546000 9
6547000 9
6548000 9
6549000 9
6550000 9
6551000 9
6552000 9
6553000 9
6554000 9
6555000 9
6556000 9
6557000 9
6558000 9
6559000 9
6560000 9
6561000 9
6562000 9
6563000 9
6564000 9
6565000 9
6566000 9
6567000 9
6568000 9
6569000 9
6570000 9
6571000 9
6572000 9
6573000 9
6574000 9
6575000 9
6576000 9
6577000 9
6578000 9
6579000 9
6580000 9
6581000 9
6582000 9
6583000 9
6584000 9
6585000 9
6586000 9
6587000 9
6588000 9
6589000 9
6590000 9
6591000 9
6592000 9
6593000 9
6594000 9
6595000 9
6596000 9
6597000 9
6598000 9
6599000 9
6600000 9
6601000 9
6602000 9
6603000 9
6604000 9
6605000 9
6606000 9
6607000 9
6608000 9
6609000 9
6610000 9
6611000 9
6612000 9
6613000 9
6614000 9
6615000 9
6616000 9
6617000 9
6618000 9
6619000 9
6620000 9
6621000 9
6622000 9
6623000 9
6624000 9
6625000 9
6626000 9
6627000 9
6628000 9
6629000 9
6630000 9
6631000 9
6632000 9
6633000 9
6634000 9
6635000 9
6636000 9
6637000 9
6638000 9
6639000 9
6640000 9
6641000 9
6642000 9
6643000 9
6644000 9
6645000 9
6646000 9
6647000 9
6648000 9
6649000 9
6650000 9
6651000 9
6652000 9
6653000 9
6654000 9
6655000 9
6656000 9
6657000 9
6658000 9
6659000 9
6660000 9
6661000 9
6662000 9
6663000 9
6664000 9
6665000 9
6666000 9
6667000 9
6668000 9
6669000 9
6670000 9
6671000 9
6672000 9
6673000 9
6674000 9
6675000 9
6676000 9
6677000 9
6678000 9
6679000 9
6680000 9
6681000 9
6682000 9
6683000 9
6684000 9
6685000 9
6686000 9
6687000 9
6688000 9
6689000 9
6690000 9
6691000 9
6692000 9
6693000 9
6694000 9
6695000 9
6696000 9
6697000 9
6698000 9
6699000 9
6700000 9
6701000 9
6702000 9
6703000 9
6704000 9
6705000 9
6706000 9
6707000 9
6708000 9
6709000 9
6710000 9
6711000 9
6712000 9
6713000 9
6714000 9
6715000 9
6716000 9
6717000 9
6718000 9
6719000 9
6720000 9
6721000 9
6722000 9
6723000 9
6724000 9
6725000 9
6726000 9
6727000 9
6728000 9
6729000 9
6730000 9
6731000 9
6732000 9
6733000 9
6734000 9
6735000 9
6736000 9
6737000 9
6738000 9
6739000 9
6740000 9
6741000 9
6742000 9
6743000 9
6744000 9
6745000 9
6746000 9
6747000 9
6748000 9
6749000 9
6750000 9
6751000 9
6752000 9
6753000 9
6754000 9
6755000 9
6756000 9
6757000 9
6758000 9
6759000 9
6760000 9
6761000 9
6762000 9
6763000 9
6764000 9
6765000 9
6766000 9
6767000 9
6768000 9
6769000 9
6770000 9
6771000 9
6772000 9
6773000 9
6774000 9
6775000 9
6776000 9
6777000 9
6778000 9
6779000 9
6780000 9
6781000 9
6782000 9
6783000 9
6784000 9
6785000 9
6786000 9
6787000 9
6788000 9
6789000 9
6790000 9
6791000 9
6792000 9
6793000 9
6794000 9
6795000 9
6796000 9
6797000 9
6798000 9
6799000 9
6800000 9
6801000 9
6802000 9
6803000 9
6804000 9
6805000 9
6806000 9
6807000 9
6808000 9
6809000 9
6810000 9
6811000 9
6812000 9
6813000 9
6814000 9
6815000 9
6816000 9
6817000 9
6818000 9
6819000 9
6820000 9
6821000 9
6822000 9
6823000 9
6824000 9
6825000 9
6826000 9
6827000 9
6828000 9
6829000 9
6830000 9
6831000 9
6832000 9
6833000 9
6834000 9
6835000 9
6836000 9
6837000 9
6838000 9
6839000 9
6840000 9
6841000 9
6842000 9
6843000 9
6844000 9
6845000 9
6846000 9
6847000 9
6848000 9
6849000 9
6850000 9
6851000 9
6852000 9
6853000 9
6854000 9
6855000 9
6856000 9
6857000 9
6858000 9
6859000 9
6860000 9
6861000 9
6862000 9
6863000 9
6864000 9
6865000 9
6866000 9
6867000 9
6868000 9
6869000 9
6870000 9
6871000 9
6872000 9
6873000 9
6874000 9
6875000 9
6876000 9
6877000 9
6878000 9
6879000 9
6880000 9
6881000 9
6882000 9
6883000 9
6884000 9
6885000 9
6886000 9
6887000 9
6888000 9
6889000 9
6890000 9
6891000 9
6892000 9
6893000 9
6894000 9
6895000 9
6896000 9
6897000 9
6898000 9
6899000 9
6900000 9
6901000 9
6902000 9
6903000 9
6904000 9
6905000 9
6906000 9
6907000 9
6908000 9
6909000 9
6910000 9
6911000 9
6912000 9
6913000 9
6914000 9
6915000 9
6916000 9
6917000 9
6918000 9
6919000 9
6920000 9
6921000 9
6922000 9
6923000 9
6924000 9
6925000 9
6926000 9
6927000 9
6928000 9
6929000 9
6930000 9
6931000 9
6932000 9
6933000 9
6934000 9
6935000 9
6936000 9
6937000 9
6938000 9
6939000 9
6940000 9
6941000 9
6942000 9
6943000 9
6944000 9
6945000 9
6946000 9
6947000 9
6948000 9
6949000 9
6950000 9
6951000 9
6952000 9
6953000 9
6954000 9
6955000 9
6956000 9
6957000 9
6958000 9
6959000 9
6960000 9
6961000 9
6962000 9
6963000 9
6964000 9
6965000 9
6966000 9
6967000 9
6968000 9
6969000 9
6970000 9
6971000 9
6972000 9
6973000 9
6974000 9
6975000 9
6976000 9
6977000 9
6978000 9
6979000 9
6980000 9
6981000 9
6982000 9
6983000 9
6984000 9
6985000 9
6986000 9
6987000 9
6988000 9
6989000 9
6990000 9
6991000 9
6992000 9
6993000 9
6994000 9
6995000 9
6996000 9
6997000 9
6998000 9
6999000 9
