# frame 	 heights
0 4
1000 4
2000 4
3000 4
4000 4
5000 4
6000 4
7000 4
8000 4
9000 4
10000 4
11000 4
12000 4
13000 4
14000 4
15000 4
16000 4
17000 4
18000 4
19000 4
20000 4
21000 4
22000 4
23000 4
24000 4
25000 4
26000 4
27000 4
28000 4
29000 4
30000 4
31000 4
32000 4
33000 4
34000 4
35000 4
36000 4
37000 4
38000 4
39000 4
40000 4
41000 4
42000 4
43000 4
44000 4
45000 4
46000 4
47000 4
48000 4
49000 4
50000 4
51000 4
52000 4
53000 4
54000 4
55000 4
56000 4
57000 4
58000 4
59000 4
60000 4
61000 4
62000 4
63000 4
64000 4
65000 4
66000 4
67000 4
68000 4
69000 4
70000 4
71000 4
72000 4
73000 4
74000 4
75000 4
76000 4
77000 4
78000 4
79000 4
80000 4
81000 4
82000 4
83000 4
84000 4
85000 4
86000 4
87000 4
88000 4
89000 4
90000 4
91000 4
92000 4
93000 4
94000 4
95000 4
96000 4
97000 4
98000 4
99000 4
100000 4
101000 4
102000 4
103000 4
104000 4
105000 4
106000 4
107000 4
108000 4
109000 4
110000 4
111000 4
112000 4
113000 4
114000 4
115000 4
116000 4
117000 4
118000 4
119000 4
120000 4
121000 4
122000 4
123000 4
124000 4
125000 4
126000 4
127000 4
128000 4
129000 4
130000 4
131000 4
132000 4
133000 4
134000 4
135000 4
136000 4
137000 4
138000 4
139000 4
140000 4
141000 4
142000 4
143000 4
144000 4
145000 4
146000 4
147000 4
148000 4
149000 4
150000 4
151000 4
152000 4
153000 4
154000 4
155000 4
156000 4
157000 4
158000 4
159000 4
160000 4
161000 4
162000 4
163000 4
164000 4
165000 4
166000 4
167000 4
168000 4
169000 4
170000 4
171000 4
172000 4
173000 4
174000 4
175000 4
176000 4
177000 4
178000 4
179000 4
180000 4
181000 4
182000 4
183000 4
184000 4
185000 4
186000 4
187000 4
188000 4
189000 4
190000 4
191000 4
192000 4
193000 4
194000 4
195000 4
196000 4
197000 4
198000 4
199000 4
200000 4
201000 4
202000 4
203000 4
204000 4
205000 4
206000 4
207000 4
208000 4
209000 4
210000 4
211000 4
212000 4
213000 4
214000 4
215000 4
216000 4
217000 4
218000 4
219000 4
220000 4
221000 4
222000 4
223000 4
224000 4
225000 4
226000 4
227000 4
228000 4
229000 4
230000 4
231000 4
232000 4
233000 4
234000 4
235000 4
236000 4
237000 4
238000 4
239000 4
240000 4
241000 4
242000 4
243000 4
244000 4
245000 4
246000 4
247000 4
248000 4
249000 4
250000 4
251000 4
252000 4
253000 4
254000 4
255000 4
256000 4
257000 4
258000 4
259000 4
260000 4
261000 4
262000 4
263000 4
264000 4
265000 4
266000 4
267000 4
268000 4
269000 4
270000 4
271000 4
272000 4
273000 4
274000 4
275000 4
276000 4
277000 4
278000 4
279000 4
280000 4
281000 4
282000 4
283000 4
284000 4
285000 4
286000 4
287000 4
288000 4
289000 4
290000 4
291000 4
292000 4
293000 4
294000 4
295000 4
296000 4
297000 4
298000 4
299000 4
300000 4
301000 4
302000 4
303000 4
304000 4
305000 4
306000 4
307000 4
308000 4
309000 4
310000 4
311000 4
312000 4
313000 4
314000 4
315000 4
316000 4
317000 4
318000 4
319000 4
320000 4
321000 4
322000 4
323000 4
324000 4
325000 4
326000 4
327000 4
328000 4
329000 4
330000 4
331000 4
332000 4
333000 4
334000 4
335000 4
336000 4
337000 4
338000 4
339000 4
340000 4
341000 4
342000 4
343000 4
344000 4
345000 4
346000 4
347000 4
348000 4
349000 4
350000 4
351000 4
352000 4
353000 4
354000 4
355000 4
356000 4
357000 4
358000 4
359000 4
360000 4
361000 4
362000 4
363000 4
364000 4
365000 4
366000 4
367000 4
368000 4
369000 4
370000 4
371000 4
372000 4
373000 4
374000 4
375000 4
376000 4
377000 4
378000 4
379000 4
380000 4
381000 4
382000 4
383000 4
384000 4
385000 4
386000 4
387000 4
388000 4
389000 4
390000 4
391000 4
392000 4
393000 4
394000 4
395000 4
396000 4
397000 4
398000 4
399000 4
400000 4
401000 4
402000 4
403000 4
404000 4
405000 4
406000 4
407000 4
408000 4
409000 4
410000 4
411000 4
412000 4
413000 4
414000 4
415000 4
416000 4
417000 4
418000 4
419000 4
420000 4
421000 4
422000 4
423000 4
424000 4
425000 4
426000 4
427000 4
428000 4
429000 4
430000 4
431000 4
432000 4
433000 4
434000 4
435000 4
436000 4
437000 4
438000 4
439000 4
440000 4
441000 4
442000 4
443000 4
444000 4
445000 4
446000 4
447000 4
448000 4
449000 4
450000 4
451000 4
452000 4
453000 4
454000 4
455000 4
456000 4
457000 4
458000 4
459000 4
460000 4
461000 4
462000 4
463000 4
464000 4
465000 4
466000 4
467000 4
468000 4
469000 4
470000 4
471000 4
472000 4
473000 4
474000 4
475000 4
476000 4
477000 4
478000 4
479000 4
480000 4
481000 4
482000 4
483000 4
484000 4
485000 4
486000 4
487000 4
488000 4
489000 4
490000 4
491000 4
492000 4
493000 4
494000 4
495000 4
496000 4
497000 4
498000 4
499000 4
500000 4
501000 4
502000 4
503000 4
504000 4
505000 4
506000 4
507000 4
508000 4
509000 4
510000 4
511000 4
512000 4
513000 4
514000 4
515000 4
516000 4
517000 4
518000 4
519000 4
520000 4
521000 4
522000 4
523000 4
524000 4
525000 4
526000 4
527000 4
528000 4
529000 4
530000 4
531000 4
532000 4
533000 4
534000 4
535000 4
536000 4
537000 4
538000 4
539000 4
540000 4
541000 4
542000 4
543000 4
544000 4
545000 4
546000 4
547000 4
548000 4
549000 4
550000 4
551000 4
552000 4
553000 4
554000 4
555000 4
556000 4
557000 4
558000 4
559000 4
560000 4
561000 4
562000 4
563000 4
564000 4
565000 4
566000 4
567000 4
568000 4
569000 4
570000 4
571000 4
572000 4
573000 4
574000 4
575000 4
576000 4
577000 4
578000 4
579000 4
580000 4
581000 4
582000 4
583000 4
584000 4
585000 4
586000 4
587000 4
588000 4
589000 4
590000 4
591000 4
592000 4
593000 4
594000 4
595000 4
596000 4
597000 4
598000 4
599000 4
600000 4
601000 4
602000 4
603000 4
604000 4
605000 4
606000 4
607000 4
608000 4
609000 4
610000 4
611000 4
612000 4
613000 4
614000 4
615000 4
616000 4
617000 4
618000 4
619000 4
620000 4
621000 4
622000 4
623000 4
624000 4
625000 4
626000 4
627000 4
628000 4
629000 4
630000 4
631000 4
632000 4
633000 4
634000 4
635000 4
636000 4
637000 4
638000 4
639000 4
640000 4
641000 4
642000 4
643000 4
644000 4
645000 4
646000 4
647000 4
648000 4
649000 4
650000 4
651000 4
652000 4
653000 4
654000 4
655000 4
656000 4
657000 4
658000 4
659000 4
660000 4
661000 4
662000 4
663000 4
664000 4
665000 4
666000 4
667000 4
668000 4
669000 4
670000 4
671000 4
672000 4
673000 4
674000 4
675000 4
676000 4
677000 4
678000 4
679000 4
680000 4
681000 4
682000 4
683000 4
684000 4
685000 4
686000 4
687000 4
688000 4
689000 4
690000 4
691000 4
692000 4
693000 4
694000 4
695000 4
696000 4
697000 4
698000 4
699000 4
700000 4
701000 4
702000 4
703000 4
704000 4
705000 4
706000 4
707000 4
708000 4
709000 4
710000 4
711000 4
712000 4
713000 4
714000 4
715000 4
716000 4
717000 4
718000 4
719000 4
720000 4
721000 4
722000 4
723000 4
724000 4
725000 4
726000 4
727000 4
728000 4
729000 4
730000 4
731000 4
732000 4
733000 4
734000 4
735000 4
736000 4
737000 4
738000 4
739000 4
740000 4
741000 4
742000 4
743000 4
744000 4
745000 4
746000 4
747000 4
748000 4
749000 4
750000 4
751000 4
752000 4
753000 4
754000 4
755000 4
756000 4
757000 4
758000 4
759000 4
760000 4
761000 4
762000 4
763000 4
764000 4
765000 4
766000 4
767000 4
768000 4
769000 4
770000 4
771000 4
772000 4
773000 4
774000 4
775000 4
776000 4
777000 4
778000 4
779000 4
780000 4
781000 4
782000 4
783000 4
784000 4
785000 4
786000 4
787000 4
788000 4
789000 4
790000 4
791000 4
792000 4
793000 4
794000 4
795000 4
796000 4
797000 4
798000 4
799000 4
800000 4
801000 4
802000 4
803000 4
804000 4
805000 4
806000 4
807000 4
808000 4
809000 4
810000 4
811000 4
812000 4
813000 4
814000 4
815000 4
816000 4
817000 4
818000 4
819000 4
820000 4
821000 4
822000 4
823000 4
824000 4
825000 4
826000 4
827000 4
828000 4
829000 4
830000 4
831000 4
832000 4
833000 4
834000 4
835000 4
836000 4
837000 4
838000 4
839000 4
840000 4
841000 4
842000 4
843000 4
844000 4
845000 4
846000 4
847000 4
848000 4
849000 4
850000 4
851000 4
852000 4
853000 4
854000 4
855000 4
856000 4
857000 4
858000 4
859000 4
860000 4
861000 4
862000 4
863000 4
864000 4
865000 4
866000 4
867000 4
868000 4
869000 4
870000 4
871000 4
872000 4
873000 4
874000 4
875000 4
876000 4
877000 4
878000 4
879000 4
880000 4
881000 4
882000 4
883000 4
884000 4
885000 4
886000 4
887000 4
888000 4
889000 4
890000 4
891000 4
892000 4
893000 4
894000 4
895000 4
896000 4
897000 4
898000 4
899000 4
900000 4
901000 4
902000 4
903000 4
904000 4
905000 4
906000 4
907000 4
908000 4
909000 4
910000 4
911000 4
912000 4
913000 4
914000 4
915000 4
916000 4
917000 4
918000 4
919000 4
920000 4
921000 4
922000 4
923000 4
924000 4
925000 4
926000 4
927000 4
928000 4
929000 4
930000 4
931000 4
932000 4
933000 4
934000 4
935000 4
936000 4
937000 4
938000 4
939000 4
940000 4
941000 4
942000 4
943000 4
944000 4
945000 4
946000 4
947000 4
948000 4
949000 4
950000 4
951000 4
952000 4
953000 4
954000 4
955000 4
956000 4
957000 4
958000 4
959000 4
960000 4
961000 4
962000 4
963000 4
964000 4
965000 4
966000 4
967000 4
968000 4
969000 4
970000 4
971000 4
972000 4
973000 4
974000 4
975000 4
976000 4
977000 4
978000 4
979000 4
980000 4
981000 4
982000 4
983000 4
984000 4
985000 4
986000 4
987000 4
988000 4
989000 4
990000 4
991000 4
992000 4
993000 4
994000 4
995000 4
996000 4
997000 4
998000 4
999000 4
1000000 4
1001000 4
1002000 4
1003000 4
1004000 4
1005000 4
1006000 4
1007000 4
1008000 4
1009000 4
1010000 4
1011000 4
1012000 4
1013000 4
1014000 4
1015000 4
1016000 4
1017000 4
1018000 4
1019000 4
1020000 4
1021000 4
1022000 4
1023000 4
1024000 4
1025000 4
1026000 4
1027000 4
1028000 4
1029000 4
1030000 4
1031000 4
1032000 4
1033000 4
1034000 4
1035000 4
1036000 4
1037000 4
1038000 4
1039000 4
1040000 4
1041000 4
1042000 4
1043000 4
1044000 4
1045000 4
1046000 4
1047000 4
1048000 4
1049000 4
1050000 4
1051000 4
1052000 4
1053000 4
1054000 4
1055000 4
1056000 4
1057000 4
1058000 4
1059000 4
1060000 4
1061000 4
1062000 4
1063000 4
1064000 4
1065000 4
1066000 4
1067000 4
1068000 4
1069000 4
1070000 4
1071000 4
1072000 4
1073000 4
1074000 4
1075000 4
1076000 4
1077000 4
1078000 4
1079000 4
1080000 4
1081000 4
1082000 4
1083000 4
1084000 4
1085000 4
1086000 4
1087000 4
1088000 4
1089000 4
1090000 4
1091000 4
1092000 4
1093000 4
1094000 4
1095000 4
1096000 4
1097000 4
1098000 4
1099000 4
1100000 4
1101000 4
1102000 4
1103000 4
1104000 4
1105000 4
1106000 4
1107000 4
1108000 4
1109000 4
1110000 4
1111000 4
1112000 4
1113000 4
1114000 4
1115000 4
1116000 4
1117000 4
1118000 4
1119000 4
1120000 4
1121000 4
1122000 4
1123000 4
1124000 4
1125000 4
1126000 4
1127000 4
1128000 4
1129000 4
1130000 4
1131000 4
1132000 4
1133000 4
1134000 4
1135000 4
1136000 4
1137000 4
1138000 4
1139000 4
1140000 4
1141000 4
1142000 4
1143000 4
1144000 4
1145000 4
1146000 4
1147000 4
1148000 4
1149000 4
1150000 4
1151000 4
1152000 4
1153000 4
1154000 4
1155000 4
1156000 4
1157000 4
1158000 4
1159000 4
1160000 4
1161000 4
1162000 4
1163000 4
1164000 4
1165000 4
1166000 4
1167000 4
1168000 4
1169000 4
1170000 4
1171000 4
1172000 4
1173000 4
1174000 4
1175000 4
1176000 4
1177000 4
1178000 4
1179000 4
1180000 4
1181000 4
1182000 4
1183000 4
1184000 4
1185000 4
1186000 4
1187000 4
1188000 4
1189000 4
1190000 4
1191000 4
1192000 4
1193000 4
1194000 4
1195000 4
1196000 4
1197000 4
1198000 4
1199000 4
1200000 4
1201000 4
1202000 4
1203000 4
1204000 4
1205000 4
1206000 4
1207000 4
1208000 4
1209000 4
1210000 4
1211000 4
1212000 4
1213000 4
1214000 4
1215000 4
1216000 4
1217000 4
1218000 4
1219000 4
1220000 4
1221000 4
1222000 4
1223000 4
1224000 4
1225000 4
1226000 4
1227000 4
1228000 4
1229000 4
1230000 4
1231000 4
1232000 4
1233000 4
1234000 4
1235000 4
1236000 4
1237000 4
1238000 4
1239000 4
1240000 4
1241000 4
1242000 4
1243000 4
1244000 4
1245000 4
1246000 4
1247000 4
1248000 4
1249000 4
1250000 4
1251000 4
1252000 4
1253000 4
1254000 4
1255000 4
1256000 4
1257000 4
1258000 4
1259000 4
1260000 4
1261000 4
1262000 4
1263000 4
1264000 4
1265000 4
1266000 4
1267000 4
1268000 4
1269000 4
1270000 4
1271000 4
1272000 4
1273000 4
1274000 4
1275000 4
1276000 4
1277000 4
1278000 4
1279000 4
1280000 4
1281000 4
1282000 4
1283000 4
1284000 4
1285000 4
1286000 4
1287000 4
1288000 4
1289000 4
1290000 4
1291000 4
1292000 4
1293000 4
1294000 4
1295000 4
1296000 4
1297000 4
1298000 4
1299000 4
1300000 4
1301000 4
1302000 4
1303000 4
1304000 4
1305000 4
1306000 4
1307000 4
1308000 4
1309000 4
1310000 4
1311000 4
1312000 4
1313000 4
1314000 4
1315000 4
1316000 4
1317000 4
1318000 4
1319000 4
1320000 4
1321000 4
1322000 4
1323000 4
1324000 4
1325000 4
1326000 4
1327000 4
1328000 4
1329000 4
1330000 4
1331000 4
1332000 4
1333000 4
1334000 4
1335000 4
1336000 4
1337000 4
1338000 4
1339000 4
1340000 4
1341000 4
1342000 4
1343000 4
1344000 4
1345000 4
1346000 4
1347000 4
1348000 4
1349000 4
1350000 4
1351000 4
1352000 4
1353000 4
1354000 4
1355000 4
1356000 4
1357000 4
1358000 4
1359000 4
1360000 4
1361000 4
1362000 4
1363000 4
1364000 4
1365000 4
1366000 4
1367000 4
1368000 4
1369000 4
1370000 4
1371000 4
1372000 4
1373000 4
1374000 4
1375000 4
1376000 4
1377000 4
1378000 4
1379000 4
1380000 4
1381000 4
1382000 4
1383000 4
1384000 4
1385000 4
1386000 4
1387000 4
1388000 4
1389000 4
1390000 4
1391000 4
1392000 4
1393000 4
1394000 4
1395000 4
1396000 4
1397000 4
1398000 4
1399000 4
1400000 4
1401000 4
1402000 4
1403000 4
1404000 4
1405000 4
1406000 4
1407000 4
1408000 4
1409000 4
1410000 4
1411000 4
1412000 4
1413000 4
1414000 4
1415000 4
1416000 4
1417000 4
1418000 4
1419000 4
1420000 4
1421000 4
1422000 4
1423000 4
1424000 4
1425000 4
1426000 4
1427000 4
1428000 4
1429000 4
1430000 4
1431000 4
1432000 4
1433000 4
1434000 4
1435000 4
1436000 4
1437000 4
1438000 4
1439000 4
1440000 4
1441000 4
1442000 4
1443000 4
1444000 4
1445000 4
1446000 4
1447000 4
1448000 4
1449000 4
1450000 4
1451000 4
1452000 4
1453000 4
1454000 4
1455000 4
1456000 4
1457000 4
1458000 4
1459000 4
1460000 4
1461000 4
1462000 4
1463000 4
1464000 4
1465000 4
1466000 4
1467000 4
1468000 4
1469000 4
1470000 4
1471000 4
1472000 4
1473000 4
1474000 4
1475000 4
1476000 4
1477000 4
1478000 4
1479000 4
1480000 4
1481000 4
1482000 4
1483000 4
1484000 4
1485000 4
1486000 4
1487000 4
1488000 4
1489000 4
1490000 4
1491000 4
1492000 4
1493000 4
1494000 4
1495000 4
1496000 4
1497000 4
1498000 4
1499000 4
1500000 4
1501000 4
1502000 4
1503000 4
1504000 4
1505000 4
1506000 4
1507000 4
1508000 4
1509000 4
1510000 4
1511000 4
1512000 4
1513000 4
1514000 4
1515000 4
1516000 4
1517000 4
1518000 4
1519000 4
1520000 4
1521000 4
1522000 4
1523000 4
1524000 4
1525000 4
1526000 4
1527000 4
1528000 4
1529000 4
1530000 4
1531000 4
1532000 4
1533000 4
1534000 4
1535000 4
1536000 4
1537000 4
1538000 4
1539000 4
1540000 4
1541000 4
1542000 4
1543000 4
1544000 4
1545000 4
1546000 4
1547000 4
1548000 4
1549000 4
1550000 4
1551000 4
1552000 4
1553000 4
1554000 4
1555000 4
1556000 4
1557000 4
1558000 4
1559000 4
1560000 4
1561000 4
1562000 4
1563000 4
1564000 4
1565000 4
1566000 4
1567000 4
1568000 4
1569000 4
1570000 4
1571000 4
1572000 4
1573000 4
1574000 4
1575000 4
1576000 4
1577000 4
1578000 4
1579000 4
1580000 4
1581000 4
1582000 4
1583000 4
1584000 4
1585000 4
1586000 4
1587000 4
1588000 4
1589000 4
1590000 4
1591000 4
1592000 4
1593000 4
1594000 4
1595000 4
1596000 4
1597000 4
1598000 4
1599000 4
1600000 4
1601000 4
1602000 4
1603000 4
1604000 4
1605000 4
1606000 4
1607000 4
1608000 4
1609000 4
1610000 4
1611000 4
1612000 4
1613000 4
1614000 4
1615000 4
1616000 4
1617000 4
1618000 4
1619000 4
1620000 4
1621000 4
1622000 4
1623000 4
1624000 4
1625000 4
1626000 4
1627000 4
1628000 4
1629000 4
1630000 4
1631000 4
1632000 4
1633000 4
1634000 4
1635000 4
1636000 4
1637000 4
1638000 4
1639000 4
1640000 4
1641000 4
1642000 4
1643000 4
1644000 4
1645000 4
1646000 4
1647000 4
1648000 4
1649000 4
1650000 4
1651000 4
1652000 4
1653000 4
1654000 4
1655000 4
1656000 4
1657000 4
1658000 4
1659000 4
1660000 4
1661000 4
1662000 4
1663000 4
1664000 4
1665000 4
1666000 4
1667000 4
1668000 4
1669000 4
1670000 4
1671000 4
1672000 4
1673000 4
1674000 4
1675000 4
1676000 4
1677000 4
1678000 4
1679000 4
1680000 4
1681000 4
1682000 4
1683000 4
1684000 4
1685000 4
1686000 4
1687000 4
1688000 4
1689000 4
1690000 4
1691000 4
1692000 4
1693000 4
1694000 4
1695000 4
1696000 4
1697000 4
1698000 4
1699000 4
1700000 4
1701000 4
1702000 4
1703000 4
1704000 4
1705000 4
1706000 4
1707000 4
1708000 4
1709000 4
1710000 4
1711000 4
1712000 4
1713000 4
1714000 4
1715000 4
1716000 4
1717000 4
1718000 4
1719000 4
1720000 4
1721000 4
1722000 4
1723000 4
1724000 4
1725000 4
1726000 4
1727000 4
1728000 4
1729000 4
1730000 4
1731000 4
1732000 4
1733000 4
1734000 4
1735000 4
1736000 4
1737000 4
1738000 4
1739000 4
1740000 4
1741000 4
1742000 4
1743000 4
1744000 4
1745000 4
1746000 4
1747000 4
1748000 4
1749000 4
1750000 4
1751000 4
1752000 4
1753000 4
1754000 4
1755000 4
1756000 4
1757000 4
1758000 4
1759000 4
1760000 4
1761000 4
1762000 4
1763000 4
1764000 4
1765000 4
1766000 4
1767000 4
1768000 4
1769000 4
1770000 4
1771000 4
1772000 4
1773000 4
1774000 4
1775000 4
1776000 4
1777000 4
1778000 4
1779000 4
1780000 4
1781000 4
1782000 4
1783000 4
1784000 4
1785000 4
1786000 4
1787000 4
1788000 4
1789000 4
1790000 4
1791000 4
1792000 4
1793000 4
1794000 4
1795000 4
1796000 4
1797000 4
1798000 4
1799000 4
1800000 4
1801000 4
1802000 4
1803000 4
1804000 4
1805000 4
1806000 4
1807000 4
1808000 4
1809000 4
1810000 4
1811000 4
1812000 4
1813000 4
1814000 4
1815000 4
1816000 4
1817000 4
1818000 4
1819000 4
1820000 4
1821000 4
1822000 4
1823000 4
1824000 4
1825000 4
1826000 4
1827000 4
1828000 4
1829000 4
1830000 4
1831000 4
1832000 4
1833000 4
1834000 4
1835000 4
1836000 4
1837000 4
1838000 4
1839000 4
1840000 4
1841000 4
1842000 4
1843000 4
1844000 4
1845000 4
1846000 4
1847000 4
1848000 4
1849000 4
1850000 4
1851000 4
1852000 4
1853000 4
1854000 4
1855000 4
1856000 4
1857000 4
1858000 4
1859000 4
1860000 4
1861000 4
1862000 4
1863000 4
1864000 4
1865000 4
1866000 4
1867000 4
1868000 4
1869000 4
1870000 4
1871000 4
1872000 4
1873000 4
1874000 4
1875000 4
1876000 4
1877000 4
1878000 4
1879000 4
1880000 4
1881000 4
1882000 4
1883000 4
1884000 4
1885000 4
1886000 4
1887000 4
1888000 4
1889000 4
1890000 4
1891000 4
1892000 4
1893000 4
1894000 4
1895000 4
1896000 4
1897000 4
1898000 4
1899000 4
1900000 4
1901000 4
1902000 4
1903000 4
1904000 4
1905000 4
1906000 4
1907000 4
1908000 4
1909000 4
1910000 4
1911000 4
1912000 4
1913000 4
1914000 4
1915000 4
1916000 4
1917000 4
1918000 4
1919000 4
1920000 4
1921000 4
1922000 4
1923000 4
1924000 4
1925000 4
1926000 4
1927000 4
1928000 4
1929000 4
1930000 4
1931000 4
1932000 4
1933000 4
1934000 4
1935000 4
1936000 4
1937000 4
1938000 4
1939000 4
1940000 4
1941000 4
1942000 4
1943000 4
1944000 4
1945000 4
1946000 4
1947000 4
1948000 4
1949000 4
1950000 4
1951000 4
1952000 4
1953000 4
1954000 4
1955000 4
1956000 4
1957000 4
1958000 4
1959000 4
1960000 4
1961000 4
1962000 4
1963000 4
1964000 4
1965000 4
1966000 4
1967000 4
1968000 4
1969000 4
1970000 4
1971000 4
1972000 4
1973000 4
1974000 4
1975000 4
1976000 4
1977000 4
1978000 4
1979000 4
1980000 4
1981000 4
1982000 4
1983000 4
1984000 4
1985000 4
1986000 4
1987000 4
1988000 4
1989000 4
1990000 4
1991000 4
1992000 4
1993000 4
1994000 4
1995000 4
1996000 4
1997000 4
1998000 4
1999000 4
2000000 4
2001000 4
2002000 4
2003000 4
2004000 4
2005000 4
2006000 4
2007000 4
2008000 4
2009000 4
2010000 4
2011000 4
2012000 4
2013000 4
2014000 4
2015000 4
2016000 4
2017000 4
2018000 4
2019000 4
2020000 4
2021000 4
2022000 4
2023000 4
2024000 4
2025000 4
2026000 4
2027000 4
2028000 4
2029000 4
2030000 4
2031000 4
2032000 4
2033000 4
2034000 4
2035000 4
2036000 4
2037000 4
2038000 4
2039000 4
2040000 4
2041000 4
2042000 4
2043000 4
2044000 4
2045000 4
2046000 4
2047000 4
2048000 4
2049000 4
2050000 4
2051000 4
2052000 4
2053000 4
2054000 4
2055000 4
2056000 4
2057000 4
2058000 4
2059000 4
2060000 4
2061000 4
2062000 4
2063000 4
2064000 4
2065000 4
2066000 4
2067000 4
2068000 4
2069000 4
2070000 4
2071000 4
2072000 4
2073000 4
2074000 4
2075000 4
2076000 4
2077000 4
2078000 4
2079000 4
2080000 4
2081000 4
2082000 4
2083000 4
2084000 4
2085000 4
2086000 4
2087000 4
2088000 4
2089000 4
2090000 4
2091000 4
2092000 4
2093000 4
2094000 4
2095000 4
2096000 4
2097000 4
2098000 4
2099000 4
2100000 4
2101000 4
2102000 4
2103000 4
2104000 4
2105000 4
2106000 4
2107000 4
2108000 4
2109000 4
2110000 4
2111000 4
2112000 4
2113000 4
2114000 4
2115000 4
2116000 4
2117000 4
2118000 4
2119000 4
2120000 4
2121000 4
2122000 4
2123000 4
2124000 4
2125000 4
2126000 4
2127000 4
2128000 4
2129000 4
2130000 4
2131000 4
2132000 4
2133000 4
2134000 4
2135000 4
2136000 4
2137000 4
2138000 4
2139000 4
2140000 4
2141000 4
2142000 4
2143000 4
2144000 4
2145000 4
2146000 4
2147000 4
2148000 4
2149000 4
2150000 4
2151000 4
2152000 4
2153000 4
2154000 4
2155000 4
2156000 4
2157000 4
2158000 4
2159000 4
2160000 4
2161000 4
2162000 4
2163000 4
2164000 4
2165000 4
2166000 4
2167000 4
2168000 4
2169000 4
2170000 4
2171000 4
2172000 4
2173000 4
2174000 4
2175000 4
2176000 4
2177000 4
2178000 4
2179000 4
2180000 4
2181000 4
2182000 4
2183000 4
2184000 4
2185000 4
2186000 4
2187000 4
2188000 4
2189000 4
2190000 4
2191000 4
2192000 4
2193000 4
2194000 4
2195000 4
2196000 4
2197000 4
2198000 4
2199000 4
2200000 4
2201000 4
2202000 4
2203000 4
2204000 4
2205000 4
2206000 4
2207000 4
2208000 4
2209000 4
2210000 4
2211000 4
2212000 4
2213000 4
2214000 4
2215000 4
2216000 4
2217000 4
2218000 4
2219000 4
2220000 4
2221000 4
2222000 4
2223000 4
2224000 4
2225000 4
2226000 4
2227000 4
2228000 4
2229000 4
2230000 4
2231000 4
2232000 4
2233000 4
2234000 4
2235000 4
2236000 4
2237000 4
2238000 4
2239000 4
2240000 4
2241000 4
2242000 4
2243000 4
2244000 4
2245000 4
2246000 4
2247000 4
2248000 4
2249000 4
2250000 4
2251000 4
2252000 4
2253000 4
2254000 4
2255000 4
2256000 4
2257000 4
2258000 4
2259000 4
2260000 4
2261000 4
2262000 4
2263000 4
2264000 4
2265000 4
2266000 4
2267000 4
2268000 4
2269000 4
2270000 4
2271000 4
2272000 4
2273000 4
2274000 4
2275000 4
2276000 4
2277000 4
2278000 4
2279000 4
2280000 4
2281000 4
2282000 4
2283000 4
2284000 4
2285000 4
2286000 4
2287000 4
2288000 4
2289000 4
2290000 4
2291000 4
2292000 4
2293000 4
2294000 4
2295000 4
2296000 4
2297000 4
2298000 4
2299000 4
2300000 4
2301000 4
2302000 4
2303000 4
2304000 4
2305000 4
2306000 4
2307000 4
2308000 4
2309000 4
2310000 4
2311000 4
2312000 4
2313000 4
2314000 4
2315000 4
2316000 4
2317000 4
2318000 4
2319000 4
2320000 4
2321000 4
2322000 4
2323000 4
2324000 4
2325000 4
2326000 4
2327000 4
2328000 4
2329000 4
2330000 4
2331000 4
2332000 4
2333000 4
2334000 4
2335000 4
2336000 4
2337000 4
2338000 4
2339000 4
2340000 4
2341000 4
2342000 4
2343000 4
2344000 4
2345000 4
2346000 4
2347000 4
2348000 4
2349000 4
2350000 4
2351000 4
2352000 4
2353000 4
2354000 4
2355000 4
2356000 4
2357000 4
2358000 4
2359000 4
2360000 4
2361000 4
2362000 4
2363000 4
2364000 4
2365000 4
2366000 4
2367000 4
2368000 4
2369000 4
2370000 4
2371000 4
2372000 4
2373000 4
2374000 4
2375000 4
2376000 4
2377000 4
2378000 4
2379000 4
2380000 4
2381000 4
2382000 4
2383000 4
2384000 4
2385000 4
2386000 4
2387000 4
2388000 4
2389000 4
2390000 4
2391000 4
2392000 4
2393000 4
2394000 4
2395000 4
2396000 4
2397000 4
2398000 4
2399000 4
2400000 4
2401000 4
2402000 4
2403000 4
2404000 4
2405000 4
2406000 4
2407000 4
2408000 4
2409000 4
2410000 4
2411000 4
2412000 4
2413000 4
2414000 4
2415000 4
2416000 4
2417000 4
2418000 4
2419000 4
2420000 4
2421000 4
2422000 4
2423000 4
2424000 4
2425000 4
2426000 4
2427000 4
2428000 4
2429000 4
2430000 4
2431000 4
2432000 4
2433000 4
2434000 4
2435000 4
2436000 4
2437000 4
2438000 4
2439000 4
2440000 4
2441000 4
2442000 4
2443000 4
2444000 4
2445000 4
2446000 4
2447000 4
2448000 4
2449000 4
2450000 4
2451000 4
2452000 4
2453000 4
2454000 4
2455000 4
2456000 4
2457000 4
2458000 4
2459000 4
2460000 4
2461000 4
2462000 4
2463000 4
2464000 4
2465000 4
2466000 4
2467000 4
2468000 4
2469000 4
2470000 4
2471000 4
2472000 4
2473000 4
2474000 4
2475000 4
2476000 4
2477000 4
2478000 4
2479000 4
2480000 4
2481000 4
2482000 4
2483000 4
2484000 4
2485000 4
2486000 4
2487000 4
2488000 4
2489000 4
2490000 4
2491000 4
2492000 4
2493000 4
2494000 4
2495000 4
2496000 4
2497000 4
2498000 4
2499000 4
2500000 4
2501000 4
2502000 4
2503000 4
2504000 4
2505000 4
2506000 4
2507000 4
2508000 4
2509000 4
2510000 4
2511000 4
2512000 4
2513000 4
2514000 4
2515000 4
2516000 4
2517000 4
2518000 4
2519000 4
2520000 4
2521000 4
2522000 4
2523000 4
2524000 4
2525000 4
2526000 4
2527000 4
2528000 4
2529000 4
2530000 4
2531000 4
2532000 4
2533000 4
2534000 4
2535000 4
2536000 4
2537000 4
2538000 4
2539000 4
2540000 4
2541000 4
2542000 4
2543000 4
2544000 4
2545000 4
2546000 4
2547000 4
2548000 4
2549000 4
2550000 4
2551000 4
2552000 4
2553000 4
2554000 4
2555000 4
2556000 4
2557000 4
2558000 4
2559000 4
2560000 4
2561000 4
2562000 4
2563000 4
2564000 4
2565000 4
2566000 4
2567000 4
2568000 4
2569000 4
2570000 4
2571000 4
2572000 4
2573000 4
2574000 4
2575000 4
2576000 4
2577000 4
2578000 4
2579000 4
2580000 4
2581000 4
2582000 4
2583000 4
2584000 4
2585000 4
2586000 4
2587000 4
2588000 4
2589000 4
2590000 4
2591000 4
2592000 4
2593000 4
2594000 4
2595000 4
2596000 4
2597000 4
2598000 4
2599000 4
2600000 4
2601000 4
2602000 4
2603000 4
2604000 4
2605000 4
2606000 4
2607000 4
2608000 4
2609000 4
2610000 4
2611000 4
2612000 4
2613000 4
2614000 4
2615000 4
2616000 4
2617000 4
2618000 4
2619000 4
2620000 4
2621000 4
2622000 4
2623000 4
2624000 4
2625000 4
2626000 4
2627000 4
2628000 4
2629000 4
2630000 4
2631000 4
2632000 4
2633000 4
2634000 4
2635000 4
2636000 4
2637000 4
2638000 4
2639000 4
2640000 4
2641000 4
2642000 4
2643000 4
2644000 4
2645000 4
2646000 4
2647000 4
2648000 4
2649000 4
2650000 4
2651000 4
2652000 4
2653000 4
2654000 4
2655000 4
2656000 4
2657000 4
2658000 4
2659000 4
2660000 4
2661000 4
2662000 4
2663000 4
2664000 4
2665000 4
2666000 4
2667000 4
2668000 4
2669000 4
2670000 4
2671000 4
2672000 4
2673000 4
2674000 4
2675000 4
2676000 4
2677000 4
2678000 4
2679000 4
2680000 4
2681000 4
2682000 4
2683000 4
2684000 4
2685000 4
2686000 4
2687000 4
2688000 4
2689000 4
2690000 4
2691000 4
2692000 4
2693000 4
2694000 4
2695000 4
2696000 4
2697000 4
2698000 4
2699000 4
2700000 4
2701000 4
2702000 4
2703000 4
2704000 4
2705000 4
2706000 4
2707000 4
2708000 4
2709000 4
2710000 4
2711000 4
2712000 4
2713000 4
2714000 4
2715000 4
2716000 4
2717000 4
2718000 4
2719000 4
2720000 4
2721000 4
2722000 4
2723000 4
2724000 4
2725000 4
2726000 4
2727000 4
2728000 4
2729000 4
2730000 4
2731000 4
2732000 4
2733000 4
2734000 4
2735000 4
2736000 4
2737000 4
2738000 4
2739000 4
2740000 4
2741000 4
2742000 4
2743000 4
2744000 4
2745000 4
2746000 4
2747000 4
2748000 4
2749000 4
2750000 4
2751000 4
2752000 4
2753000 4
2754000 4
2755000 4
2756000 4
2757000 4
2758000 4
2759000 4
2760000 4
2761000 4
2762000 4
2763000 4
2764000 4
2765000 4
2766000 4
2767000 4
2768000 4
2769000 4
2770000 4
2771000 4
2772000 4
2773000 4
2774000 4
2775000 4
2776000 4
2777000 4
2778000 4
2779000 4
2780000 4
2781000 4
2782000 4
2783000 4
2784000 4
2785000 4
2786000 4
2787000 4
2788000 4
2789000 4
2790000 4
2791000 4
2792000 4
2793000 4
2794000 4
2795000 4
2796000 4
2797000 4
2798000 4
2799000 4
2800000 4
2801000 4
2802000 4
2803000 4
2804000 4
2805000 4
2806000 4
2807000 4
2808000 4
2809000 4
2810000 4
2811000 4
2812000 4
2813000 4
2814000 4
2815000 4
2816000 4
2817000 4
2818000 4
2819000 4
2820000 4
2821000 4
2822000 4
2823000 4
2824000 4
2825000 4
2826000 4
2827000 4
2828000 4
2829000 4
2830000 4
2831000 4
2832000 4
2833000 4
2834000 4
2835000 4
2836000 4
2837000 4
2838000 4
2839000 4
2840000 4
2841000 4
2842000 4
2843000 4
2844000 4
2845000 4
2846000 4
2847000 4
2848000 4
2849000 4
2850000 4
2851000 4
2852000 4
2853000 4
2854000 4
2855000 4
2856000 4
2857000 4
2858000 4
2859000 4
2860000 4
2861000 4
2862000 4
2863000 4
2864000 4
2865000 4
2866000 4
2867000 4
2868000 4
2869000 4
2870000 4
2871000 4
2872000 4
2873000 4
2874000 4
2875000 4
2876000 4
2877000 4
2878000 4
2879000 4
2880000 4
2881000 4
2882000 4
2883000 4
2884000 4
2885000 4
2886000 4
2887000 4
2888000 4
2889000 4
2890000 4
2891000 4
2892000 4
2893000 4
2894000 4
2895000 4
2896000 4
2897000 4
2898000 4
2899000 4
2900000 4
2901000 4
2902000 4
2903000 4
2904000 4
2905000 4
2906000 4
2907000 4
2908000 4
2909000 4
2910000 4
2911000 4
2912000 4
2913000 4
2914000 4
2915000 4
2916000 4
2917000 4
2918000 4
2919000 4
2920000 4
2921000 4
2922000 4
2923000 4
2924000 4
2925000 4
2926000 4
2927000 4
2928000 4
2929000 4
2930000 4
2931000 4
2932000 4
2933000 4
2934000 4
2935000 4
2936000 4
2937000 4
2938000 4
2939000 4
2940000 4
2941000 4
2942000 4
2943000 4
2944000 4
2945000 4
2946000 4
2947000 4
2948000 4
2949000 4
2950000 4
2951000 4
2952000 4
2953000 4
2954000 4
2955000 4
2956000 4
2957000 4
2958000 4
2959000 4
2960000 4
2961000 4
2962000 4
2963000 4
2964000 4
2965000 4
2966000 4
2967000 4
2968000 4
2969000 4
2970000 4
2971000 4
2972000 4
2973000 4
2974000 4
2975000 4
2976000 4
2977000 4
2978000 4
2979000 4
2980000 4
2981000 4
2982000 4
2983000 4
2984000 4
2985000 4
2986000 4
2987000 4
2988000 4
2989000 4
2990000 4
2991000 4
2992000 4
2993000 4
2994000 4
2995000 4
2996000 4
2997000 4
2998000 4
2999000 4
3000000 4
3001000 4
3002000 4
3003000 4
3004000 4
3005000 4
3006000 4
3007000 4
3008000 4
3009000 4
3010000 4
3011000 4
3012000 4
3013000 4
3014000 4
3015000 4
3016000 4
3017000 4
3018000 4
3019000 4
3020000 4
3021000 4
3022000 4
3023000 4
3024000 4
3025000 4
3026000 4
3027000 4
3028000 4
3029000 4
3030000 4
3031000 4
3032000 4
3033000 4
3034000 4
3035000 4
3036000 4
3037000 4
3038000 4
3039000 4
3040000 4
3041000 4
3042000 4
3043000 4
3044000 4
3045000 4
3046000 4
3047000 4
3048000 4
3049000 4
3050000 4
3051000 4
3052000 4
3053000 4
3054000 4
3055000 4
3056000 4
3057000 4
3058000 4
3059000 4
3060000 4
3061000 4
3062000 4
3063000 4
3064000 4
3065000 4
3066000 4
3067000 4
3068000 4
3069000 4
3070000 4
3071000 4
3072000 4
3073000 4
3074000 4
3075000 4
3076000 4
3077000 4
3078000 4
3079000 4
3080000 4
3081000 4
3082000 4
3083000 4
3084000 4
3085000 4
3086000 4
3087000 4
3088000 4
3089000 4
3090000 4
3091000 4
3092000 4
3093000 4
3094000 4
3095000 4
3096000 4
3097000 4
3098000 4
3099000 4
3100000 4
3101000 4
3102000 4
3103000 4
3104000 4
3105000 4
3106000 4
3107000 4
3108000 4
3109000 4
3110000 4
3111000 4
3112000 4
3113000 4
3114000 4
3115000 4
3116000 4
3117000 4
3118000 4
3119000 4
3120000 4
3121000 4
3122000 4
3123000 4
3124000 4
3125000 4
3126000 4
3127000 4
3128000 4
3129000 4
3130000 4
3131000 4
3132000 4
3133000 4
3134000 4
3135000 4
3136000 4
3137000 4
3138000 4
3139000 4
3140000 4
3141000 4
3142000 4
3143000 4
3144000 4
3145000 4
3146000 4
3147000 4
3148000 4
3149000 4
3150000 4
3151000 4
3152000 4
3153000 4
3154000 4
3155000 4
3156000 4
3157000 4
3158000 4
3159000 4
3160000 4
3161000 4
3162000 4
3163000 4
3164000 4
3165000 4
3166000 4
3167000 4
3168000 4
3169000 4
3170000 4
3171000 4
3172000 4
3173000 4
3174000 4
3175000 4
3176000 4
3177000 4
3178000 4
3179000 4
3180000 4
3181000 4
3182000 4
3183000 4
3184000 4
3185000 4
3186000 4
3187000 4
3188000 4
3189000 4
3190000 4
3191000 4
3192000 4
3193000 4
3194000 4
3195000 4
3196000 4
3197000 4
3198000 4
3199000 4
3200000 4
3201000 4
3202000 4
3203000 4
3204000 4
3205000 4
3206000 4
3207000 4
3208000 4
3209000 4
3210000 4
3211000 4
3212000 4
3213000 4
3214000 4
3215000 4
3216000 4
3217000 4
3218000 4
3219000 4
3220000 4
3221000 4
3222000 4
3223000 4
3224000 4
3225000 4
3226000 4
3227000 4
3228000 4
3229000 4
3230000 4
3231000 4
3232000 4
3233000 4
3234000 4
3235000 4
3236000 4
3237000 4
3238000 4
3239000 4
3240000 4
3241000 4
3242000 4
3243000 4
3244000 4
3245000 4
3246000 4
3247000 4
3248000 4
3249000 4
3250000 4
3251000 4
3252000 4
3253000 4
3254000 4
3255000 4
3256000 4
3257000 4
3258000 4
3259000 4
3260000 4
3261000 4
3262000 4
3263000 4
3264000 4
3265000 4
3266000 4
3267000 4
3268000 4
3269000 4
3270000 4
3271000 4
3272000 4
3273000 4
3274000 4
3275000 4
3276000 4
3277000 4
3278000 4
3279000 4
3280000 4
3281000 4
3282000 4
3283000 4
3284000 4
3285000 4
3286000 4
3287000 4
3288000 4
3289000 4
3290000 4
3291000 4
3292000 4
3293000 4
3294000 4
3295000 4
3296000 4
3297000 4
3298000 4
3299000 4
3300000 4
3301000 4
3302000 4
3303000 4
3304000 4
3305000 4
3306000 4
3307000 4
3308000 4
3309000 4
3310000 4
3311000 4
3312000 4
3313000 4
3314000 4
3315000 4
3316000 4
3317000 4
3318000 4
3319000 4
3320000 4
3321000 4
3322000 4
3323000 4
3324000 4
3325000 4
3326000 4
3327000 4
3328000 4
3329000 4
3330000 4
3331000 4
3332000 4
3333000 4
3334000 4
3335000 4
3336000 4
3337000 4
3338000 4
3339000 4
3340000 4
3341000 4
3342000 4
3343000 4
3344000 4
3345000 4
3346000 4
3347000 4
3348000 4
3349000 4
3350000 4
3351000 4
3352000 4
3353000 4
3354000 4
3355000 4
3356000 4
3357000 4
3358000 4
3359000 4
3360000 4
3361000 4
3362000 4
3363000 4
3364000 4
3365000 4
3366000 4
3367000 4
3368000 4
3369000 4
3370000 4
3371000 4
3372000 4
3373000 4
3374000 4
3375000 4
3376000 4
3377000 4
3378000 4
3379000 4
3380000 4
3381000 4
3382000 4
3383000 4
3384000 4
3385000 4
3386000 4
3387000 4
3388000 4
3389000 4
3390000 4
3391000 4
3392000 4
3393000 4
3394000 4
3395000 4
3396000 4
3397000 4
3398000 4
3399000 4
3400000 4
3401000 4
3402000 4
3403000 4
3404000 4
3405000 4
3406000 4
3407000 4
3408000 4
3409000 4
3410000 4
3411000 4
3412000 4
3413000 4
3414000 4
3415000 4
3416000 4
3417000 4
3418000 4
3419000 4
3420000 4
3421000 4
3422000 4
3423000 4
3424000 4
3425000 4
3426000 4
3427000 4
3428000 4
3429000 4
3430000 4
3431000 4
3432000 4
3433000 4
3434000 4
3435000 4
3436000 4
3437000 4
3438000 4
3439000 4
3440000 4
3441000 4
3442000 4
3443000 4
3444000 4
3445000 4
3446000 4
3447000 4
3448000 4
3449000 4
3450000 4
3451000 4
3452000 4
3453000 4
3454000 4
3455000 4
3456000 4
3457000 4
3458000 4
3459000 4
3460000 4
3461000 4
3462000 4
3463000 4
3464000 4
3465000 4
3466000 4
3467000 4
3468000 4
3469000 4
3470000 4
3471000 4
3472000 4
3473000 4
3474000 4
3475000 4
3476000 4
3477000 4
3478000 4
3479000 4
3480000 4
3481000 4
3482000 4
3483000 4
3484000 4
3485000 4
3486000 4
3487000 4
3488000 4
3489000 4
3490000 4
3491000 4
3492000 4
3493000 4
3494000 4
3495000 4
3496000 4
3497000 4
3498000 4
3499000 4
3500000 4
3501000 4
3502000 4
3503000 4
3504000 4
3505000 4
3506000 4
3507000 4
3508000 4
3509000 4
3510000 4
3511000 4
3512000 4
3513000 4
3514000 4
3515000 4
3516000 4
3517000 4
3518000 4
3519000 4
3520000 4
3521000 4
3522000 4
3523000 4
3524000 4
3525000 4
3526000 4
3527000 4
3528000 4
3529000 4
3530000 4
3531000 4
3532000 4
3533000 4
3534000 4
3535000 4
3536000 4
3537000 4
3538000 4
3539000 4
3540000 4
3541000 4
3542000 4
3543000 4
3544000 4
3545000 4
3546000 4
3547000 4
3548000 4
3549000 4
3550000 4
3551000 4
3552000 4
3553000 4
3554000 4
3555000 4
3556000 4
3557000 4
3558000 4
3559000 4
3560000 4
3561000 4
3562000 4
3563000 4
3564000 4
3565000 4
3566000 4
3567000 4
3568000 4
3569000 4
3570000 4
3571000 4
3572000 4
3573000 4
3574000 4
3575000 4
3576000 4
3577000 4
3578000 4
3579000 4
3580000 4
3581000 4
3582000 4
3583000 4
3584000 4
3585000 4
3586000 4
3587000 4
3588000 4
3589000 4
3590000 4
3591000 4
3592000 4
3593000 4
3594000 4
3595000 4
3596000 4
3597000 4
3598000 4
3599000 4
3600000 4
3601000 4
3602000 4
3603000 4
3604000 4
3605000 4
3606000 4
3607000 4
3608000 4
3609000 4
3610000 4
3611000 4
3612000 4
3613000 4
3614000 4
3615000 4
3616000 4
3617000 4
3618000 4
3619000 4
3620000 4
3621000 4
3622000 4
3623000 4
3624000 4
3625000 4
3626000 4
3627000 4
3628000 4
3629000 4
3630000 4
3631000 4
3632000 4
3633000 4
3634000 4
3635000 4
3636000 4
3637000 4
3638000 4
3639000 4
3640000 4
3641000 4
3642000 4
3643000 4
3644000 4
3645000 4
3646000 4
3647000 4
3648000 4
3649000 4
3650000 4
3651000 4
3652000 4
3653000 4
3654000 4
3655000 4
3656000 4
3657000 4
3658000 4
3659000 4
3660000 4
3661000 4
3662000 4
3663000 4
3664000 4
3665000 4
3666000 4
3667000 4
3668000 4
3669000 4
3670000 4
3671000 4
3672000 4
3673000 4
3674000 4
3675000 4
3676000 4
3677000 4
3678000 4
3679000 4
3680000 4
3681000 4
3682000 4
3683000 4
3684000 4
3685000 4
3686000 4
3687000 4
3688000 4
3689000 4
3690000 4
3691000 4
3692000 4
3693000 4
3694000 4
3695000 4
3696000 4
3697000 4
3698000 4
3699000 4
3700000 4
3701000 4
3702000 4
3703000 4
3704000 4
3705000 4
3706000 4
3707000 4
3708000 4
3709000 4
3710000 4
3711000 4
3712000 4
3713000 4
3714000 4
3715000 4
3716000 4
3717000 4
3718000 4
3719000 4
3720000 4
3721000 4
3722000 4
3723000 4
3724000 4
3725000 4
3726000 4
3727000 4
3728000 4
3729000 4
3730000 4
3731000 4
3732000 4
3733000 4
3734000 4
3735000 4
3736000 4
3737000 4
3738000 4
3739000 4
3740000 4
3741000 4
3742000 4
3743000 4
3744000 4
3745000 4
3746000 4
3747000 4
3748000 4
3749000 4
3750000 4
3751000 4
3752000 4
3753000 4
3754000 4
3755000 4
3756000 4
3757000 4
3758000 4
3759000 4
3760000 4
3761000 4
3762000 4
3763000 4
3764000 4
3765000 4
3766000 4
3767000 4
3768000 4
3769000 4
3770000 4
3771000 4
3772000 4
3773000 4
3774000 4
3775000 4
3776000 4
3777000 4
3778000 4
3779000 4
3780000 4
3781000 4
3782000 4
3783000 4
3784000 4
3785000 4
3786000 4
3787000 4
3788000 4
3789000 4
3790000 4
3791000 4
3792000 4
3793000 4
3794000 4
3795000 4
3796000 4
3797000 4
3798000 4
3799000 4
3800000 4
3801000 4
3802000 4
3803000 4
3804000 4
3805000 4
3806000 4
3807000 4
3808000 4
3809000 4
3810000 4
3811000 4
3812000 4
3813000 4
3814000 4
3815000 4
3816000 4
3817000 4
3818000 4
3819000 4
3820000 4
3821000 4
3822000 4
3823000 4
3824000 4
3825000 4
3826000 4
3827000 4
3828000 4
3829000 4
3830000 4
3831000 4
3832000 4
3833000 4
3834000 4
3835000 4
3836000 4
3837000 4
3838000 4
3839000 4
3840000 4
3841000 4
3842000 4
3843000 4
3844000 4
3845000 4
3846000 4
3847000 4
3848000 4
3849000 4
3850000 4
3851000 4
3852000 4
3853000 4
3854000 4
3855000 4
3856000 4
3857000 4
3858000 4
3859000 4
3860000 4
3861000 4
3862000 4
3863000 4
3864000 4
3865000 4
3866000 4
3867000 4
3868000 4
3869000 4
3870000 4
3871000 4
3872000 4
3873000 4
3874000 4
3875000 4
3876000 4
3877000 4
3878000 4
3879000 4
3880000 4
3881000 4
3882000 4
3883000 4
3884000 4
3885000 4
3886000 4
3887000 4
3888000 4
3889000 4
3890000 4
3891000 4
3892000 4
3893000 4
3894000 4
3895000 4
3896000 4
3897000 4
3898000 4
3899000 4
3900000 4
3901000 4
3902000 4
3903000 4
3904000 4
3905000 4
3906000 4
3907000 4
3908000 4
3909000 4
3910000 4
3911000 4
3912000 4
3913000 4
3914000 4
3915000 4
3916000 4
3917000 4
3918000 4
3919000 4
3920000 4
3921000 4
3922000 4
3923000 4
3924000 4
3925000 4
3926000 4
3927000 4
3928000 4
3929000 4
3930000 4
3931000 4
3932000 4
3933000 4
3934000 4
3935000 4
3936000 4
3937000 4
3938000 4
3939000 4
3940000 4
3941000 4
3942000 4
3943000 4
3944000 4
3945000 4
3946000 4
3947000 4
3948000 4
3949000 4
3950000 4
3951000 4
3952000 4
3953000 4
3954000 4
3955000 4
3956000 4
3957000 4
3958000 4
3959000 4
3960000 4
3961000 4
3962000 4
3963000 4
3964000 4
3965000 4
3966000 4
3967000 4
3968000 4
3969000 4
3970000 4
3971000 4
3972000 4
3973000 4
3974000 4
3975000 4
3976000 4
3977000 4
3978000 4
3979000 4
3980000 4
3981000 4
3982000 4
3983000 4
3984000 4
3985000 4
3986000 4
3987000 4
3988000 4
3989000 4
3990000 4
3991000 4
3992000 4
3993000 4
3994000 4
3995000 4
3996000 4
3997000 4
3998000 4
3999000 4
4000000 4
4001000 4
4002000 4
4003000 4
4004000 4
4005000 4
4006000 4
4007000 4
4008000 4
4009000 4
4010000 4
4011000 4
4012000 4
4013000 4
4014000 4
4015000 4
4016000 4
4017000 4
4018000 4
4019000 4
4020000 4
4021000 4
4022000 4
4023000 4
4024000 4
4025000 4
4026000 4
4027000 4
4028000 4
4029000 4
4030000 4
4031000 4
4032000 4
4033000 4
4034000 4
4035000 4
4036000 4
4037000 4
4038000 4
4039000 4
4040000 4
4041000 4
4042000 4
4043000 4
4044000 4
4045000 4
4046000 4
4047000 4
4048000 4
4049000 4
4050000 4
4051000 4
4052000 4
4053000 4
4054000 4
4055000 4
4056000 4
4057000 4
4058000 4
4059000 4
4060000 4
4061000 4
4062000 4
4063000 4
4064000 4
4065000 4
4066000 4
4067000 4
4068000 4
4069000 4
4070000 4
4071000 4
4072000 4
4073000 4
4074000 4
4075000 4
4076000 4
4077000 4
4078000 4
4079000 4
4080000 4
4081000 4
4082000 4
4083000 4
4084000 4
4085000 4
4086000 4
4087000 4
4088000 4
4089000 4
4090000 4
4091000 4
4092000 4
4093000 4
4094000 4
4095000 4
4096000 4
4097000 4
4098000 4
4099000 4
4100000 4
4101000 4
4102000 4
4103000 4
4104000 4
4105000 4
4106000 4
4107000 4
4108000 4
4109000 4
4110000 4
4111000 4
4112000 4
4113000 4
4114000 4
4115000 4
4116000 4
4117000 4
4118000 4
4119000 4
4120000 4
4121000 4
4122000 4
4123000 4
4124000 4
4125000 4
4126000 4
4127000 4
4128000 4
4129000 4
4130000 4
4131000 4
4132000 4
4133000 4
4134000 4
4135000 4
4136000 4
4137000 4
4138000 4
4139000 4
4140000 4
4141000 4
4142000 4
4143000 4
4144000 4
4145000 4
4146000 4
4147000 4
4148000 4
4149000 4
4150000 4
4151000 4
4152000 4
4153000 4
4154000 4
4155000 4
4156000 4
4157000 4
4158000 4
4159000 4
4160000 4
4161000 4
4162000 4
4163000 4
4164000 4
4165000 4
4166000 4
4167000 4
4168000 4
4169000 4
4170000 4
4171000 4
4172000 4
4173000 4
4174000 4
4175000 4
4176000 4
4177000 4
4178000 4
4179000 4
4180000 4
4181000 4
4182000 4
4183000 4
4184000 4
4185000 4
4186000 4
4187000 4
4188000 4
4189000 4
4190000 4
4191000 4
4192000 4
4193000 4
4194000 4
4195000 4
4196000 4
4197000 4
4198000 4
4199000 4
4200000 4
4201000 4
4202000 4
4203000 4
4204000 4
4205000 4
4206000 4
4207000 4
4208000 4
4209000 4
4210000 4
4211000 4
4212000 4
4213000 4
4214000 4
4215000 4
4216000 4
4217000 4
4218000 4
4219000 4
4220000 4
4221000 4
4222000 4
4223000 4
4224000 4
4225000 4
4226000 4
4227000 4
4228000 4
4229000 4
4230000 4
4231000 4
4232000 4
4233000 4
4234000 4
4235000 4
4236000 4
4237000 4
4238000 4
4239000 4
4240000 4
4241000 4
4242000 4
4243000 4
4244000 4
4245000 4
4246000 4
4247000 4
4248000 4
4249000 4
4250000 4
4251000 4
4252000 4
4253000 4
4254000 4
4255000 4
4256000 4
4257000 4
4258000 4
4259000 4
4260000 4
4261000 4
4262000 4
4263000 4
4264000 4
4265000 4
4266000 4
4267000 4
4268000 4
4269000 4
4270000 4
4271000 4
4272000 4
4273000 4
4274000 4
4275000 4
4276000 4
4277000 4
4278000 4
4279000 4
4280000 4
4281000 4
4282000 4
4283000 4
4284000 4
4285000 4
4286000 4
4287000 4
4288000 4
4289000 4
4290000 4
4291000 4
4292000 4
4293000 4
4294000 4
4295000 4
4296000 4
4297000 4
4298000 4
4299000 4
4300000 4
4301000 4
4302000 4
4303000 4
4304000 4
4305000 4
4306000 4
4307000 4
4308000 4
4309000 4
4310000 4
4311000 4
4312000 4
4313000 4
4314000 4
4315000 4
4316000 4
4317000 4
4318000 4
4319000 4
4320000 4
4321000 4
4322000 4
4323000 4
4324000 4
4325000 4
4326000 4
4327000 4
4328000 4
4329000 4
4330000 4
4331000 4
4332000 4
4333000 4
4334000 4
4335000 4
4336000 4
4337000 4
4338000 4
4339000 4
4340000 4
4341000 4
4342000 4
4343000 4
4344000 4
4345000 4
4346000 4
4347000 4
4348000 4
4349000 4
4350000 4
4351000 4
4352000 4
4353000 4
4354000 4
4355000 4
4356000 4
4357000 4
4358000 4
4359000 4
4360000 4
4361000 4
4362000 4
4363000 4
4364000 4
4365000 4
4366000 4
4367000 4
4368000 4
4369000 4
4370000 4
4371000 4
4372000 4
4373000 4
4374000 4
4375000 4
4376000 4
4377000 4
4378000 4
4379000 4
4380000 4
4381000 4
4382000 4
4383000 4
4384000 4
4385000 4
4386000 4
4387000 4
4388000 4
4389000 4
4390000 4
4391000 4
4392000 4
4393000 4
4394000 4
4395000 4
4396000 4
4397000 4
4398000 4
4399000 4
4400000 4
4401000 4
4402000 4
4403000 4
4404000 4
4405000 4
4406000 4
4407000 4
4408000 4
4409000 4
4410000 4
4411000 4
4412000 4
4413000 4
4414000 4
4415000 4
4416000 4
4417000 4
4418000 4
4419000 4
4420000 4
4421000 4
4422000 4
4423000 4
4424000 4
4425000 4
4426000 4
4427000 4
4428000 4
4429000 4
4430000 4
4431000 4
4432000 4
4433000 4
4434000 4
4435000 4
4436000 4
4437000 4
4438000 4
4439000 4
4440000 4
4441000 4
4442000 4
4443000 4
4444000 4
4445000 4
4446000 4
4447000 4
4448000 4
4449000 4
4450000 4
4451000 4
4452000 4
4453000 4
4454000 4
4455000 4
4456000 4
4457000 4
4458000 4
4459000 4
4460000 4
4461000 4
4462000 4
4463000 4
4464000 4
4465000 4
4466000 4
4467000 4
4468000 4
4469000 4
4470000 4
4471000 4
4472000 4
4473000 4
4474000 4
4475000 4
4476000 4
4477000 4
4478000 4
4479000 4
4480000 4
4481000 4
4482000 4
4483000 4
4484000 4
4485000 4
4486000 4
4487000 4
4488000 4
4489000 4
4490000 4
4491000 4
4492000 4
4493000 4
4494000 4
4495000 4
4496000 4
4497000 4
4498000 4
4499000 4
4500000 4
4501000 4
4502000 4
4503000 4
4504000 4
4505000 4
4506000 4
4507000 4
4508000 4
4509000 4
4510000 4
4511000 4
4512000 4
4513000 4
4514000 4
4515000 4
4516000 4
4517000 4
4518000 4
4519000 4
4520000 4
4521000 4
4522000 4
4523000 4
4524000 4
4525000 4
4526000 4
4527000 4
4528000 4
4529000 4
4530000 4
4531000 4
4532000 4
4533000 4
4534000 4
4535000 4
4536000 4
4537000 4
4538000 4
4539000 4
4540000 4
4541000 4
4542000 4
4543000 4
4544000 4
4545000 4
4546000 4
4547000 4
4548000 4
4549000 4
4550000 4
4551000 4
4552000 4
4553000 4
4554000 4
4555000 4
4556000 4
4557000 4
4558000 4
4559000 4
4560000 4
4561000 4
4562000 4
4563000 4
4564000 4
4565000 4
4566000 4
4567000 4
4568000 4
4569000 4
4570000 4
4571000 4
4572000 4
4573000 4
4574000 4
4575000 4
4576000 4
4577000 4
4578000 4
4579000 4
4580000 4
4581000 4
4582000 4
4583000 4
4584000 4
4585000 4
4586000 4
4587000 4
4588000 4
4589000 4
4590000 4
4591000 4
4592000 4
4593000 4
4594000 4
4595000 4
4596000 4
4597000 4
4598000 4
4599000 4
4600000 4
4601000 4
4602000 4
4603000 4
4604000 4
4605000 4
4606000 4
4607000 4
4608000 4
4609000 4
4610000 4
4611000 4
4612000 4
4613000 4
4614000 4
4615000 4
4616000 4
4617000 4
4618000 4
4619000 4
4620000 4
4621000 4
4622000 4
4623000 4
4624000 4
4625000 4
4626000 4
4627000 4
4628000 4
4629000 4
4630000 4
4631000 4
4632000 4
4633000 4
4634000 4
4635000 4
4636000 4
4637000 4
4638000 4
4639000 4
4640000 4
4641000 4
4642000 4
4643000 4
4644000 4
4645000 4
4646000 4
4647000 4
4648000 4
4649000 4
4650000 4
4651000 4
4652000 4
4653000 4
4654000 4
4655000 4
4656000 4
4657000 4
4658000 4
4659000 4
4660000 4
4661000 4
4662000 4
4663000 4
4664000 4
4665000 4
4666000 4
4667000 4
4668000 4
4669000 4
4670000 4
4671000 4
4672000 4
4673000 4
4674000 4
4675000 4
4676000 4
4677000 4
4678000 4
4679000 4
4680000 4
4681000 4
4682000 4
4683000 4
4684000 4
4685000 4
4686000 4
4687000 4
4688000 4
4689000 4
4690000 4
4691000 4
4692000 4
4693000 4
4694000 4
4695000 4
4696000 4
4697000 4
4698000 4
4699000 4
4700000 4
4701000 4
4702000 4
4703000 4
4704000 4
4705000 4
4706000 4
4707000 4
4708000 4
4709000 4
4710000 4
4711000 4
4712000 4
4713000 4
4714000 4
4715000 4
4716000 4
4717000 4
4718000 4
4719000 4
4720000 4
4721000 4
4722000 4
4723000 4
4724000 4
4725000 4
4726000 4
4727000 4
4728000 4
4729000 4
4730000 4
4731000 4
4732000 4
4733000 4
4734000 4
4735000 4
4736000 4
4737000 4
4738000 4
4739000 4
4740000 4
4741000 4
4742000 4
4743000 4
4744000 4
4745000 4
4746000 4
4747000 4
4748000 4
4749000 4
4750000 4
4751000 4
4752000 4
4753000 4
4754000 4
4755000 4
4756000 4
4757000 4
4758000 4
4759000 4
4760000 4
4761000 4
4762000 4
4763000 4
4764000 4
4765000 4
4766000 4
4767000 4
4768000 4
4769000 4
4770000 4
4771000 4
4772000 4
4773000 4
4774000 4
4775000 4
4776000 4
4777000 4
4778000 4
4779000 4
4780000 4
4781000 4
4782000 4
4783000 4
4784000 4
4785000 4
4786000 4
4787000 4
4788000 4
4789000 4
4790000 4
4791000 4
4792000 4
4793000 4
4794000 4
4795000 4
4796000 4
4797000 4
4798000 4
4799000 4
4800000 4
4801000 4
4802000 4
4803000 4
4804000 4
4805000 4
4806000 4
4807000 4
4808000 4
4809000 4
4810000 4
4811000 4
4812000 4
4813000 4
4814000 4
4815000 4
4816000 4
4817000 4
4818000 4
4819000 4
4820000 4
4821000 4
4822000 4
4823000 4
4824000 4
4825000 4
4826000 4
4827000 4
4828000 4
4829000 4
4830000 4
4831000 4
4832000 4
4833000 4
4834000 4
4835000 4
4836000 4
4837000 4
4838000 4
4839000 4
4840000 4
4841000 4
4842000 4
4843000 4
4844000 4
4845000 4
4846000 4
4847000 4
4848000 4
4849000 4
4850000 4
4851000 4
4852000 4
4853000 4
4854000 4
4855000 4
4856000 4
4857000 4
4858000 4
4859000 4
4860000 4
4861000 4
4862000 4
4863000 4
4864000 4
4865000 4
4866000 4
4867000 4
4868000 4
4869000 4
4870000 4
4871000 4
4872000 4
4873000 4
4874000 4
4875000 4
4876000 4
4877000 4
4878000 4
4879000 4
4880000 4
4881000 4
4882000 4
4883000 4
4884000 4
4885000 4
4886000 4
4887000 4
4888000 4
4889000 4
4890000 4
4891000 4
4892000 4
4893000 4
4894000 4
4895000 4
4896000 4
4897000 4
4898000 4
4899000 4
4900000 4
4901000 4
4902000 4
4903000 4
4904000 4
4905000 4
4906000 4
4907000 4
4908000 4
4909000 4
4910000 4
4911000 4
4912000 4
4913000 4
4914000 4
4915000 4
4916000 4
4917000 4
4918000 4
4919000 4
4920000 4
4921000 4
4922000 4
4923000 4
4924000 4
4925000 4
4926000 4
4927000 4
4928000 4
4929000 4
4930000 4
4931000 4
4932000 4
4933000 4
4934000 4
4935000 4
4936000 4
4937000 4
4938000 4
4939000 4
4940000 4
4941000 4
4942000 4
4943000 4
4944000 4
4945000 4
4946000 4
4947000 4
4948000 4
4949000 4
4950000 4
4951000 4
4952000 4
4953000 4
4954000 4
4955000 4
4956000 4
4957000 4
4958000 4
4959000 4
4960000 4
4961000 4
4962000 4
4963000 4
4964000 4
4965000 4
4966000 4
4967000 4
4968000 4
4969000 4
4970000 4
4971000 4
4972000 4
4973000 4
4974000 4
4975000 4
4976000 4
4977000 4
4978000 4
4979000 4
4980000 4
4981000 4
4982000 4
4983000 4
4984000 4
4985000 4
4986000 4
4987000 4
4988000 4
4989000 4
4990000 4
4991000 4
4992000 4
4993000 4
4994000 4
4995000 4
4996000 4
4997000 4
4998000 4
4999000 4
5000000 4
5001000 4
5002000 4
5003000 4
5004000 4
5005000 4
5006000 4
5007000 4
5008000 4
5009000 4
5010000 4
5011000 4
5012000 4
5013000 4
5014000 4
5015000 4
5016000 4
5017000 4
5018000 4
5019000 4
5020000 4
5021000 4
5022000 4
5023000 4
5024000 4
5025000 4
5026000 4
5027000 4
5028000 4
5029000 4
5030000 4
5031000 4
5032000 4
5033000 4
5034000 4
5035000 4
5036000 4
5037000 4
5038000 4
5039000 4
5040000 4
5041000 4
5042000 4
5043000 4
5044000 4
5045000 4
5046000 4
5047000 4
5048000 4
5049000 4
5050000 4
5051000 4
5052000 4
5053000 4
5054000 4
5055000 4
5056000 4
5057000 4
5058000 4
5059000 4
5060000 4
5061000 4
5062000 4
5063000 4
5064000 4
5065000 4
5066000 4
5067000 4
5068000 4
5069000 4
5070000 4
5071000 4
5072000 4
5073000 4
5074000 4
5075000 4
5076000 4
5077000 4
5078000 4
5079000 4
5080000 4
5081000 4
5082000 4
5083000 4
5084000 4
5085000 4
5086000 4
5087000 4
5088000 4
5089000 4
5090000 4
5091000 4
5092000 4
5093000 4
5094000 4
5095000 4
5096000 4
5097000 4
5098000 4
5099000 4
5100000 4
5101000 4
5102000 4
5103000 4
5104000 4
5105000 4
5106000 4
5107000 4
5108000 4
5109000 4
5110000 4
5111000 4
5112000 4
5113000 4
5114000 4
5115000 4
5116000 4
5117000 4
5118000 4
5119000 4
5120000 4
5121000 4
5122000 4
5123000 4
5124000 4
5125000 4
5126000 4
5127000 4
5128000 4
5129000 4
5130000 4
5131000 4
5132000 4
5133000 4
5134000 4
5135000 4
5136000 4
5137000 4
5138000 4
5139000 4
5140000 4
5141000 4
5142000 4
5143000 4
5144000 4
5145000 4
5146000 4
5147000 4
5148000 4
5149000 4
5150000 4
5151000 4
5152000 4
5153000 4
5154000 4
5155000 4
5156000 4
5157000 4
5158000 4
5159000 4
5160000 4
5161000 4
5162000 4
5163000 4
5164000 4
5165000 4
5166000 4
5167000 4
5168000 4
5169000 4
5170000 4
5171000 4
5172000 4
5173000 4
5174000 4
5175000 4
5176000 4
5177000 4
5178000 4
5179000 4
5180000 4
5181000 4
5182000 4
5183000 4
5184000 4
5185000 4
5186000 4
5187000 4
5188000 4
5189000 4
5190000 4
5191000 4
5192000 4
5193000 4
5194000 4
5195000 4
5196000 4
5197000 4
5198000 4
5199000 4
5200000 4
5201000 4
5202000 4
5203000 4
5204000 4
5205000 4
5206000 4
5207000 4
5208000 4
5209000 4
5210000 4
5211000 4
5212000 4
5213000 4
5214000 4
5215000 4
5216000 4
5217000 4
5218000 4
5219000 4
5220000 4
5221000 4
5222000 4
5223000 4
5224000 4
5225000 4
5226000 4
5227000 4
5228000 4
5229000 4
5230000 4
5231000 4
5232000 4
5233000 4
5234000 4
5235000 4
5236000 4
5237000 4
5238000 4
5239000 4
5240000 4
5241000 4
5242000 4
5243000 4
5244000 4
5245000 4
5246000 4
5247000 4
5248000 4
5249000 4
5250000 4
5251000 4
5252000 4
5253000 4
5254000 4
5255000 4
5256000 4
5257000 4
5258000 4
5259000 4
5260000 4
5261000 4
5262000 4
5263000 4
5264000 4
5265000 4
5266000 4
5267000 4
5268000 4
5269000 4
5270000 4
5271000 4
5272000 4
5273000 4
5274000 4
5275000 4
5276000 4
5277000 4
5278000 4
5279000 4
5280000 4
5281000 4
5282000 4
5283000 4
5284000 4
5285000 4
5286000 4
5287000 4
5288000 4
5289000 4
5290000 4
5291000 4
5292000 4
5293000 4
5294000 4
5295000 4
5296000 4
5297000 4
5298000 4
5299000 4
5300000 4
5301000 4
5302000 4
5303000 4
5304000 4
5305000 4
5306000 4
5307000 4
5308000 4
5309000 4
5310000 4
5311000 4
5312000 4
5313000 4
5314000 4
5315000 4
5316000 4
5317000 4
5318000 4
5319000 4
5320000 4
5321000 4
5322000 4
5323000 4
5324000 4
5325000 4
5326000 4
5327000 4
5328000 4
5329000 4
5330000 4
5331000 4
5332000 4
5333000 4
5334000 4
5335000 4
5336000 4
5337000 4
5338000 4
5339000 4
5340000 4
5341000 4
5342000 4
5343000 4
5344000 4
5345000 4
5346000 4
5347000 4
5348000 4
5349000 4
5350000 4
5351000 4
5352000 4
5353000 4
5354000 4
5355000 4
5356000 4
5357000 4
5358000 4
5359000 4
5360000 4
5361000 4
5362000 4
5363000 4
5364000 4
5365000 4
5366000 4
5367000 4
5368000 4
5369000 4
5370000 4
5371000 4
5372000 4
5373000 4
5374000 4
5375000 4
5376000 4
5377000 4
5378000 4
5379000 4
5380000 4
5381000 4
5382000 4
5383000 4
5384000 4
5385000 4
5386000 4
5387000 4
5388000 4
5389000 4
5390000 4
5391000 4
5392000 4
5393000 4
5394000 4
5395000 4
5396000 4
5397000 4
5398000 4
5399000 4
5400000 4
5401000 4
5402000 4
5403000 4
5404000 4
5405000 4
5406000 4
5407000 4
5408000 4
5409000 4
5410000 4
5411000 4
5412000 4
5413000 4
5414000 4
5415000 4
5416000 4
5417000 4
5418000 4
5419000 4
5420000 4
5421000 4
5422000 4
5423000 4
5424000 4
5425000 4
5426000 4
5427000 4
5428000 4
5429000 4
5430000 4
5431000 4
5432000 4
5433000 4
5434000 4
5435000 4
5436000 4
5437000 4
5438000 4
5439000 4
5440000 4
5441000 4
5442000 4
5443000 4
5444000 4
5445000 4
5446000 4
5447000 4
5448000 4
5449000 4
5450000 4
5451000 4
5452000 4
5453000 4
5454000 4
5455000 4
5456000 4
5457000 4
5458000 4
5459000 4
5460000 4
5461000 4
5462000 4
5463000 4
5464000 4
5465000 4
5466000 4
5467000 4
5468000 4
5469000 4
5470000 4
5471000 4
5472000 4
5473000 4
5474000 4
5475000 4
5476000 4
5477000 4
5478000 4
5479000 4
5480000 4
5481000 4
5482000 4
5483000 4
5484000 4
5485000 4
5486000 4
5487000 4
5488000 4
5489000 4
5490000 4
5491000 4
5492000 4
5493000 4
5494000 4
5495000 4
5496000 4
5497000 4
5498000 4
5499000 4
5500000 4
5501000 4
5502000 4
5503000 4
5504000 4
5505000 4
5506000 4
5507000 4
5508000 4
5509000 4
5510000 4
5511000 4
5512000 4
5513000 4
5514000 4
5515000 4
5516000 4
5517000 4
5518000 4
5519000 4
5520000 4
5521000 4
5522000 4
5523000 4
5524000 4
5525000 4
5526000 4
5527000 4
5528000 4
5529000 4
5530000 4
5531000 4
5532000 4
5533000 4
5534000 4
5535000 4
5536000 4
5537000 4
5538000 4
5539000 4
5540000 4
5541000 4
5542000 4
5543000 4
5544000 4
5545000 4
5546000 4
5547000 4
5548000 4
5549000 4
5550000 4
5551000 4
5552000 4
5553000 4
5554000 4
5555000 4
5556000 4
5557000 4
5558000 4
5559000 4
5560000 4
5561000 4
5562000 4
5563000 4
5564000 4
5565000 4
5566000 4
5567000 4
5568000 4
5569000 4
5570000 4
5571000 4
5572000 4
5573000 4
5574000 4
5575000 4
5576000 4
5577000 4
5578000 4
5579000 4
5580000 4
5581000 4
5582000 4
5583000 4
5584000 4
5585000 4
5586000 4
5587000 4
5588000 4
5589000 4
5590000 4
5591000 4
5592000 4
5593000 4
5594000 4
5595000 4
5596000 4
5597000 4
5598000 4
5599000 4
5600000 4
5601000 4
5602000 4
5603000 4
5604000 4
5605000 4
5606000 4
5607000 4
5608000 4
5609000 4
5610000 4
5611000 4
5612000 4
5613000 4
5614000 4
5615000 4
5616000 4
5617000 4
5618000 4
5619000 4
5620000 4
5621000 4
5622000 4
5623000 4
5624000 4
5625000 4
5626000 4
5627000 4
5628000 4
5629000 4
5630000 4
5631000 4
5632000 4
5633000 4
5634000 4
5635000 4
5636000 4
5637000 4
5638000 4
5639000 4
5640000 4
5641000 4
5642000 4
5643000 4
5644000 4
5645000 4
5646000 4
5647000 4
5648000 4
5649000 4
5650000 4
5651000 4
5652000 4
5653000 4
5654000 4
5655000 4
5656000 4
5657000 4
5658000 4
5659000 4
5660000 4
5661000 4
5662000 4
5663000 4
5664000 4
5665000 4
5666000 4
5667000 4
5668000 4
5669000 4
5670000 4
5671000 4
5672000 4
5673000 4
5674000 4
5675000 4
5676000 4
5677000 4
5678000 4
5679000 4
5680000 4
5681000 4
5682000 4
5683000 4
5684000 4
5685000 4
5686000 4
5687000 4
5688000 4
5689000 4
5690000 4
5691000 4
5692000 4
5693000 4
5694000 4
5695000 4
5696000 4
5697000 4
5698000 4
5699000 4
5700000 4
5701000 4
5702000 4
5703000 4
5704000 4
5705000 4
5706000 4
5707000 4
5708000 4
5709000 4
5710000 4
5711000 4
5712000 4
5713000 4
5714000 4
5715000 4
5716000 4
5717000 4
5718000 4
5719000 4
5720000 4
5721000 4
5722000 4
5723000 4
5724000 4
5725000 4
5726000 4
5727000 4
5728000 4
5729000 4
5730000 4
5731000 4
5732000 4
5733000 4
5734000 4
5735000 4
5736000 4
5737000 4
5738000 4
5739000 4
5740000 4
5741000 4
5742000 4
5743000 4
5744000 4
5745000 4
5746000 4
5747000 4
5748000 4
5749000 4
5750000 4
5751000 4
5752000 4
5753000 4
5754000 4
5755000 4
5756000 4
5757000 4
5758000 4
5759000 4
5760000 4
5761000 4
5762000 4
5763000 4
5764000 4
5765000 4
5766000 4
5767000 4
5768000 4
5769000 4
5770000 4
5771000 4
5772000 4
5773000 4
5774000 4
5775000 4
5776000 4
5777000 4
5778000 4
5779000 4
5780000 4
5781000 4
5782000 4
5783000 4
5784000 4
5785000 4
5786000 4
5787000 4
5788000 4
5789000 4
5790000 4
5791000 4
5792000 4
5793000 4
5794000 4
5795000 4
5796000 4
5797000 4
5798000 4
5799000 4
5800000 4
5801000 4
5802000 4
5803000 4
5804000 4
5805000 4
5806000 4
5807000 4
5808000 4
5809000 4
5810000 4
5811000 4
5812000 4
5813000 4
5814000 4
5815000 4
5816000 4
5817000 4
5818000 4
5819000 4
5820000 4
5821000 4
5822000 4
5823000 4
5824000 4
5825000 4
5826000 4
5827000 4
5828000 4
5829000 4
5830000 4
5831000 4
5832000 4
5833000 4
5834000 4
5835000 4
5836000 4
5837000 4
5838000 4
5839000 4
5840000 4
5841000 4
5842000 4
5843000 4
5844000 4
5845000 4
5846000 4
5847000 4
5848000 4
5849000 4
5850000 4
5851000 4
5852000 4
5853000 4
5854000 4
5855000 4
5856000 4
5857000 4
5858000 4
5859000 4
5860000 4
5861000 4
5862000 4
5863000 4
5864000 4
5865000 4
5866000 4
5867000 4
5868000 4
5869000 4
5870000 4
5871000 4
5872000 4
5873000 4
5874000 4
5875000 4
5876000 4
5877000 4
5878000 4
5879000 4
5880000 4
5881000 4
5882000 4
5883000 4
5884000 4
5885000 4
5886000 4
5887000 4
5888000 4
5889000 4
5890000 4
5891000 4
5892000 4
5893000 4
5894000 4
5895000 4
5896000 4
5897000 4
5898000 4
5899000 4
5900000 4
5901000 4
5902000 4
5903000 4
5904000 4
5905000 4
5906000 4
5907000 4
5908000 4
5909000 4
5910000 4
5911000 4
5912000 4
5913000 4
5914000 4
5915000 4
5916000 4
5917000 4
5918000 4
5919000 4
5920000 4
5921000 4
5922000 4
5923000 4
5924000 4
5925000 4
5926000 4
5927000 4
5928000 4
5929000 4
5930000 4
5931000 4
5932000 4
5933000 4
5934000 4
5935000 4
5936000 4
5937000 4
5938000 4
5939000 4
5940000 4
5941000 4
5942000 4
5943000 4
5944000 4
5945000 4
5946000 4
5947000 4
5948000 4
5949000 4
5950000 4
5951000 4
5952000 4
5953000 4
5954000 4
5955000 4
5956000 4
5957000 4
5958000 4
5959000 4
5960000 4
5961000 4
5962000 4
5963000 4
5964000 4
5965000 4
5966000 4
5967000 4
5968000 4
5969000 4
5970000 4
5971000 4
5972000 4
5973000 4
5974000 4
5975000 4
5976000 4
5977000 4
5978000 4
5979000 4
5980000 4
5981000 4
5982000 4
5983000 4
5984000 4
5985000 4
5986000 4
5987000 4
5988000 4
5989000 4
5990000 4
5991000 4
5992000 4
5993000 4
5994000 4
5995000 4
5996000 4
5997000 4
5998000 4
5999000 4
6000000 4
6001000 4
6002000 4
6003000 4
6004000 4
6005000 4
6006000 4
6007000 4
6008000 4
6009000 4
6010000 4
6011000 4
6012000 4
6013000 4
6014000 4
6015000 4
6016000 4
6017000 4
6018000 4
6019000 4
6020000 4
6021000 4
6022000 4
6023000 4
6024000 4
6025000 4
6026000 4
6027000 4
6028000 4
6029000 4
6030000 4
6031000 4
6032000 4
6033000 4
6034000 4
6035000 4
6036000 4
6037000 4
6038000 4
6039000 4
6040000 4
6041000 4
6042000 4
6043000 4
6044000 4
6045000 4
6046000 4
6047000 4
6048000 4
6049000 4
6050000 4
6051000 4
6052000 4
6053000 4
6054000 4
6055000 4
6056000 4
6057000 4
6058000 4
6059000 4
6060000 4
6061000 4
6062000 4
6063000 4
6064000 4
6065000 4
6066000 4
6067000 4
6068000 4
6069000 4
6070000 4
6071000 4
6072000 4
6073000 4
6074000 4
6075000 4
6076000 4
6077000 4
6078000 4
6079000 4
6080000 4
6081000 4
6082000 4
6083000 4
6084000 4
6085000 4
6086000 4
6087000 4
6088000 4
6089000 4
6090000 4
6091000 4
6092000 4
6093000 4
6094000 4
6095000 4
6096000 4
6097000 4
6098000 4
6099000 4
6100000 4
6101000 4
6102000 4
6103000 4
6104000 4
6105000 4
6106000 4
6107000 4
6108000 4
6109000 4
6110000 4
6111000 4
6112000 4
6113000 4
6114000 4
6115000 4
6116000 4
6117000 4
6118000 4
6119000 4
6120000 4
6121000 4
6122000 4
6123000 4
6124000 4
6125000 4
6126000 4
6127000 4
6128000 4
6129000 4
6130000 4
6131000 4
6132000 4
6133000 4
6134000 4
6135000 4
6136000 4
6137000 4
6138000 4
6139000 4
6140000 4
6141000 4
6142000 4
6143000 4
6144000 4
6145000 4
6146000 4
6147000 4
6148000 4
6149000 4
6150000 4
6151000 4
6152000 4
6153000 4
6154000 4
6155000 4
6156000 4
6157000 4
6158000 4
6159000 4
6160000 4
6161000 4
6162000 4
6163000 4
6164000 4
6165000 4
6166000 4
6167000 4
6168000 4
6169000 4
6170000 4
6171000 4
6172000 4
6173000 4
6174000 4
6175000 4
6176000 4
6177000 4
6178000 4
6179000 4
6180000 4
6181000 4
6182000 4
6183000 4
6184000 4
6185000 4
6186000 4
6187000 4
6188000 4
6189000 4
6190000 4
6191000 4
6192000 4
6193000 4
6194000 4
6195000 4
6196000 4
6197000 4
6198000 4
6199000 4
6200000 4
6201000 4
6202000 4
6203000 4
6204000 4
6205000 4
6206000 4
6207000 4
6208000 4
6209000 4
6210000 4
6211000 4
6212000 4
6213000 4
6214000 4
6215000 4
6216000 4
6217000 4
6218000 4
6219000 4
6220000 4
6221000 4
6222000 4
6223000 4
6224000 4
6225000 4
6226000 4
6227000 4
6228000 4
6229000 4
6230000 4
6231000 4
6232000 4
6233000 4
6234000 4
6235000 4
6236000 4
6237000 4
6238000 4
6239000 4
6240000 4
6241000 4
6242000 4
6243000 4
6244000 4
6245000 4
6246000 4
6247000 4
6248000 4
6249000 4
6250000 4
6251000 4
6252000 4
6253000 4
6254000 4
6255000 4
6256000 4
6257000 4
6258000 4
6259000 4
6260000 4
6261000 4
6262000 4
6263000 4
6264000 4
6265000 4
6266000 4
6267000 4
6268000 4
6269000 4
6270000 4
6271000 4
6272000 4
6273000 4
6274000 4
6275000 4
6276000 4
6277000 4
6278000 4
6279000 4
6280000 4
6281000 4
6282000 4
6283000 4
6284000 4
6285000 4
6286000 4
6287000 4
6288000 4
6289000 4
6290000 4
6291000 4
6292000 4
6293000 4
6294000 4
6295000 4
6296000 4
6297000 4
6298000 4
6299000 4
6300000 4
6301000 4
6302000 4
6303000 4
6304000 4
6305000 4
6306000 4
6307000 4
6308000 4
6309000 4
6310000 4
6311000 4
6312000 4
6313000 4
6314000 4
6315000 4
6316000 4
6317000 4
6318000 4
6319000 4
6320000 4
6321000 4
6322000 4
6323000 4
6324000 4
6325000 4
6326000 4
6327000 4
6328000 4
6329000 4
6330000 4
6331000 4
6332000 4
6333000 4
6334000 4
6335000 4
6336000 4
6337000 4
6338000 4
6339000 4
6340000 4
6341000 4
6342000 4
6343000 4
6344000 4
6345000 4
6346000 4
6347000 4
6348000 4
6349000 4
6350000 4
6351000 4
6352000 4
6353000 4
6354000 4
6355000 4
6356000 4
6357000 4
6358000 4
6359000 4
6360000 4
6361000 4
6362000 4
6363000 4
6364000 4
6365000 4
6366000 4
6367000 4
6368000 4
6369000 4
6370000 4
6371000 4
6372000 4
6373000 4
6374000 4
6375000 4
6376000 4
6377000 4
6378000 4
6379000 4
6380000 4
6381000 4
6382000 4
6383000 4
6384000 4
6385000 4
6386000 4
6387000 4
6388000 4
6389000 4
6390000 4
6391000 4
6392000 4
6393000 4
6394000 4
6395000 4
6396000 4
6397000 4
6398000 4
6399000 4
6400000 4
6401000 4
6402000 4
6403000 4
6404000 4
6405000 4
6406000 4
6407000 4
6408000 4
6409000 4
6410000 4
6411000 4
6412000 4
6413000 4
6414000 4
6415000 4
6416000 4
6417000 4
6418000 4
6419000 4
6420000 4
6421000 4
6422000 4
6423000 4
6424000 4
6425000 4
6426000 4
6427000 4
6428000 4
6429000 4
6430000 4
6431000 4
6432000 4
6433000 4
6434000 4
6435000 4
6436000 4
6437000 4
6438000 4
6439000 4
6440000 4
6441000 4
6442000 4
6443000 4
6444000 4
6445000 4
6446000 4
6447000 4
6448000 4
6449000 4
6450000 4
6451000 4
6452000 4
6453000 4
6454000 4
6455000 4
6456000 4
6457000 4
6458000 4
6459000 4
6460000 4
6461000 4
6462000 4
6463000 4
6464000 4
6465000 4
6466000 4
6467000 4
6468000 4
6469000 4
6470000 4
6471000 4
6472000 4
6473000 4
6474000 4
6475000 4
6476000 4
6477000 4
6478000 4
6479000 4
6480000 4
6481000 4
6482000 4
6483000 4
6484000 4
6485000 4
6486000 4
6487000 4
6488000 4
6489000 4
6490000 4
6491000 4
6492000 4
6493000 4
6494000 4
6495000 4
6496000 4
6497000 4
6498000 4
6499000 4
6500000 4
6501000 4
6502000 4
6503000 4
6504000 4
6505000 4
6506000 4
6507000 4
6508000 4
6509000 4
6510000 4
6511000 4
6512000 4
6513000 4
6514000 4
6515000 4
6516000 4
6517000 4
6518000 4
6519000 4
6520000 4
6521000 4
6522000 4
6523000 4
6524000 4
6525000 4
6526000 4
6527000 4
6528000 4
6529000 4
6530000 4
6531000 4
6532000 4
6533000 4
6534000 4
6535000 4
6536000 4
6537000 4
6538000 4
6539000 4
6540000 4
6541000 4
6542000 4
6543000 4
6544000 4
6545000 4
6546000 4
6547000 4
6548000 4
6549000 4
6550000 4
6551000 4
6552000 4
6553000 4
6554000 4
6555000 4
6556000 4
6557000 4
6558000 4
6559000 4
6560000 4
6561000 4
6562000 4
6563000 4
6564000 4
6565000 4
6566000 4
6567000 4
6568000 4
6569000 4
6570000 4
6571000 4
6572000 4
6573000 4
6574000 4
6575000 4
6576000 4
6577000 4
6578000 4
6579000 4
6580000 4
6581000 4
6582000 4
6583000 4
6584000 4
6585000 4
6586000 4
6587000 4
6588000 4
6589000 4
6590000 4
6591000 4
6592000 4
6593000 4
6594000 4
6595000 4
6596000 4
6597000 4
6598000 4
6599000 4
6600000 4
6601000 4
6602000 4
6603000 4
6604000 4
6605000 4
6606000 4
6607000 4
6608000 4
6609000 4
6610000 4
6611000 4
6612000 4
6613000 4
6614000 4
6615000 4
6616000 4
6617000 4
6618000 4
6619000 4
6620000 4
6621000 4
6622000 4
6623000 4
6624000 4
6625000 4
6626000 4
6627000 4
6628000 4
6629000 4
6630000 4
6631000 4
6632000 4
6633000 4
6634000 4
6635000 4
6636000 4
6637000 4
6638000 4
6639000 4
6640000 4
6641000 4
6642000 4
6643000 4
6644000 4
6645000 4
6646000 4
6647000 4
6648000 4
6649000 4
6650000 4
6651000 4
6652000 4
6653000 4
6654000 4
6655000 4
6656000 4
6657000 4
6658000 4
6659000 4
6660000 4
6661000 4
6662000 4
6663000 4
6664000 4
6665000 4
6666000 4
6667000 4
6668000 4
6669000 4
6670000 4
6671000 4
6672000 4
6673000 4
6674000 4
6675000 4
6676000 4
6677000 4
6678000 4
6679000 4
6680000 4
6681000 4
6682000 4
6683000 4
6684000 4
6685000 4
6686000 4
6687000 4
6688000 4
6689000 4
6690000 4
6691000 4
6692000 4
6693000 4
6694000 4
6695000 4
6696000 4
6697000 4
6698000 4
6699000 4
6700000 4
6701000 4
6702000 4
6703000 4
6704000 4
6705000 4
6706000 4
6707000 4
6708000 4
6709000 4
6710000 4
6711000 4
6712000 4
6713000 4
6714000 4
6715000 4
6716000 4
6717000 4
6718000 4
6719000 4
6720000 4
6721000 4
6722000 4
6723000 4
6724000 4
6725000 4
6726000 4
6727000 4
6728000 4
6729000 4
6730000 4
6731000 4
6732000 4
6733000 4
6734000 4
6735000 4
6736000 4
6737000 4
6738000 4
6739000 4
6740000 4
6741000 4
6742000 4
6743000 4
6744000 4
6745000 4
6746000 4
6747000 4
6748000 4
6749000 4
6750000 4
6751000 4
6752000 4
6753000 4
6754000 4
6755000 4
6756000 4
6757000 4
6758000 4
6759000 4
6760000 4
6761000 4
6762000 4
6763000 4
6764000 4
6765000 4
6766000 4
6767000 4
6768000 4
6769000 4
6770000 4
6771000 4
6772000 4
6773000 4
6774000 4
6775000 4
6776000 4
6777000 4
6778000 4
6779000 4
6780000 4
6781000 4
6782000 4
6783000 4
6784000 4
6785000 4
6786000 4
6787000 4
6788000 4
6789000 4
6790000 4
6791000 4
6792000 4
6793000 4
6794000 4
6795000 4
6796000 4
6797000 4
6798000 4
6799000 4
6800000 4
6801000 4
6802000 4
6803000 4
6804000 4
6805000 4
6806000 4
6807000 4
6808000 4
6809000 4
6810000 4
6811000 4
6812000 4
6813000 4
6814000 4
6815000 4
6816000 4
6817000 4
6818000 4
6819000 4
6820000 4
6821000 4
6822000 4
6823000 4
6824000 4
6825000 4
6826000 4
6827000 4
6828000 4
6829000 4
6830000 4
6831000 4
6832000 4
6833000 4
6834000 4
6835000 4
6836000 4
6837000 4
6838000 4
6839000 4
6840000 4
6841000 4
6842000 4
6843000 4
6844000 4
6845000 4
6846000 4
6847000 4
6848000 4
6849000 4
6850000 4
6851000 4
6852000 4
6853000 4
6854000 4
6855000 4
6856000 4
6857000 4
6858000 4
6859000 4
6860000 4
6861000 4
6862000 4
6863000 4
6864000 4
6865000 4
6866000 4
6867000 4
6868000 4
6869000 4
6870000 4
6871000 4
6872000 4
6873000 4
6874000 4
6875000 4
6876000 4
6877000 4
6878000 4
6879000 4
6880000 4
6881000 4
6882000 4
6883000 4
6884000 4
6885000 4
6886000 4
6887000 4
6888000 4
6889000 4
6890000 4
6891000 4
6892000 4
6893000 4
6894000 4
6895000 4
6896000 4
6897000 4
6898000 4
6899000 4
6900000 4
6901000 4
6902000 4
6903000 4
6904000 4
6905000 4
6906000 4
6907000 4
6908000 4
6909000 4
6910000 4
6911000 4
6912000 4
6913000 4
6914000 4
6915000 4
6916000 4
6917000 4
6918000 4
6919000 4
6920000 4
6921000 4
6922000 4
6923000 4
6924000 4
6925000 4
6926000 4
6927000 4
6928000 4
6929000 4
6930000 4
6931000 4
6932000 4
6933000 4
6934000 4
6935000 4
6936000 4
6937000 4
6938000 4
6939000 4
6940000 4
6941000 4
6942000 4
6943000 4
6944000 4
6945000 4
6946000 4
6947000 4
6948000 4
6949000 4
6950000 4
6951000 4
6952000 4
6953000 4
6954000 4
6955000 4
6956000 4
6957000 4
6958000 4
6959000 4
6960000 4
6961000 4
6962000 4
6963000 4
6964000 4
6965000 4
6966000 4
6967000 4
6968000 4
6969000 4
6970000 4
6971000 4
6972000 4
6973000 4
6974000 4
6975000 4
6976000 4
6977000 4
6978000 4
6979000 4
6980000 4
6981000 4
6982000 4
6983000 4
6984000 4
6985000 4
6986000 4
6987000 4
6988000 4
6989000 4
6990000 4
6991000 4
6992000 4
6993000 4
6994000 4
6995000 4
6996000 4
6997000 4
6998000 4
6999000 4
