# frame 	 heights
0 17
1000 17
2000 17
3000 17
4000 17
5000 17
6000 17
7000 17
8000 17
9000 17
10000 17
11000 17
12000 17
13000 17
14000 17
15000 17
16000 17
17000 17
18000 17
19000 17
20000 17
21000 17
22000 17
23000 17
24000 17
25000 17
26000 17
27000 17
28000 17
29000 17
30000 17
31000 17
32000 17
33000 17
34000 17
35000 17
36000 17
37000 17
38000 17
39000 17
40000 17
41000 17
42000 17
43000 17
44000 17
45000 17
46000 17
47000 17
48000 17
49000 17
50000 17
51000 17
52000 17
53000 17
54000 17
55000 17
56000 17
57000 17
58000 17
59000 17
60000 17
61000 17
62000 17
63000 17
64000 17
65000 17
66000 17
67000 17
68000 17
69000 17
70000 17
71000 17
72000 17
73000 17
74000 17
75000 17
76000 17
77000 17
78000 17
79000 17
80000 17
81000 17
82000 17
83000 17
84000 17
85000 17
86000 17
87000 17
88000 17
89000 17
90000 17
91000 17
92000 17
93000 17
94000 17
95000 17
96000 17
97000 17
98000 17
99000 17
100000 17
101000 17
102000 17
103000 17
104000 17
105000 17
106000 17
107000 17
108000 17
109000 17
110000 17
111000 17
112000 17
113000 17
114000 17
115000 17
116000 17
117000 17
118000 17
119000 17
120000 17
121000 17
122000 17
123000 17
124000 17
125000 17
126000 17
127000 17
128000 17
129000 17
130000 17
131000 17
132000 17
133000 17
134000 17
135000 17
136000 17
137000 17
138000 17
139000 17
140000 17
141000 17
142000 17
143000 17
144000 17
145000 17
146000 17
147000 17
148000 17
149000 17
150000 17
151000 17
152000 17
153000 17
154000 17
155000 17
156000 17
157000 17
158000 17
159000 17
160000 17
161000 17
162000 17
163000 17
164000 17
165000 17
166000 17
167000 17
168000 17
169000 17
170000 17
171000 17
172000 17
173000 17
174000 17
175000 17
176000 17
177000 17
178000 17
179000 17
180000 17
181000 17
182000 17
183000 17
184000 17
185000 17
186000 17
187000 17
188000 17
189000 17
190000 17
191000 17
192000 17
193000 17
194000 17
195000 17
196000 17
197000 17
198000 17
199000 17
200000 17
201000 17
202000 17
203000 17
204000 17
205000 17
206000 17
207000 17
208000 17
209000 17
210000 17
211000 17
212000 17
213000 17
214000 17
215000 17
216000 17
217000 17
218000 17
219000 17
220000 17
221000 17
222000 17
223000 17
224000 17
225000 17
226000 17
227000 17
228000 17
229000 17
230000 17
231000 17
232000 17
233000 17
234000 17
235000 17
236000 17
237000 17
238000 17
239000 17
240000 17
241000 17
242000 17
243000 17
244000 17
245000 17
246000 17
247000 17
248000 17
249000 17
250000 17
251000 17
252000 17
253000 17
254000 17
255000 17
256000 17
257000 17
258000 17
259000 17
260000 17
261000 17
262000 17
263000 17
264000 17
265000 17
266000 17
267000 17
268000 17
269000 17
270000 17
271000 17
272000 17
273000 17
274000 17
275000 17
276000 17
277000 17
278000 17
279000 17
280000 17
281000 17
282000 17
283000 17
284000 17
285000 17
286000 17
287000 17
288000 17
289000 17
290000 17
291000 17
292000 17
293000 17
294000 17
295000 17
296000 17
297000 17
298000 17
299000 17
300000 17
301000 17
302000 17
303000 17
304000 17
305000 17
306000 17
307000 17
308000 17
309000 17
310000 17
311000 17
312000 17
313000 17
314000 17
315000 17
316000 17
317000 17
318000 17
319000 17
320000 17
321000 17
322000 17
323000 17
324000 17
325000 17
326000 17
327000 17
328000 17
329000 17
330000 17
331000 17
332000 17
333000 17
334000 17
335000 17
336000 17
337000 17
338000 17
339000 17
340000 17
341000 17
342000 17
343000 17
344000 17
345000 17
346000 17
347000 17
348000 17
349000 17
350000 17
351000 17
352000 17
353000 17
354000 17
355000 17
356000 17
357000 17
358000 17
359000 17
360000 17
361000 17
362000 17
363000 17
364000 17
365000 17
366000 17
367000 17
368000 17
369000 17
370000 17
371000 17
372000 17
373000 17
374000 17
375000 17
376000 17
377000 17
378000 17
379000 17
380000 17
381000 17
382000 17
383000 17
384000 17
385000 17
386000 17
387000 17
388000 17
389000 17
390000 17
391000 17
392000 17
393000 17
394000 17
395000 17
396000 17
397000 17
398000 17
399000 17
400000 17
401000 17
402000 17
403000 17
404000 17
405000 17
406000 17
407000 17
408000 17
409000 17
410000 17
411000 17
412000 17
413000 17
414000 17
415000 17
416000 17
417000 17
418000 17
419000 17
420000 17
421000 17
422000 17
423000 17
424000 17
425000 17
426000 17
427000 17
428000 17
429000 17
430000 17
431000 17
432000 17
433000 17
434000 17
435000 17
436000 17
437000 17
438000 17
439000 17
440000 17
441000 17
442000 17
443000 17
444000 17
445000 17
446000 17
447000 17
448000 17
449000 17
450000 17
451000 17
452000 17
453000 17
454000 17
455000 17
456000 17
457000 17
458000 17
459000 17
460000 17
461000 17
462000 17
463000 17
464000 17
465000 17
466000 17
467000 17
468000 17
469000 17
470000 17
471000 17
472000 17
473000 17
474000 17
475000 17
476000 17
477000 17
478000 17
479000 17
480000 17
481000 17
482000 17
483000 17
484000 17
485000 17
486000 17
487000 17
488000 17
489000 17
490000 17
491000 17
492000 17
493000 17
494000 17
495000 17
496000 17
497000 17
498000 17
499000 17
500000 17
501000 17
502000 17
503000 17
504000 17
505000 17
506000 17
507000 17
508000 17
509000 17
510000 17
511000 17
512000 17
513000 17
514000 17
515000 17
516000 17
517000 17
518000 17
519000 17
520000 17
521000 17
522000 17
523000 17
524000 17
525000 17
526000 17
527000 17
528000 17
529000 17
530000 17
531000 17
532000 17
533000 17
534000 17
535000 17
536000 17
537000 17
538000 17
539000 17
540000 17
541000 17
542000 17
543000 17
544000 17
545000 17
546000 17
547000 17
548000 17
549000 17
550000 17
551000 17
552000 17
553000 17
554000 17
555000 17
556000 17
557000 17
558000 17
559000 17
560000 17
561000 17
562000 17
563000 17
564000 17
565000 17
566000 17
567000 17
568000 17
569000 17
570000 17
571000 17
572000 17
573000 17
574000 17
575000 17
576000 17
577000 17
578000 17
579000 17
580000 17
581000 17
582000 17
583000 17
584000 17
585000 17
586000 17
587000 17
588000 17
589000 17
590000 17
591000 17
592000 17
593000 17
594000 17
595000 17
596000 17
597000 17
598000 17
599000 17
600000 17
601000 17
602000 17
603000 17
604000 17
605000 17
606000 17
607000 17
608000 17
609000 17
610000 17
611000 17
612000 17
613000 17
614000 17
615000 17
616000 17
617000 17
618000 17
619000 17
620000 17
621000 17
622000 17
623000 17
624000 17
625000 17
626000 17
627000 17
628000 17
629000 17
630000 17
631000 17
632000 17
633000 17
634000 17
635000 17
636000 17
637000 17
638000 17
639000 17
640000 17
641000 17
642000 17
643000 17
644000 17
645000 17
646000 17
647000 17
648000 17
649000 17
650000 17
651000 17
652000 17
653000 17
654000 17
655000 17
656000 17
657000 17
658000 17
659000 17
660000 17
661000 17
662000 17
663000 17
664000 17
665000 17
666000 17
667000 17
668000 17
669000 17
670000 17
671000 17
672000 17
673000 17
674000 17
675000 17
676000 17
677000 17
678000 17
679000 17
680000 17
681000 17
682000 17
683000 17
684000 17
685000 17
686000 17
687000 17
688000 17
689000 17
690000 17
691000 17
692000 17
693000 17
694000 17
695000 17
696000 17
697000 17
698000 17
699000 17
700000 17
701000 17
702000 17
703000 17
704000 17
705000 17
706000 17
707000 17
708000 17
709000 17
710000 17
711000 17
712000 17
713000 17
714000 17
715000 17
716000 17
717000 17
718000 17
719000 17
720000 17
721000 17
722000 17
723000 17
724000 17
725000 17
726000 17
727000 17
728000 17
729000 17
730000 17
731000 17
732000 17
733000 17
734000 17
735000 17
736000 17
737000 17
738000 17
739000 17
740000 17
741000 17
742000 17
743000 17
744000 17
745000 17
746000 17
747000 17
748000 17
749000 17
750000 17
751000 17
752000 17
753000 17
754000 17
755000 17
756000 17
757000 17
758000 17
759000 17
760000 17
761000 17
762000 17
763000 17
764000 17
765000 17
766000 17
767000 17
768000 17
769000 17
770000 17
771000 17
772000 17
773000 17
774000 17
775000 17
776000 17
777000 17
778000 17
779000 17
780000 17
781000 17
782000 17
783000 17
784000 17
785000 17
786000 17
787000 17
788000 17
789000 17
790000 17
791000 17
792000 17
793000 17
794000 17
795000 17
796000 17
797000 17
798000 17
799000 17
800000 17
801000 17
802000 17
803000 17
804000 17
805000 17
806000 17
807000 17
808000 17
809000 17
810000 17
811000 17
812000 17
813000 17
814000 17
815000 17
816000 17
817000 17
818000 17
819000 17
820000 17
821000 17
822000 17
823000 17
824000 17
825000 17
826000 17
827000 17
828000 17
829000 17
830000 17
831000 17
832000 17
833000 17
834000 17
835000 17
836000 17
837000 17
838000 17
839000 17
840000 17
841000 17
842000 17
843000 17
844000 17
845000 17
846000 17
847000 17
848000 17
849000 17
850000 17
851000 17
852000 17
853000 17
854000 17
855000 17
856000 17
857000 17
858000 17
859000 17
860000 17
861000 17
862000 17
863000 17
864000 17
865000 17
866000 17
867000 17
868000 17
869000 17
870000 17
871000 17
872000 17
873000 17
874000 17
875000 17
876000 17
877000 17
878000 17
879000 17
880000 17
881000 17
882000 17
883000 17
884000 17
885000 17
886000 17
887000 17
888000 17
889000 17
890000 17
891000 17
892000 17
893000 17
894000 17
895000 17
896000 17
897000 17
898000 17
899000 17
900000 17
901000 17
902000 17
903000 17
904000 17
905000 17
906000 17
907000 17
908000 17
909000 17
910000 17
911000 17
912000 17
913000 17
914000 17
915000 17
916000 17
917000 17
918000 17
919000 17
920000 17
921000 17
922000 17
923000 17
924000 17
925000 17
926000 17
927000 17
928000 17
929000 17
930000 17
931000 17
932000 17
933000 17
934000 17
935000 17
936000 17
937000 17
938000 17
939000 17
940000 17
941000 17
942000 17
943000 17
944000 17
945000 17
946000 17
947000 17
948000 17
949000 17
950000 17
951000 17
952000 17
953000 17
954000 17
955000 17
956000 17
957000 17
958000 17
959000 17
960000 17
961000 17
962000 17
963000 17
964000 17
965000 17
966000 17
967000 17
968000 17
969000 17
970000 17
971000 17
972000 17
973000 17
974000 17
975000 17
976000 17
977000 17
978000 17
979000 17
980000 17
981000 17
982000 17
983000 17
984000 17
985000 17
986000 17
987000 17
988000 17
989000 17
990000 17
991000 17
992000 17
993000 17
994000 17
995000 17
996000 17
997000 17
998000 17
999000 17
1000000 17
1001000 17
1002000 17
1003000 17
1004000 17
1005000 17
1006000 17
1007000 17
1008000 17
1009000 17
1010000 17
1011000 17
1012000 17
1013000 17
1014000 17
1015000 17
1016000 17
1017000 17
1018000 17
1019000 17
1020000 17
1021000 17
1022000 17
1023000 17
1024000 17
1025000 17
1026000 17
1027000 17
1028000 17
1029000 17
1030000 17
1031000 17
1032000 17
1033000 17
1034000 17
1035000 17
1036000 17
1037000 17
1038000 17
1039000 17
1040000 17
1041000 17
1042000 17
1043000 17
1044000 17
1045000 17
1046000 17
1047000 17
1048000 17
1049000 17
1050000 17
1051000 17
1052000 17
1053000 17
1054000 17
1055000 17
1056000 17
1057000 17
1058000 17
1059000 17
1060000 17
1061000 17
1062000 17
1063000 17
1064000 17
1065000 17
1066000 17
1067000 17
1068000 17
1069000 17
1070000 17
1071000 17
1072000 17
1073000 17
1074000 17
1075000 17
1076000 17
1077000 17
1078000 17
1079000 17
1080000 17
1081000 17
1082000 17
1083000 17
1084000 17
1085000 17
1086000 17
1087000 17
1088000 17
1089000 17
1090000 17
1091000 17
1092000 17
1093000 17
1094000 17
1095000 17
1096000 17
1097000 17
1098000 17
1099000 17
1100000 17
1101000 17
1102000 17
1103000 17
1104000 17
1105000 17
1106000 17
1107000 17
1108000 17
1109000 17
1110000 17
1111000 17
1112000 17
1113000 17
1114000 17
1115000 17
1116000 17
1117000 17
1118000 17
1119000 17
1120000 17
1121000 17
1122000 17
1123000 17
1124000 17
1125000 17
1126000 17
1127000 17
1128000 17
1129000 17
1130000 17
1131000 17
1132000 17
1133000 17
1134000 17
1135000 17
1136000 17
1137000 17
1138000 17
1139000 17
1140000 17
1141000 17
1142000 17
1143000 17
1144000 17
1145000 17
1146000 17
1147000 17
1148000 17
1149000 17
1150000 17
1151000 17
1152000 17
1153000 17
1154000 17
1155000 17
1156000 17
1157000 17
1158000 17
1159000 17
1160000 17
1161000 17
1162000 17
1163000 17
1164000 17
1165000 17
1166000 17
1167000 17
1168000 17
1169000 17
1170000 17
1171000 17
1172000 17
1173000 17
1174000 17
1175000 17
1176000 17
1177000 17
1178000 17
1179000 17
1180000 17
1181000 17
1182000 17
1183000 17
1184000 17
1185000 17
1186000 17
1187000 17
1188000 17
1189000 17
1190000 17
1191000 17
1192000 17
1193000 17
1194000 17
1195000 17
1196000 17
1197000 17
1198000 17
1199000 17
1200000 17
1201000 17
1202000 17
1203000 17
1204000 17
1205000 17
1206000 17
1207000 17
1208000 17
1209000 17
1210000 17
1211000 17
1212000 17
1213000 17
1214000 17
1215000 17
1216000 17
1217000 17
1218000 17
1219000 17
1220000 17
1221000 17
1222000 17
1223000 17
1224000 17
1225000 17
1226000 17
1227000 17
1228000 17
1229000 17
1230000 17
1231000 17
1232000 17
1233000 17
1234000 17
1235000 17
1236000 17
1237000 17
1238000 17
1239000 17
1240000 17
1241000 17
1242000 17
1243000 17
1244000 17
1245000 17
1246000 17
1247000 17
1248000 17
1249000 17
1250000 17
1251000 17
1252000 17
1253000 17
1254000 17
1255000 17
1256000 17
1257000 17
1258000 17
1259000 17
1260000 17
1261000 17
1262000 17
1263000 17
1264000 17
1265000 17
1266000 17
1267000 17
1268000 17
1269000 17
1270000 17
1271000 17
1272000 17
1273000 17
1274000 17
1275000 17
1276000 17
1277000 17
1278000 17
1279000 17
1280000 17
1281000 17
1282000 17
1283000 17
1284000 17
1285000 17
1286000 17
1287000 17
1288000 17
1289000 17
1290000 17
1291000 17
1292000 17
1293000 17
1294000 17
1295000 17
1296000 17
1297000 17
1298000 17
1299000 17
1300000 17
1301000 17
1302000 17
1303000 17
1304000 17
1305000 17
1306000 17
1307000 17
1308000 17
1309000 17
1310000 17
1311000 17
1312000 17
1313000 17
1314000 17
1315000 17
1316000 17
1317000 17
1318000 17
1319000 17
1320000 17
1321000 17
1322000 17
1323000 17
1324000 17
1325000 17
1326000 17
1327000 17
1328000 17
1329000 17
1330000 17
1331000 17
1332000 17
1333000 17
1334000 17
1335000 17
1336000 17
1337000 17
1338000 17
1339000 17
1340000 17
1341000 17
1342000 17
1343000 17
1344000 17
1345000 17
1346000 17
1347000 17
1348000 17
1349000 17
1350000 17
1351000 17
1352000 17
1353000 17
1354000 17
1355000 17
1356000 17
1357000 17
1358000 17
1359000 17
1360000 17
1361000 17
1362000 17
1363000 17
1364000 17
1365000 17
1366000 17
1367000 17
1368000 17
1369000 17
1370000 17
1371000 17
1372000 17
1373000 17
1374000 17
1375000 17
1376000 17
1377000 17
1378000 17
1379000 17
1380000 17
1381000 17
1382000 17
1383000 17
1384000 17
1385000 17
1386000 17
1387000 17
1388000 17
1389000 17
1390000 17
1391000 17
1392000 17
1393000 17
1394000 17
1395000 17
1396000 17
1397000 17
1398000 17
1399000 17
1400000 17
1401000 17
1402000 17
1403000 17
1404000 17
1405000 17
1406000 17
1407000 17
1408000 17
1409000 17
1410000 17
1411000 17
1412000 17
1413000 17
1414000 17
1415000 17
1416000 17
1417000 17
1418000 17
1419000 17
1420000 17
1421000 17
1422000 17
1423000 17
1424000 17
1425000 17
1426000 17
1427000 17
1428000 17
1429000 17
1430000 17
1431000 17
1432000 17
1433000 17
1434000 17
1435000 17
1436000 17
1437000 17
1438000 17
1439000 17
1440000 17
1441000 17
1442000 17
1443000 17
1444000 17
1445000 17
1446000 17
1447000 17
1448000 17
1449000 17
1450000 17
1451000 17
1452000 17
1453000 17
1454000 17
1455000 17
1456000 17
1457000 17
1458000 17
1459000 17
1460000 17
1461000 17
1462000 17
1463000 17
1464000 17
1465000 17
1466000 17
1467000 17
1468000 17
1469000 17
1470000 17
1471000 17
1472000 17
1473000 17
1474000 17
1475000 17
1476000 17
1477000 17
1478000 17
1479000 17
1480000 17
1481000 17
1482000 17
1483000 17
1484000 17
1485000 17
1486000 17
1487000 17
1488000 17
1489000 17
1490000 17
1491000 17
1492000 17
1493000 17
1494000 17
1495000 17
1496000 17
1497000 17
1498000 17
1499000 17
1500000 17
1501000 17
1502000 17
1503000 17
1504000 17
1505000 17
1506000 17
1507000 17
1508000 17
1509000 17
1510000 17
1511000 17
1512000 17
1513000 17
1514000 17
1515000 17
1516000 17
1517000 17
1518000 17
1519000 17
1520000 17
1521000 17
1522000 17
1523000 17
1524000 17
1525000 17
1526000 17
1527000 17
1528000 17
1529000 17
1530000 17
1531000 17
1532000 17
1533000 17
1534000 17
1535000 17
1536000 17
1537000 17
1538000 17
1539000 17
1540000 17
1541000 17
1542000 17
1543000 17
1544000 17
1545000 17
1546000 17
1547000 17
1548000 17
1549000 17
1550000 17
1551000 17
1552000 17
1553000 17
1554000 17
1555000 17
1556000 17
1557000 17
1558000 17
1559000 17
1560000 17
1561000 17
1562000 17
1563000 17
1564000 17
1565000 17
1566000 17
1567000 17
1568000 17
1569000 17
1570000 17
1571000 17
1572000 17
1573000 17
1574000 17
1575000 17
1576000 17
1577000 17
1578000 17
1579000 17
1580000 17
1581000 17
1582000 17
1583000 17
1584000 17
1585000 17
1586000 17
1587000 17
1588000 17
1589000 17
1590000 17
1591000 17
1592000 17
1593000 17
1594000 17
1595000 17
1596000 17
1597000 17
1598000 17
1599000 17
1600000 17
1601000 17
1602000 17
1603000 17
1604000 17
1605000 17
1606000 17
1607000 17
1608000 17
1609000 17
1610000 17
1611000 17
1612000 17
1613000 17
1614000 17
1615000 17
1616000 17
1617000 17
1618000 17
1619000 17
1620000 17
1621000 17
1622000 17
1623000 17
1624000 17
1625000 17
1626000 17
1627000 17
1628000 17
1629000 17
1630000 17
1631000 17
1632000 17
1633000 17
1634000 17
1635000 17
1636000 17
1637000 17
1638000 17
1639000 17
1640000 17
1641000 17
1642000 17
1643000 17
1644000 17
1645000 17
1646000 17
1647000 17
1648000 17
1649000 17
1650000 17
1651000 17
1652000 17
1653000 17
1654000 17
1655000 17
1656000 17
1657000 17
1658000 17
1659000 17
1660000 17
1661000 17
1662000 17
1663000 17
1664000 17
1665000 17
1666000 17
1667000 17
1668000 17
1669000 17
1670000 17
1671000 17
1672000 17
1673000 17
1674000 17
1675000 17
1676000 17
1677000 17
1678000 17
1679000 17
1680000 17
1681000 17
1682000 17
1683000 17
1684000 17
1685000 17
1686000 17
1687000 17
1688000 17
1689000 17
1690000 17
1691000 17
1692000 17
1693000 17
1694000 17
1695000 17
1696000 17
1697000 17
1698000 17
1699000 17
1700000 17
1701000 17
1702000 17
1703000 17
1704000 17
1705000 17
1706000 17
1707000 17
1708000 17
1709000 17
1710000 17
1711000 17
1712000 17
1713000 17
1714000 17
1715000 17
1716000 17
1717000 17
1718000 17
1719000 17
1720000 17
1721000 17
1722000 17
1723000 17
1724000 17
1725000 17
1726000 17
1727000 17
1728000 17
1729000 17
1730000 17
1731000 17
1732000 17
1733000 17
1734000 17
1735000 17
1736000 17
1737000 17
1738000 17
1739000 17
1740000 17
1741000 17
1742000 17
1743000 17
1744000 17
1745000 17
1746000 17
1747000 17
1748000 17
1749000 17
1750000 17
1751000 17
1752000 17
1753000 17
1754000 17
1755000 17
1756000 17
1757000 17
1758000 17
1759000 17
1760000 17
1761000 17
1762000 17
1763000 17
1764000 17
1765000 17
1766000 17
1767000 17
1768000 17
1769000 17
1770000 17
1771000 17
1772000 17
1773000 17
1774000 17
1775000 17
1776000 17
1777000 17
1778000 17
1779000 17
1780000 17
1781000 17
1782000 17
1783000 17
1784000 17
1785000 17
1786000 17
1787000 17
1788000 17
1789000 17
1790000 17
1791000 17
1792000 17
1793000 17
1794000 17
1795000 17
1796000 17
1797000 17
1798000 17
1799000 17
1800000 17
1801000 17
1802000 17
1803000 17
1804000 17
1805000 17
1806000 17
1807000 17
1808000 17
1809000 17
1810000 17
1811000 17
1812000 17
1813000 17
1814000 17
1815000 17
1816000 17
1817000 17
1818000 17
1819000 17
1820000 17
1821000 17
1822000 17
1823000 17
1824000 17
1825000 17
1826000 17
1827000 17
1828000 17
1829000 17
1830000 17
1831000 17
1832000 17
1833000 17
1834000 17
1835000 17
1836000 17
1837000 17
1838000 17
1839000 17
1840000 17
1841000 17
1842000 17
1843000 17
1844000 17
1845000 17
1846000 17
1847000 17
1848000 17
1849000 17
1850000 17
1851000 17
1852000 17
1853000 17
1854000 17
1855000 17
1856000 17
1857000 17
1858000 17
1859000 17
1860000 17
1861000 17
1862000 17
1863000 17
1864000 17
1865000 17
1866000 17
1867000 17
1868000 17
1869000 17
1870000 17
1871000 17
1872000 17
1873000 17
1874000 17
1875000 17
1876000 17
1877000 17
1878000 17
1879000 17
1880000 17
1881000 17
1882000 17
1883000 17
1884000 17
1885000 17
1886000 17
1887000 17
1888000 17
1889000 17
1890000 17
1891000 17
1892000 17
1893000 17
1894000 17
1895000 17
1896000 17
1897000 17
1898000 17
1899000 17
1900000 17
1901000 17
1902000 17
1903000 17
1904000 17
1905000 17
1906000 17
1907000 17
1908000 17
1909000 17
1910000 17
1911000 17
1912000 17
1913000 17
1914000 17
1915000 17
1916000 17
1917000 17
1918000 17
1919000 17
1920000 17
1921000 17
1922000 17
1923000 17
1924000 17
1925000 17
1926000 17
1927000 17
1928000 17
1929000 17
1930000 17
1931000 17
1932000 17
1933000 17
1934000 17
1935000 17
1936000 17
1937000 17
1938000 17
1939000 17
1940000 17
1941000 17
1942000 17
1943000 17
1944000 17
1945000 17
1946000 17
1947000 17
1948000 17
1949000 17
1950000 17
1951000 17
1952000 17
1953000 17
1954000 17
1955000 17
1956000 17
1957000 17
1958000 17
1959000 17
1960000 17
1961000 17
1962000 17
1963000 17
1964000 17
1965000 17
1966000 17
1967000 17
1968000 17
1969000 17
1970000 17
1971000 17
1972000 17
1973000 17
1974000 17
1975000 17
1976000 17
1977000 17
1978000 17
1979000 17
1980000 17
1981000 17
1982000 17
1983000 17
1984000 17
1985000 17
1986000 17
1987000 17
1988000 17
1989000 17
1990000 17
1991000 17
1992000 17
1993000 17
1994000 17
1995000 17
1996000 17
1997000 17
1998000 17
1999000 17
2000000 17
2001000 17
2002000 17
2003000 17
2004000 17
2005000 17
2006000 17
2007000 17
2008000 17
2009000 17
2010000 17
2011000 17
2012000 17
2013000 17
2014000 17
2015000 17
2016000 17
2017000 17
2018000 17
2019000 17
2020000 17
2021000 17
2022000 17
2023000 17
2024000 17
2025000 17
2026000 17
2027000 17
2028000 17
2029000 17
2030000 17
2031000 17
2032000 17
2033000 17
2034000 17
2035000 17
2036000 17
2037000 17
2038000 17
2039000 17
2040000 17
2041000 17
2042000 17
2043000 17
2044000 17
2045000 17
2046000 17
2047000 17
2048000 17
2049000 17
2050000 17
2051000 17
2052000 17
2053000 17
2054000 17
2055000 17
2056000 17
2057000 17
2058000 17
2059000 17
2060000 17
2061000 17
2062000 17
2063000 17
2064000 17
2065000 17
2066000 17
2067000 17
2068000 17
2069000 17
2070000 17
2071000 17
2072000 17
2073000 17
2074000 17
2075000 17
2076000 17
2077000 17
2078000 17
2079000 17
2080000 17
2081000 17
2082000 17
2083000 17
2084000 17
2085000 17
2086000 17
2087000 17
2088000 17
2089000 17
2090000 17
2091000 17
2092000 17
2093000 17
2094000 17
2095000 17
2096000 17
2097000 17
2098000 17
2099000 17
2100000 17
2101000 17
2102000 17
2103000 17
2104000 17
2105000 17
2106000 17
2107000 17
2108000 17
2109000 17
2110000 17
2111000 17
2112000 17
2113000 17
2114000 17
2115000 17
2116000 17
2117000 17
2118000 17
2119000 17
2120000 17
2121000 17
2122000 17
2123000 17
2124000 17
2125000 17
2126000 17
2127000 17
2128000 17
2129000 17
2130000 17
2131000 17
2132000 17
2133000 17
2134000 17
2135000 17
2136000 17
2137000 17
2138000 17
2139000 17
2140000 17
2141000 17
2142000 17
2143000 17
2144000 17
2145000 17
2146000 17
2147000 17
2148000 17
2149000 17
2150000 17
2151000 17
2152000 17
2153000 17
2154000 17
2155000 17
2156000 17
2157000 17
2158000 17
2159000 17
2160000 17
2161000 17
2162000 17
2163000 17
2164000 17
2165000 17
2166000 17
2167000 17
2168000 17
2169000 17
2170000 17
2171000 17
2172000 17
2173000 17
2174000 17
2175000 17
2176000 17
2177000 17
2178000 17
2179000 17
2180000 17
2181000 17
2182000 17
2183000 17
2184000 17
2185000 17
2186000 17
2187000 17
2188000 17
2189000 17
2190000 17
2191000 17
2192000 17
2193000 17
2194000 17
2195000 17
2196000 17
2197000 17
2198000 17
2199000 17
2200000 17
2201000 17
2202000 17
2203000 17
2204000 17
2205000 17
2206000 17
2207000 17
2208000 17
2209000 17
2210000 17
2211000 17
2212000 17
2213000 17
2214000 17
2215000 17
2216000 17
2217000 17
2218000 17
2219000 17
2220000 17
2221000 17
2222000 17
2223000 17
2224000 17
2225000 17
2226000 17
2227000 17
2228000 17
2229000 17
2230000 17
2231000 17
2232000 17
2233000 17
2234000 17
2235000 17
2236000 17
2237000 17
2238000 17
2239000 17
2240000 17
2241000 17
2242000 17
2243000 17
2244000 17
2245000 17
2246000 17
2247000 17
2248000 17
2249000 17
2250000 17
2251000 17
2252000 17
2253000 17
2254000 17
2255000 17
2256000 17
2257000 17
2258000 17
2259000 17
2260000 17
2261000 17
2262000 17
2263000 17
2264000 17
2265000 17
2266000 17
2267000 17
2268000 17
2269000 17
2270000 17
2271000 17
2272000 17
2273000 17
2274000 17
2275000 17
2276000 17
2277000 17
2278000 17
2279000 17
2280000 17
2281000 17
2282000 17
2283000 17
2284000 17
2285000 17
2286000 17
2287000 17
2288000 17
2289000 17
2290000 17
2291000 17
2292000 17
2293000 17
2294000 17
2295000 17
2296000 17
2297000 17
2298000 17
2299000 17
2300000 17
2301000 17
2302000 17
2303000 17
2304000 17
2305000 17
2306000 17
2307000 17
2308000 17
2309000 17
2310000 17
2311000 17
2312000 17
2313000 17
2314000 17
2315000 17
2316000 17
2317000 17
2318000 17
2319000 17
2320000 17
2321000 17
2322000 17
2323000 17
2324000 17
2325000 17
2326000 17
2327000 17
2328000 17
2329000 17
2330000 17
2331000 17
2332000 17
2333000 17
2334000 17
2335000 17
2336000 17
2337000 17
2338000 17
2339000 17
2340000 17
2341000 17
2342000 17
2343000 17
2344000 17
2345000 17
2346000 17
2347000 17
2348000 17
2349000 17
2350000 17
2351000 17
2352000 17
2353000 17
2354000 17
2355000 17
2356000 17
2357000 17
2358000 17
2359000 17
2360000 17
2361000 17
2362000 17
2363000 17
2364000 17
2365000 17
2366000 17
2367000 17
2368000 17
2369000 17
2370000 17
2371000 17
2372000 17
2373000 17
2374000 17
2375000 17
2376000 17
2377000 17
2378000 17
2379000 17
2380000 17
2381000 17
2382000 17
2383000 17
2384000 17
2385000 17
2386000 17
2387000 17
2388000 17
2389000 17
2390000 17
2391000 17
2392000 17
2393000 17
2394000 17
2395000 17
2396000 17
2397000 17
2398000 17
2399000 17
2400000 17
2401000 17
2402000 17
2403000 17
2404000 17
2405000 17
2406000 17
2407000 17
2408000 17
2409000 17
2410000 17
2411000 17
2412000 17
2413000 17
2414000 17
2415000 17
2416000 17
2417000 17
2418000 17
2419000 17
2420000 17
2421000 17
2422000 17
2423000 17
2424000 17
2425000 17
2426000 17
2427000 17
2428000 17
2429000 17
2430000 17
2431000 17
2432000 17
2433000 17
2434000 17
2435000 17
2436000 17
2437000 17
2438000 17
2439000 17
2440000 17
2441000 17
2442000 17
2443000 17
2444000 17
2445000 17
2446000 17
2447000 17
2448000 17
2449000 17
2450000 17
2451000 17
2452000 17
2453000 17
2454000 17
2455000 17
2456000 17
2457000 17
2458000 17
2459000 17
2460000 17
2461000 17
2462000 17
2463000 17
2464000 17
2465000 17
2466000 17
2467000 17
2468000 17
2469000 17
2470000 17
2471000 17
2472000 17
2473000 17
2474000 17
2475000 17
2476000 17
2477000 17
2478000 17
2479000 17
2480000 17
2481000 17
2482000 17
2483000 17
2484000 17
2485000 17
2486000 17
2487000 17
2488000 17
2489000 17
2490000 17
2491000 17
2492000 17
2493000 17
2494000 17
2495000 17
2496000 17
2497000 17
2498000 17
2499000 17
2500000 17
2501000 17
2502000 17
2503000 17
2504000 17
2505000 17
2506000 17
2507000 17
2508000 17
2509000 17
2510000 17
2511000 17
2512000 17
2513000 17
2514000 17
2515000 17
2516000 17
2517000 17
2518000 17
2519000 17
2520000 17
2521000 17
2522000 17
2523000 17
2524000 17
2525000 17
2526000 17
2527000 17
2528000 17
2529000 17
2530000 17
2531000 17
2532000 17
2533000 17
2534000 17
2535000 17
2536000 17
2537000 17
2538000 17
2539000 17
2540000 17
2541000 17
2542000 17
2543000 17
2544000 17
2545000 17
2546000 17
2547000 17
2548000 17
2549000 17
2550000 17
2551000 17
2552000 17
2553000 17
2554000 17
2555000 17
2556000 17
2557000 17
2558000 17
2559000 17
2560000 17
2561000 17
2562000 17
2563000 17
2564000 17
2565000 17
2566000 17
2567000 17
2568000 17
2569000 17
2570000 17
2571000 17
2572000 17
2573000 17
2574000 17
2575000 17
2576000 17
2577000 17
2578000 17
2579000 17
2580000 17
2581000 17
2582000 17
2583000 17
2584000 17
2585000 17
2586000 17
2587000 17
2588000 17
2589000 17
2590000 17
2591000 17
2592000 17
2593000 17
2594000 17
2595000 17
2596000 17
2597000 17
2598000 17
2599000 17
2600000 17
2601000 17
2602000 17
2603000 17
2604000 17
2605000 17
2606000 17
2607000 17
2608000 17
2609000 17
2610000 17
2611000 17
2612000 17
2613000 17
2614000 17
2615000 17
2616000 17
2617000 17
2618000 17
2619000 17
2620000 17
2621000 17
2622000 17
2623000 17
2624000 17
2625000 17
2626000 17
2627000 17
2628000 17
2629000 17
2630000 17
2631000 17
2632000 17
2633000 17
2634000 17
2635000 17
2636000 17
2637000 17
2638000 17
2639000 17
2640000 17
2641000 17
2642000 17
2643000 17
2644000 17
2645000 17
2646000 17
2647000 17
2648000 17
2649000 17
2650000 17
2651000 17
2652000 17
2653000 17
2654000 17
2655000 17
2656000 17
2657000 17
2658000 17
2659000 17
2660000 17
2661000 17
2662000 17
2663000 17
2664000 17
2665000 17
2666000 17
2667000 17
2668000 17
2669000 17
2670000 17
2671000 17
2672000 17
2673000 17
2674000 17
2675000 17
2676000 17
2677000 17
2678000 17
2679000 17
2680000 17
2681000 17
2682000 17
2683000 17
2684000 17
2685000 17
2686000 17
2687000 17
2688000 17
2689000 17
2690000 17
2691000 17
2692000 17
2693000 17
2694000 17
2695000 17
2696000 17
2697000 17
2698000 17
2699000 17
2700000 17
2701000 17
2702000 17
2703000 17
2704000 17
2705000 17
2706000 17
2707000 17
2708000 17
2709000 17
2710000 17
2711000 17
2712000 17
2713000 17
2714000 17
2715000 17
2716000 17
2717000 17
2718000 17
2719000 17
2720000 17
2721000 17
2722000 17
2723000 17
2724000 17
2725000 17
2726000 17
2727000 17
2728000 17
2729000 17
2730000 17
2731000 17
2732000 17
2733000 17
2734000 17
2735000 17
2736000 17
2737000 17
2738000 17
2739000 17
2740000 17
2741000 17
2742000 17
2743000 17
2744000 17
2745000 17
2746000 17
2747000 17
2748000 17
2749000 17
2750000 17
2751000 17
2752000 17
2753000 17
2754000 17
2755000 17
2756000 17
2757000 17
2758000 17
2759000 17
2760000 17
2761000 17
2762000 17
2763000 17
2764000 17
2765000 17
2766000 17
2767000 17
2768000 17
2769000 17
2770000 17
2771000 17
2772000 17
2773000 17
2774000 17
2775000 17
2776000 17
2777000 17
2778000 17
2779000 17
2780000 17
2781000 17
2782000 17
2783000 17
2784000 17
2785000 17
2786000 17
2787000 17
2788000 17
2789000 17
2790000 17
2791000 17
2792000 17
2793000 17
2794000 17
2795000 17
2796000 17
2797000 17
2798000 17
2799000 17
2800000 17
2801000 17
2802000 17
2803000 17
2804000 17
2805000 17
2806000 17
2807000 17
2808000 17
2809000 17
2810000 17
2811000 17
2812000 17
2813000 17
2814000 17
2815000 17
2816000 17
2817000 17
2818000 17
2819000 17
2820000 17
2821000 17
2822000 17
2823000 17
2824000 17
2825000 17
2826000 17
2827000 17
2828000 17
2829000 17
2830000 17
2831000 17
2832000 17
2833000 17
2834000 17
2835000 17
2836000 17
2837000 17
2838000 17
2839000 17
2840000 17
2841000 17
2842000 17
2843000 17
2844000 17
2845000 17
2846000 17
2847000 17
2848000 17
2849000 17
2850000 17
2851000 17
2852000 17
2853000 17
2854000 17
2855000 17
2856000 17
2857000 17
2858000 17
2859000 17
2860000 17
2861000 17
2862000 17
2863000 17
2864000 17
2865000 17
2866000 17
2867000 17
2868000 17
2869000 17
2870000 17
2871000 17
2872000 17
2873000 17
2874000 17
2875000 17
2876000 17
2877000 17
2878000 17
2879000 17
2880000 17
2881000 17
2882000 17
2883000 17
2884000 17
2885000 17
2886000 17
2887000 17
2888000 17
2889000 17
2890000 17
2891000 17
2892000 17
2893000 17
2894000 17
2895000 17
2896000 17
2897000 17
2898000 17
2899000 17
2900000 17
2901000 17
2902000 17
2903000 17
2904000 17
2905000 17
2906000 17
2907000 17
2908000 17
2909000 17
2910000 17
2911000 17
2912000 17
2913000 17
2914000 17
2915000 17
2916000 17
2917000 17
2918000 17
2919000 17
2920000 17
2921000 17
2922000 17
2923000 17
2924000 17
2925000 17
2926000 17
2927000 17
2928000 17
2929000 17
2930000 17
2931000 17
2932000 17
2933000 17
2934000 17
2935000 17
2936000 17
2937000 17
2938000 17
2939000 17
2940000 17
2941000 17
2942000 17
2943000 17
2944000 17
2945000 17
2946000 17
2947000 17
2948000 17
2949000 17
2950000 17
2951000 17
2952000 17
2953000 17
2954000 17
2955000 17
2956000 17
2957000 17
2958000 17
2959000 17
2960000 17
2961000 17
2962000 17
2963000 17
2964000 17
2965000 17
2966000 17
2967000 17
2968000 17
2969000 17
2970000 17
2971000 17
2972000 17
2973000 17
2974000 17
2975000 17
2976000 17
2977000 17
2978000 17
2979000 17
2980000 17
2981000 17
2982000 17
2983000 17
2984000 17
2985000 17
2986000 17
2987000 17
2988000 17
2989000 17
2990000 17
2991000 17
2992000 17
2993000 17
2994000 17
2995000 17
2996000 17
2997000 17
2998000 17
2999000 17
3000000 17
3001000 17
3002000 17
3003000 17
3004000 17
3005000 17
3006000 17
3007000 17
3008000 17
3009000 17
3010000 17
3011000 17
3012000 17
3013000 17
3014000 17
3015000 17
3016000 17
3017000 17
3018000 17
3019000 17
3020000 17
3021000 17
3022000 17
3023000 17
3024000 17
3025000 17
3026000 17
3027000 17
3028000 17
3029000 17
3030000 17
3031000 17
3032000 17
3033000 17
3034000 17
3035000 17
3036000 17
3037000 17
3038000 17
3039000 17
3040000 17
3041000 17
3042000 17
3043000 17
3044000 17
3045000 17
3046000 17
3047000 17
3048000 17
3049000 17
3050000 17
3051000 17
3052000 17
3053000 17
3054000 17
3055000 17
3056000 17
3057000 17
3058000 17
3059000 17
3060000 17
3061000 17
3062000 17
3063000 17
3064000 17
3065000 17
3066000 17
3067000 17
3068000 17
3069000 17
3070000 17
3071000 17
3072000 17
3073000 17
3074000 17
3075000 17
3076000 17
3077000 17
3078000 17
3079000 17
3080000 17
3081000 17
3082000 17
3083000 17
3084000 17
3085000 17
3086000 17
3087000 17
3088000 17
3089000 17
3090000 17
3091000 17
3092000 17
3093000 17
3094000 17
3095000 17
3096000 17
3097000 17
3098000 17
3099000 17
3100000 17
3101000 17
3102000 17
3103000 17
3104000 17
3105000 17
3106000 17
3107000 17
3108000 17
3109000 17
3110000 17
3111000 17
3112000 17
3113000 17
3114000 17
3115000 17
3116000 17
3117000 17
3118000 17
3119000 17
3120000 17
3121000 17
3122000 17
3123000 17
3124000 17
3125000 17
3126000 17
3127000 17
3128000 17
3129000 17
3130000 17
3131000 17
3132000 17
3133000 17
3134000 17
3135000 17
3136000 17
3137000 17
3138000 17
3139000 17
3140000 17
3141000 17
3142000 17
3143000 17
3144000 17
3145000 17
3146000 17
3147000 17
3148000 17
3149000 17
3150000 17
3151000 17
3152000 17
3153000 17
3154000 17
3155000 17
3156000 17
3157000 17
3158000 17
3159000 17
3160000 17
3161000 17
3162000 17
3163000 17
3164000 17
3165000 17
3166000 17
3167000 17
3168000 17
3169000 17
3170000 17
3171000 17
3172000 17
3173000 17
3174000 17
3175000 17
3176000 17
3177000 17
3178000 17
3179000 17
3180000 17
3181000 17
3182000 17
3183000 17
3184000 17
3185000 17
3186000 17
3187000 17
3188000 17
3189000 17
3190000 17
3191000 17
3192000 17
3193000 17
3194000 17
3195000 17
3196000 17
3197000 17
3198000 17
3199000 17
3200000 17
3201000 17
3202000 17
3203000 17
3204000 17
3205000 17
3206000 17
3207000 17
3208000 17
3209000 17
3210000 17
3211000 17
3212000 17
3213000 17
3214000 17
3215000 17
3216000 17
3217000 17
3218000 17
3219000 17
3220000 17
3221000 17
3222000 17
3223000 17
3224000 17
3225000 17
3226000 17
3227000 17
3228000 17
3229000 17
3230000 17
3231000 17
3232000 17
3233000 17
3234000 17
3235000 17
3236000 17
3237000 17
3238000 17
3239000 17
3240000 17
3241000 17
3242000 17
3243000 17
3244000 17
3245000 17
3246000 17
3247000 17
3248000 17
3249000 17
3250000 17
3251000 17
3252000 17
3253000 17
3254000 17
3255000 17
3256000 17
3257000 17
3258000 17
3259000 17
3260000 17
3261000 17
3262000 17
3263000 17
3264000 17
3265000 17
3266000 17
3267000 17
3268000 17
3269000 17
3270000 17
3271000 17
3272000 17
3273000 17
3274000 17
3275000 17
3276000 17
3277000 17
3278000 17
3279000 17
3280000 17
3281000 17
3282000 17
3283000 17
3284000 17
3285000 17
3286000 17
3287000 17
3288000 17
3289000 17
3290000 17
3291000 17
3292000 17
3293000 17
3294000 17
3295000 17
3296000 17
3297000 17
3298000 17
3299000 17
3300000 17
3301000 17
3302000 17
3303000 17
3304000 17
3305000 17
3306000 17
3307000 17
3308000 17
3309000 17
3310000 17
3311000 17
3312000 17
3313000 17
3314000 17
3315000 17
3316000 17
3317000 17
3318000 17
3319000 17
3320000 17
3321000 17
3322000 17
3323000 17
3324000 17
3325000 17
3326000 17
3327000 17
3328000 17
3329000 17
3330000 17
3331000 17
3332000 17
3333000 17
3334000 17
3335000 17
3336000 17
3337000 17
3338000 17
3339000 17
3340000 17
3341000 17
3342000 17
3343000 17
3344000 17
3345000 17
3346000 17
3347000 17
3348000 17
3349000 17
3350000 17
3351000 17
3352000 17
3353000 17
3354000 17
3355000 17
3356000 17
3357000 17
3358000 17
3359000 17
3360000 17
3361000 17
3362000 17
3363000 17
3364000 17
3365000 17
3366000 17
3367000 17
3368000 17
3369000 17
3370000 17
3371000 17
3372000 17
3373000 17
3374000 17
3375000 17
3376000 17
3377000 17
3378000 17
3379000 17
3380000 17
3381000 17
3382000 17
3383000 17
3384000 17
3385000 17
3386000 17
3387000 17
3388000 17
3389000 17
3390000 17
3391000 17
3392000 17
3393000 17
3394000 17
3395000 17
3396000 17
3397000 17
3398000 17
3399000 17
3400000 17
3401000 17
3402000 17
3403000 17
3404000 17
3405000 17
3406000 17
3407000 17
3408000 17
3409000 17
3410000 17
3411000 17
3412000 17
3413000 17
3414000 17
3415000 17
3416000 17
3417000 17
3418000 17
3419000 17
3420000 17
3421000 17
3422000 17
3423000 17
3424000 17
3425000 17
3426000 17
3427000 17
3428000 17
3429000 17
3430000 17
3431000 17
3432000 17
3433000 17
3434000 17
3435000 17
3436000 17
3437000 17
3438000 17
3439000 17
3440000 17
3441000 17
3442000 17
3443000 17
3444000 17
3445000 17
3446000 17
3447000 17
3448000 17
3449000 17
3450000 17
3451000 17
3452000 17
3453000 17
3454000 17
3455000 17
3456000 17
3457000 17
3458000 17
3459000 17
3460000 17
3461000 17
3462000 17
3463000 17
3464000 17
3465000 17
3466000 17
3467000 17
3468000 17
3469000 17
3470000 17
3471000 17
3472000 17
3473000 17
3474000 17
3475000 17
3476000 17
3477000 17
3478000 17
3479000 17
3480000 17
3481000 17
3482000 17
3483000 17
3484000 17
3485000 17
3486000 17
3487000 17
3488000 17
3489000 17
3490000 17
3491000 17
3492000 17
3493000 17
3494000 17
3495000 17
3496000 17
3497000 17
3498000 17
3499000 17
3500000 17
3501000 17
3502000 17
3503000 17
3504000 17
3505000 17
3506000 17
3507000 17
3508000 17
3509000 17
3510000 17
3511000 17
3512000 17
3513000 17
3514000 17
3515000 17
3516000 17
3517000 17
3518000 17
3519000 17
3520000 17
3521000 17
3522000 17
3523000 17
3524000 17
3525000 17
3526000 17
3527000 17
3528000 17
3529000 17
3530000 17
3531000 17
3532000 17
3533000 17
3534000 17
3535000 17
3536000 17
3537000 17
3538000 17
3539000 17
3540000 17
3541000 17
3542000 17
3543000 17
3544000 17
3545000 17
3546000 17
3547000 17
3548000 17
3549000 17
3550000 17
3551000 17
3552000 17
3553000 17
3554000 17
3555000 17
3556000 17
3557000 17
3558000 17
3559000 17
3560000 17
3561000 17
3562000 17
3563000 17
3564000 17
3565000 17
3566000 17
3567000 17
3568000 17
3569000 17
3570000 17
3571000 17
3572000 17
3573000 17
3574000 17
3575000 17
3576000 17
3577000 17
3578000 17
3579000 17
3580000 17
3581000 17
3582000 17
3583000 17
3584000 17
3585000 17
3586000 17
3587000 17
3588000 17
3589000 17
3590000 17
3591000 17
3592000 17
3593000 17
3594000 17
3595000 17
3596000 17
3597000 17
3598000 17
3599000 17
3600000 17
3601000 17
3602000 17
3603000 17
3604000 17
3605000 17
3606000 17
3607000 17
3608000 17
3609000 17
3610000 17
3611000 17
3612000 17
3613000 17
3614000 17
3615000 17
3616000 17
3617000 17
3618000 17
3619000 17
3620000 17
3621000 17
3622000 17
3623000 17
3624000 17
3625000 17
3626000 17
3627000 17
3628000 17
3629000 17
3630000 17
3631000 17
3632000 17
3633000 17
3634000 17
3635000 17
3636000 17
3637000 17
3638000 17
3639000 17
3640000 17
3641000 17
3642000 17
3643000 17
3644000 17
3645000 17
3646000 17
3647000 17
3648000 17
3649000 17
3650000 17
3651000 17
3652000 17
3653000 17
3654000 17
3655000 17
3656000 17
3657000 17
3658000 17
3659000 17
3660000 17
3661000 17
3662000 17
3663000 17
3664000 17
3665000 17
3666000 17
3667000 17
3668000 17
3669000 17
3670000 17
3671000 17
3672000 17
3673000 17
3674000 17
3675000 17
3676000 17
3677000 17
3678000 17
3679000 17
3680000 17
3681000 17
3682000 17
3683000 17
3684000 17
3685000 17
3686000 17
3687000 17
3688000 17
3689000 17
3690000 17
3691000 17
3692000 17
3693000 17
3694000 17
3695000 17
3696000 17
3697000 17
3698000 17
3699000 17
3700000 17
3701000 17
3702000 17
3703000 17
3704000 17
3705000 17
3706000 17
3707000 17
3708000 17
3709000 17
3710000 17
3711000 17
3712000 17
3713000 17
3714000 17
3715000 17
3716000 17
3717000 17
3718000 17
3719000 17
3720000 17
3721000 17
3722000 17
3723000 17
3724000 17
3725000 17
3726000 17
3727000 17
3728000 17
3729000 17
3730000 17
3731000 17
3732000 17
3733000 17
3734000 17
3735000 17
3736000 17
3737000 17
3738000 17
3739000 17
3740000 17
3741000 17
3742000 17
3743000 17
3744000 17
3745000 17
3746000 17
3747000 17
3748000 17
3749000 17
3750000 17
3751000 17
3752000 17
3753000 17
3754000 17
3755000 17
3756000 17
3757000 17
3758000 17
3759000 17
3760000 17
3761000 17
3762000 17
3763000 17
3764000 17
3765000 17
3766000 17
3767000 17
3768000 17
3769000 17
3770000 17
3771000 17
3772000 17
3773000 17
3774000 17
3775000 17
3776000 17
3777000 17
3778000 17
3779000 17
3780000 17
3781000 17
3782000 17
3783000 17
3784000 17
3785000 17
3786000 17
3787000 17
3788000 17
3789000 17
3790000 17
3791000 17
3792000 17
3793000 17
3794000 17
3795000 17
3796000 17
3797000 17
3798000 17
3799000 17
3800000 17
3801000 17
3802000 17
3803000 17
3804000 17
3805000 17
3806000 17
3807000 17
3808000 17
3809000 17
3810000 17
3811000 17
3812000 17
3813000 17
3814000 17
3815000 17
3816000 17
3817000 17
3818000 17
3819000 17
3820000 17
3821000 17
3822000 17
3823000 17
3824000 17
3825000 17
3826000 17
3827000 17
3828000 17
3829000 17
3830000 17
3831000 17
3832000 17
3833000 17
3834000 17
3835000 17
3836000 17
3837000 17
3838000 17
3839000 17
3840000 17
3841000 17
3842000 17
3843000 17
3844000 17
3845000 17
3846000 17
3847000 17
3848000 17
3849000 17
3850000 17
3851000 17
3852000 17
3853000 17
3854000 17
3855000 17
3856000 17
3857000 17
3858000 17
3859000 17
3860000 17
3861000 17
3862000 17
3863000 17
3864000 17
3865000 17
3866000 17
3867000 17
3868000 17
3869000 17
3870000 17
3871000 17
3872000 17
3873000 17
3874000 17
3875000 17
3876000 17
3877000 17
3878000 17
3879000 17
3880000 17
3881000 17
3882000 17
3883000 17
3884000 17
3885000 17
3886000 17
3887000 17
3888000 17
3889000 17
3890000 17
3891000 17
3892000 17
3893000 17
3894000 17
3895000 17
3896000 17
3897000 17
3898000 17
3899000 17
3900000 17
3901000 17
3902000 17
3903000 17
3904000 17
3905000 17
3906000 17
3907000 17
3908000 17
3909000 17
3910000 17
3911000 17
3912000 17
3913000 17
3914000 17
3915000 17
3916000 17
3917000 17
3918000 17
3919000 17
3920000 17
3921000 17
3922000 17
3923000 17
3924000 17
3925000 17
3926000 17
3927000 17
3928000 17
3929000 17
3930000 17
3931000 17
3932000 17
3933000 17
3934000 17
3935000 17
3936000 17
3937000 17
3938000 17
3939000 17
3940000 17
3941000 17
3942000 17
3943000 17
3944000 17
3945000 17
3946000 17
3947000 17
3948000 17
3949000 17
3950000 17
3951000 17
3952000 17
3953000 17
3954000 17
3955000 17
3956000 17
3957000 17
3958000 17
3959000 17
3960000 17
3961000 17
3962000 17
3963000 17
3964000 17
3965000 17
3966000 17
3967000 17
3968000 17
3969000 17
3970000 17
3971000 17
3972000 17
3973000 17
3974000 17
3975000 17
3976000 17
3977000 17
3978000 17
3979000 17
3980000 17
3981000 17
3982000 17
3983000 17
3984000 17
3985000 17
3986000 17
3987000 17
3988000 17
3989000 17
3990000 17
3991000 17
3992000 17
3993000 17
3994000 17
3995000 17
3996000 17
3997000 17
3998000 17
3999000 17
4000000 17
4001000 17
4002000 17
4003000 17
4004000 17
4005000 17
4006000 17
4007000 17
4008000 17
4009000 17
4010000 17
4011000 17
4012000 17
4013000 17
4014000 17
4015000 17
4016000 17
4017000 17
4018000 17
4019000 17
4020000 17
4021000 17
4022000 17
4023000 17
4024000 17
4025000 17
4026000 17
4027000 17
4028000 17
4029000 17
4030000 17
4031000 17
4032000 17
4033000 17
4034000 17
4035000 17
4036000 17
4037000 17
4038000 17
4039000 17
4040000 17
4041000 17
4042000 17
4043000 17
4044000 17
4045000 17
4046000 17
4047000 17
4048000 17
4049000 17
4050000 17
4051000 17
4052000 17
4053000 17
4054000 17
4055000 17
4056000 17
4057000 17
4058000 17
4059000 17
4060000 17
4061000 17
4062000 17
4063000 17
4064000 17
4065000 17
4066000 17
4067000 17
4068000 17
4069000 17
4070000 17
4071000 17
4072000 17
4073000 17
4074000 17
4075000 17
4076000 17
4077000 17
4078000 17
4079000 17
4080000 17
4081000 17
4082000 17
4083000 17
4084000 17
4085000 17
4086000 17
4087000 17
4088000 17
4089000 17
4090000 17
4091000 17
4092000 17
4093000 17
4094000 17
4095000 17
4096000 17
4097000 17
4098000 17
4099000 17
4100000 17
4101000 17
4102000 17
4103000 17
4104000 17
4105000 17
4106000 17
4107000 17
4108000 17
4109000 17
4110000 17
4111000 17
4112000 17
4113000 17
4114000 17
4115000 17
4116000 17
4117000 17
4118000 17
4119000 17
4120000 17
4121000 17
4122000 17
4123000 17
4124000 17
4125000 17
4126000 17
4127000 17
4128000 17
4129000 17
4130000 17
4131000 17
4132000 17
4133000 17
4134000 17
4135000 17
4136000 17
4137000 17
4138000 17
4139000 17
4140000 17
4141000 17
4142000 17
4143000 17
4144000 17
4145000 17
4146000 17
4147000 17
4148000 17
4149000 17
4150000 17
4151000 17
4152000 17
4153000 17
4154000 17
4155000 17
4156000 17
4157000 17
4158000 17
4159000 17
4160000 17
4161000 17
4162000 17
4163000 17
4164000 17
4165000 17
4166000 17
4167000 17
4168000 17
4169000 17
4170000 17
4171000 17
4172000 17
4173000 17
4174000 17
4175000 17
4176000 17
4177000 17
4178000 17
4179000 17
4180000 17
4181000 17
4182000 17
4183000 17
4184000 17
4185000 17
4186000 17
4187000 17
4188000 17
4189000 17
4190000 17
4191000 17
4192000 17
4193000 17
4194000 17
4195000 17
4196000 17
4197000 17
4198000 17
4199000 17
4200000 17
4201000 17
4202000 17
4203000 17
4204000 17
4205000 17
4206000 17
4207000 17
4208000 17
4209000 17
4210000 17
4211000 17
4212000 17
4213000 17
4214000 17
4215000 17
4216000 17
4217000 17
4218000 17
4219000 17
4220000 17
4221000 17
4222000 17
4223000 17
4224000 17
4225000 17
4226000 17
4227000 17
4228000 17
4229000 17
4230000 17
4231000 17
4232000 17
4233000 17
4234000 17
4235000 17
4236000 17
4237000 17
4238000 17
4239000 17
4240000 17
4241000 17
4242000 17
4243000 17
4244000 17
4245000 17
4246000 17
4247000 17
4248000 17
4249000 17
4250000 17
4251000 17
4252000 17
4253000 17
4254000 17
4255000 17
4256000 17
4257000 17
4258000 17
4259000 17
4260000 17
4261000 17
4262000 17
4263000 17
4264000 17
4265000 17
4266000 17
4267000 17
4268000 17
4269000 17
4270000 17
4271000 17
4272000 17
4273000 17
4274000 17
4275000 17
4276000 17
4277000 17
4278000 17
4279000 17
4280000 17
4281000 17
4282000 17
4283000 17
4284000 17
4285000 17
4286000 17
4287000 17
4288000 17
4289000 17
4290000 17
4291000 17
4292000 17
4293000 17
4294000 17
4295000 17
4296000 17
4297000 17
4298000 17
4299000 17
4300000 17
4301000 17
4302000 17
4303000 17
4304000 17
4305000 17
4306000 17
4307000 17
4308000 17
4309000 17
4310000 17
4311000 17
4312000 17
4313000 17
4314000 17
4315000 17
4316000 17
4317000 17
4318000 17
4319000 17
4320000 17
4321000 17
4322000 17
4323000 17
4324000 17
4325000 17
4326000 17
4327000 17
4328000 17
4329000 17
4330000 17
4331000 17
4332000 17
4333000 17
4334000 17
4335000 17
4336000 17
4337000 17
4338000 17
4339000 17
4340000 17
4341000 17
4342000 17
4343000 17
4344000 17
4345000 17
4346000 17
4347000 17
4348000 17
4349000 17
4350000 17
4351000 17
4352000 17
4353000 17
4354000 17
4355000 17
4356000 17
4357000 17
4358000 17
4359000 17
4360000 17
4361000 17
4362000 17
4363000 17
4364000 17
4365000 17
4366000 17
4367000 17
4368000 17
4369000 17
4370000 17
4371000 17
4372000 17
4373000 17
4374000 17
4375000 17
4376000 17
4377000 17
4378000 17
4379000 17
4380000 17
4381000 17
4382000 17
4383000 17
4384000 17
4385000 17
4386000 17
4387000 17
4388000 17
4389000 17
4390000 17
4391000 17
4392000 17
4393000 17
4394000 17
4395000 17
4396000 17
4397000 17
4398000 17
4399000 17
4400000 17
4401000 17
4402000 17
4403000 17
4404000 17
4405000 17
4406000 17
4407000 17
4408000 17
4409000 17
4410000 17
4411000 17
4412000 17
4413000 17
4414000 17
4415000 17
4416000 17
4417000 17
4418000 17
4419000 17
4420000 17
4421000 17
4422000 17
4423000 17
4424000 17
4425000 17
4426000 17
4427000 17
4428000 17
4429000 17
4430000 17
4431000 17
4432000 17
4433000 17
4434000 17
4435000 17
4436000 17
4437000 17
4438000 17
4439000 17
4440000 17
4441000 17
4442000 17
4443000 17
4444000 17
4445000 17
4446000 17
4447000 17
4448000 17
4449000 17
4450000 17
4451000 17
4452000 17
4453000 17
4454000 17
4455000 17
4456000 17
4457000 17
4458000 17
4459000 17
4460000 17
4461000 17
4462000 17
4463000 17
4464000 17
4465000 17
4466000 17
4467000 17
4468000 17
4469000 17
4470000 17
4471000 17
4472000 17
4473000 17
4474000 17
4475000 17
4476000 17
4477000 17
4478000 17
4479000 17
4480000 17
4481000 17
4482000 17
4483000 17
4484000 17
4485000 17
4486000 17
4487000 17
4488000 17
4489000 17
4490000 17
4491000 17
4492000 17
4493000 17
4494000 17
4495000 17
4496000 17
4497000 17
4498000 17
4499000 17
4500000 17
4501000 17
4502000 17
4503000 17
4504000 17
4505000 17
4506000 17
4507000 17
4508000 17
4509000 17
4510000 17
4511000 17
4512000 17
4513000 17
4514000 17
4515000 17
4516000 17
4517000 17
4518000 17
4519000 17
4520000 17
4521000 17
4522000 17
4523000 17
4524000 17
4525000 17
4526000 17
4527000 17
4528000 17
4529000 17
4530000 17
4531000 17
4532000 17
4533000 17
4534000 17
4535000 17
4536000 17
4537000 17
4538000 17
4539000 17
4540000 17
4541000 17
4542000 17
4543000 17
4544000 17
4545000 17
4546000 17
4547000 17
4548000 17
4549000 17
4550000 17
4551000 17
4552000 17
4553000 17
4554000 17
4555000 17
4556000 17
4557000 17
4558000 17
4559000 17
4560000 17
4561000 17
4562000 17
4563000 17
4564000 17
4565000 17
4566000 17
4567000 17
4568000 17
4569000 17
4570000 17
4571000 17
4572000 17
4573000 17
4574000 17
4575000 17
4576000 17
4577000 17
4578000 17
4579000 17
4580000 17
4581000 17
4582000 17
4583000 17
4584000 17
4585000 17
4586000 17
4587000 17
4588000 17
4589000 17
4590000 17
4591000 17
4592000 17
4593000 17
4594000 17
4595000 17
4596000 17
4597000 17
4598000 17
4599000 17
4600000 17
4601000 17
4602000 17
4603000 17
4604000 17
4605000 17
4606000 17
4607000 17
4608000 17
4609000 17
4610000 17
4611000 17
4612000 17
4613000 17
4614000 17
4615000 17
4616000 17
4617000 17
4618000 17
4619000 17
4620000 17
4621000 17
4622000 17
4623000 17
4624000 17
4625000 17
4626000 17
4627000 17
4628000 17
4629000 17
4630000 17
4631000 17
4632000 17
4633000 17
4634000 17
4635000 17
4636000 17
4637000 17
4638000 17
4639000 17
4640000 17
4641000 17
4642000 17
4643000 17
4644000 17
4645000 17
4646000 17
4647000 17
4648000 17
4649000 17
4650000 17
4651000 17
4652000 17
4653000 17
4654000 17
4655000 17
4656000 17
4657000 17
4658000 17
4659000 17
4660000 17
4661000 17
4662000 17
4663000 17
4664000 17
4665000 17
4666000 17
4667000 17
4668000 17
4669000 17
4670000 17
4671000 17
4672000 17
4673000 17
4674000 17
4675000 17
4676000 17
4677000 17
4678000 17
4679000 17
4680000 17
4681000 17
4682000 17
4683000 17
4684000 17
4685000 17
4686000 17
4687000 17
4688000 17
4689000 17
4690000 17
4691000 17
4692000 17
4693000 17
4694000 17
4695000 17
4696000 17
4697000 17
4698000 17
4699000 17
4700000 17
4701000 17
4702000 17
4703000 17
4704000 17
4705000 17
4706000 17
4707000 17
4708000 17
4709000 17
4710000 17
4711000 17
4712000 17
4713000 17
4714000 17
4715000 17
4716000 17
4717000 17
4718000 17
4719000 17
4720000 17
4721000 17
4722000 17
4723000 17
4724000 17
4725000 17
4726000 17
4727000 17
4728000 17
4729000 17
4730000 17
4731000 17
4732000 17
4733000 17
4734000 17
4735000 17
4736000 17
4737000 17
4738000 17
4739000 17
4740000 17
4741000 17
4742000 17
4743000 17
4744000 17
4745000 17
4746000 17
4747000 17
4748000 17
4749000 17
4750000 17
4751000 17
4752000 17
4753000 17
4754000 17
4755000 17
4756000 17
4757000 17
4758000 17
4759000 17
4760000 17
4761000 17
4762000 17
4763000 17
4764000 17
4765000 17
4766000 17
4767000 17
4768000 17
4769000 17
4770000 17
4771000 17
4772000 17
4773000 17
4774000 17
4775000 17
4776000 17
4777000 17
4778000 17
4779000 17
4780000 17
4781000 17
4782000 17
4783000 17
4784000 17
4785000 17
4786000 17
4787000 17
4788000 17
4789000 17
4790000 17
4791000 17
4792000 17
4793000 17
4794000 17
4795000 17
4796000 17
4797000 17
4798000 17
4799000 17
4800000 17
4801000 17
4802000 17
4803000 17
4804000 17
4805000 17
4806000 17
4807000 17
4808000 17
4809000 17
4810000 17
4811000 17
4812000 17
4813000 17
4814000 17
4815000 17
4816000 17
4817000 17
4818000 17
4819000 17
4820000 17
4821000 17
4822000 17
4823000 17
4824000 17
4825000 17
4826000 17
4827000 17
4828000 17
4829000 17
4830000 17
4831000 17
4832000 17
4833000 17
4834000 17
4835000 17
4836000 17
4837000 17
4838000 17
4839000 17
4840000 17
4841000 17
4842000 17
4843000 17
4844000 17
4845000 17
4846000 17
4847000 17
4848000 17
4849000 17
4850000 17
4851000 17
4852000 17
4853000 17
4854000 17
4855000 17
4856000 17
4857000 17
4858000 17
4859000 17
4860000 17
4861000 17
4862000 17
4863000 17
4864000 17
4865000 17
4866000 17
4867000 17
4868000 17
4869000 17
4870000 17
4871000 17
4872000 17
4873000 17
4874000 17
4875000 17
4876000 17
4877000 17
4878000 17
4879000 17
4880000 17
4881000 17
4882000 17
4883000 17
4884000 17
4885000 17
4886000 17
4887000 17
4888000 17
4889000 17
4890000 17
4891000 17
4892000 17
4893000 17
4894000 17
4895000 17
4896000 17
4897000 17
4898000 17
4899000 17
4900000 17
4901000 17
4902000 17
4903000 17
4904000 17
4905000 17
4906000 17
4907000 17
4908000 17
4909000 17
4910000 17
4911000 17
4912000 17
4913000 17
4914000 17
4915000 17
4916000 17
4917000 17
4918000 17
4919000 17
4920000 17
4921000 17
4922000 17
4923000 17
4924000 17
4925000 17
4926000 17
4927000 17
4928000 17
4929000 17
4930000 17
4931000 17
4932000 17
4933000 17
4934000 17
4935000 17
4936000 17
4937000 17
4938000 17
4939000 17
4940000 17
4941000 17
4942000 17
4943000 17
4944000 17
4945000 17
4946000 17
4947000 17
4948000 17
4949000 17
4950000 17
4951000 17
4952000 17
4953000 17
4954000 17
4955000 17
4956000 17
4957000 17
4958000 17
4959000 17
4960000 17
4961000 17
4962000 17
4963000 17
4964000 17
4965000 17
4966000 17
4967000 17
4968000 17
4969000 17
4970000 17
4971000 17
4972000 17
4973000 17
4974000 17
4975000 17
4976000 17
4977000 17
4978000 17
4979000 17
4980000 17
4981000 17
4982000 17
4983000 17
4984000 17
4985000 17
4986000 17
4987000 17
4988000 17
4989000 17
4990000 17
4991000 17
4992000 17
4993000 17
4994000 17
4995000 17
4996000 17
4997000 17
4998000 17
4999000 17
5000000 17
5001000 17
5002000 17
5003000 17
5004000 17
5005000 17
5006000 17
5007000 17
5008000 17
5009000 17
5010000 17
5011000 17
5012000 17
5013000 17
5014000 17
5015000 17
5016000 17
5017000 17
5018000 17
5019000 17
5020000 17
5021000 17
5022000 17
5023000 17
5024000 17
5025000 17
5026000 17
5027000 17
5028000 17
5029000 17
5030000 17
5031000 17
5032000 17
5033000 17
5034000 17
5035000 17
5036000 17
5037000 17
5038000 17
5039000 17
5040000 17
5041000 17
5042000 17
5043000 17
5044000 17
5045000 17
5046000 17
5047000 17
5048000 17
5049000 17
5050000 17
5051000 17
5052000 17
5053000 17
5054000 17
5055000 17
5056000 17
5057000 17
5058000 17
5059000 17
5060000 17
5061000 17
5062000 17
5063000 17
5064000 17
5065000 17
5066000 17
5067000 17
5068000 17
5069000 17
5070000 17
5071000 17
5072000 17
5073000 17
5074000 17
5075000 17
5076000 17
5077000 17
5078000 17
5079000 17
5080000 17
5081000 17
5082000 17
5083000 17
5084000 17
5085000 17
5086000 17
5087000 17
5088000 17
5089000 17
5090000 17
5091000 17
5092000 17
5093000 17
5094000 17
5095000 17
5096000 17
5097000 17
5098000 17
5099000 17
5100000 17
5101000 17
5102000 17
5103000 17
5104000 17
5105000 17
5106000 17
5107000 17
5108000 17
5109000 17
5110000 17
5111000 17
5112000 17
5113000 17
5114000 17
5115000 17
5116000 17
5117000 17
5118000 17
5119000 17
5120000 17
5121000 17
5122000 17
5123000 17
5124000 17
5125000 17
5126000 17
5127000 17
5128000 17
5129000 17
5130000 17
5131000 17
5132000 17
5133000 17
5134000 17
5135000 17
5136000 17
5137000 17
5138000 17
5139000 17
5140000 17
5141000 17
5142000 17
5143000 17
5144000 17
5145000 17
5146000 17
5147000 17
5148000 17
5149000 17
5150000 17
5151000 17
5152000 17
5153000 17
5154000 17
5155000 17
5156000 17
5157000 17
5158000 17
5159000 17
5160000 17
5161000 17
5162000 17
5163000 17
5164000 17
5165000 17
5166000 17
5167000 17
5168000 17
5169000 17
5170000 17
5171000 17
5172000 17
5173000 17
5174000 17
5175000 17
5176000 17
5177000 17
5178000 17
5179000 17
5180000 17
5181000 17
5182000 17
5183000 17
5184000 17
5185000 17
5186000 17
5187000 17
5188000 17
5189000 17
5190000 17
5191000 17
5192000 17
5193000 17
5194000 17
5195000 17
5196000 17
5197000 17
5198000 17
5199000 17
5200000 17
5201000 17
5202000 17
5203000 17
5204000 17
5205000 17
5206000 17
5207000 17
5208000 17
5209000 17
5210000 17
5211000 17
5212000 17
5213000 17
5214000 17
5215000 17
5216000 17
5217000 17
5218000 17
5219000 17
5220000 17
5221000 17
5222000 17
5223000 17
5224000 17
5225000 17
5226000 17
5227000 17
5228000 17
5229000 17
5230000 17
5231000 17
5232000 17
5233000 17
5234000 17
5235000 17
5236000 17
5237000 17
5238000 17
5239000 17
5240000 17
5241000 17
5242000 17
5243000 17
5244000 17
5245000 17
5246000 17
5247000 17
5248000 17
5249000 17
5250000 17
5251000 17
5252000 17
5253000 17
5254000 17
5255000 17
5256000 17
5257000 17
5258000 17
5259000 17
5260000 17
5261000 17
5262000 17
5263000 17
5264000 17
5265000 17
5266000 17
5267000 17
5268000 17
5269000 17
5270000 17
5271000 17
5272000 17
5273000 17
5274000 17
5275000 17
5276000 17
5277000 17
5278000 17
5279000 17
5280000 17
5281000 17
5282000 17
5283000 17
5284000 17
5285000 17
5286000 17
5287000 17
5288000 17
5289000 17
5290000 17
5291000 17
5292000 17
5293000 17
5294000 17
5295000 17
5296000 17
5297000 17
5298000 17
5299000 17
5300000 17
5301000 17
5302000 17
5303000 17
5304000 17
5305000 17
5306000 17
5307000 17
5308000 17
5309000 17
5310000 17
5311000 17
5312000 17
5313000 17
5314000 17
5315000 17
5316000 17
5317000 17
5318000 17
5319000 17
5320000 17
5321000 17
5322000 17
5323000 17
5324000 17
5325000 17
5326000 17
5327000 17
5328000 17
5329000 17
5330000 17
5331000 17
5332000 17
5333000 17
5334000 17
5335000 17
5336000 17
5337000 17
5338000 17
5339000 17
5340000 17
5341000 17
5342000 17
5343000 17
5344000 17
5345000 17
5346000 17
5347000 17
5348000 17
5349000 17
5350000 17
5351000 17
5352000 17
5353000 17
5354000 17
5355000 17
5356000 17
5357000 17
5358000 17
5359000 17
5360000 17
5361000 17
5362000 17
5363000 17
5364000 17
5365000 17
5366000 17
5367000 17
5368000 17
5369000 17
5370000 17
5371000 17
5372000 17
5373000 17
5374000 17
5375000 17
5376000 17
5377000 17
5378000 17
5379000 17
5380000 17
5381000 17
5382000 17
5383000 17
5384000 17
5385000 17
5386000 17
5387000 17
5388000 17
5389000 17
5390000 17
5391000 17
5392000 17
5393000 17
5394000 17
5395000 17
5396000 17
5397000 17
5398000 17
5399000 17
5400000 17
5401000 17
5402000 17
5403000 17
5404000 17
5405000 17
5406000 17
5407000 17
5408000 17
5409000 17
5410000 17
5411000 17
5412000 17
5413000 17
5414000 17
5415000 17
5416000 17
5417000 17
5418000 17
5419000 17
5420000 17
5421000 17
5422000 17
5423000 17
5424000 17
5425000 17
5426000 17
5427000 17
5428000 17
5429000 17
5430000 17
5431000 17
5432000 17
5433000 17
5434000 17
5435000 17
5436000 17
5437000 17
5438000 17
5439000 17
5440000 17
5441000 17
5442000 17
5443000 17
5444000 17
5445000 17
5446000 17
5447000 17
5448000 17
5449000 17
5450000 17
5451000 17
5452000 17
5453000 17
5454000 17
5455000 17
5456000 17
5457000 17
5458000 17
5459000 17
5460000 17
5461000 17
5462000 17
5463000 17
5464000 17
5465000 17
5466000 17
5467000 17
5468000 17
5469000 17
5470000 17
5471000 17
5472000 17
5473000 17
5474000 17
5475000 17
5476000 17
5477000 17
5478000 17
5479000 17
5480000 17
5481000 17
5482000 17
5483000 17
5484000 17
5485000 17
5486000 17
5487000 17
5488000 17
5489000 17
5490000 17
5491000 17
5492000 17
5493000 17
5494000 17
5495000 17
5496000 17
5497000 17
5498000 17
5499000 17
5500000 17
5501000 17
5502000 17
5503000 17
5504000 17
5505000 17
5506000 17
5507000 17
5508000 17
5509000 17
5510000 17
5511000 17
5512000 17
5513000 17
5514000 17
5515000 17
5516000 17
5517000 17
5518000 17
5519000 17
5520000 17
5521000 17
5522000 17
5523000 17
5524000 17
5525000 17
5526000 17
5527000 17
5528000 17
5529000 17
5530000 17
5531000 17
5532000 17
5533000 17
5534000 17
5535000 17
5536000 17
5537000 17
5538000 17
5539000 17
5540000 17
5541000 17
5542000 17
5543000 17
5544000 17
5545000 17
5546000 17
5547000 17
5548000 17
5549000 17
5550000 17
5551000 17
5552000 17
5553000 17
5554000 17
5555000 17
5556000 17
5557000 17
5558000 17
5559000 17
5560000 17
5561000 17
5562000 17
5563000 17
5564000 17
5565000 17
5566000 17
5567000 17
5568000 17
5569000 17
5570000 17
5571000 17
5572000 17
5573000 17
5574000 17
5575000 17
5576000 17
5577000 17
5578000 17
5579000 17
5580000 17
5581000 17
5582000 17
5583000 17
5584000 17
5585000 17
5586000 17
5587000 17
5588000 17
5589000 17
5590000 17
5591000 17
5592000 17
5593000 17
5594000 17
5595000 17
5596000 17
5597000 17
5598000 17
5599000 17
5600000 17
5601000 17
5602000 17
5603000 17
5604000 17
5605000 17
5606000 17
5607000 17
5608000 17
5609000 17
5610000 17
5611000 17
5612000 17
5613000 17
5614000 17
5615000 17
5616000 17
5617000 17
5618000 17
5619000 17
5620000 17
5621000 17
5622000 17
5623000 17
5624000 17
5625000 17
5626000 17
5627000 17
5628000 17
5629000 17
5630000 17
5631000 17
5632000 17
5633000 17
5634000 17
5635000 17
5636000 17
5637000 17
5638000 17
5639000 17
5640000 17
5641000 17
5642000 17
5643000 17
5644000 17
5645000 17
5646000 17
5647000 17
5648000 17
5649000 17
5650000 17
5651000 17
5652000 17
5653000 17
5654000 17
5655000 17
5656000 17
5657000 17
5658000 17
5659000 17
5660000 17
5661000 17
5662000 17
5663000 17
5664000 17
5665000 17
5666000 17
5667000 17
5668000 17
5669000 17
5670000 17
5671000 17
5672000 17
5673000 17
5674000 17
5675000 17
5676000 17
5677000 17
5678000 17
5679000 17
5680000 17
5681000 17
5682000 17
5683000 17
5684000 17
5685000 17
5686000 17
5687000 17
5688000 17
5689000 17
5690000 17
5691000 17
5692000 17
5693000 17
5694000 17
5695000 17
5696000 17
5697000 17
5698000 17
5699000 17
5700000 17
5701000 17
5702000 17
5703000 17
5704000 17
5705000 17
5706000 17
5707000 17
5708000 17
5709000 17
5710000 17
5711000 17
5712000 17
5713000 17
5714000 17
5715000 17
5716000 17
5717000 17
5718000 17
5719000 17
5720000 17
5721000 17
5722000 17
5723000 17
5724000 17
5725000 17
5726000 17
5727000 17
5728000 17
5729000 17
5730000 17
5731000 17
5732000 17
5733000 17
5734000 17
5735000 17
5736000 17
5737000 17
5738000 17
5739000 17
5740000 17
5741000 17
5742000 17
5743000 17
5744000 17
5745000 17
5746000 17
5747000 17
5748000 17
5749000 17
5750000 17
5751000 17
5752000 17
5753000 17
5754000 17
5755000 17
5756000 17
5757000 17
5758000 17
5759000 17
5760000 17
5761000 17
5762000 17
5763000 17
5764000 17
5765000 17
5766000 17
5767000 17
5768000 17
5769000 17
5770000 17
5771000 17
5772000 17
5773000 17
5774000 17
5775000 17
5776000 17
5777000 17
5778000 17
5779000 17
5780000 17
5781000 17
5782000 17
5783000 17
5784000 17
5785000 17
5786000 17
5787000 17
5788000 17
5789000 17
5790000 17
5791000 17
5792000 17
5793000 17
5794000 17
5795000 17
5796000 17
5797000 17
5798000 17
5799000 17
5800000 17
5801000 17
5802000 17
5803000 17
5804000 17
5805000 17
5806000 17
5807000 17
5808000 17
5809000 17
5810000 17
5811000 17
5812000 17
5813000 17
5814000 17
5815000 17
5816000 17
5817000 17
5818000 17
5819000 17
5820000 17
5821000 17
5822000 17
5823000 17
5824000 17
5825000 17
5826000 17
5827000 17
5828000 17
5829000 17
5830000 17
5831000 17
5832000 17
5833000 17
5834000 17
5835000 17
5836000 17
5837000 17
5838000 17
5839000 17
5840000 17
5841000 17
5842000 17
5843000 17
5844000 17
5845000 17
5846000 17
5847000 17
5848000 17
5849000 17
5850000 17
5851000 17
5852000 17
5853000 17
5854000 17
5855000 17
5856000 17
5857000 17
5858000 17
5859000 17
5860000 17
5861000 17
5862000 17
5863000 17
5864000 17
5865000 17
5866000 17
5867000 17
5868000 17
5869000 17
5870000 17
5871000 17
5872000 17
5873000 17
5874000 17
5875000 17
5876000 17
5877000 17
5878000 17
5879000 17
5880000 17
5881000 17
5882000 17
5883000 17
5884000 17
5885000 17
5886000 17
5887000 17
5888000 17
5889000 17
5890000 17
5891000 17
5892000 17
5893000 17
5894000 17
5895000 17
5896000 17
5897000 17
5898000 17
5899000 17
5900000 17
5901000 17
5902000 17
5903000 17
5904000 17
5905000 17
5906000 17
5907000 17
5908000 17
5909000 17
5910000 17
5911000 17
5912000 17
5913000 17
5914000 17
5915000 17
5916000 17
5917000 17
5918000 17
5919000 17
5920000 17
5921000 17
5922000 17
5923000 17
5924000 17
5925000 17
5926000 17
5927000 17
5928000 17
5929000 17
5930000 17
5931000 17
5932000 17
5933000 17
5934000 17
5935000 17
5936000 17
5937000 17
5938000 17
5939000 17
5940000 17
5941000 17
5942000 17
5943000 17
5944000 17
5945000 17
5946000 17
5947000 17
5948000 17
5949000 17
5950000 17
5951000 17
5952000 17
5953000 17
5954000 17
5955000 17
5956000 17
5957000 17
5958000 17
5959000 17
5960000 17
5961000 17
5962000 17
5963000 17
5964000 17
5965000 17
5966000 17
5967000 17
5968000 17
5969000 17
5970000 17
5971000 17
5972000 17
5973000 17
5974000 17
5975000 17
5976000 17
5977000 17
5978000 17
5979000 17
5980000 17
5981000 17
5982000 17
5983000 17
5984000 17
5985000 17
5986000 17
5987000 17
5988000 17
5989000 17
5990000 17
5991000 17
5992000 17
5993000 17
5994000 17
5995000 17
5996000 17
5997000 17
5998000 17
5999000 17
6000000 17
6001000 17
6002000 17
6003000 17
6004000 17
6005000 17
6006000 17
6007000 17
6008000 17
6009000 17
6010000 17
6011000 17
6012000 17
6013000 17
6014000 17
6015000 17
6016000 17
6017000 17
6018000 17
6019000 17
6020000 17
6021000 17
6022000 17
6023000 17
6024000 17
6025000 17
6026000 17
6027000 17
6028000 17
6029000 17
6030000 17
6031000 17
6032000 17
6033000 17
6034000 17
6035000 17
6036000 17
6037000 17
6038000 17
6039000 17
6040000 17
6041000 17
6042000 17
6043000 17
6044000 17
6045000 17
6046000 17
6047000 17
6048000 17
6049000 17
6050000 17
6051000 17
6052000 17
6053000 17
6054000 17
6055000 17
6056000 17
6057000 17
6058000 17
6059000 17
6060000 17
6061000 17
6062000 17
6063000 17
6064000 17
6065000 17
6066000 17
6067000 17
6068000 17
6069000 17
6070000 17
6071000 17
6072000 17
6073000 17
6074000 17
6075000 17
6076000 17
