# frame 	 heights
0 5
1000 5
2000 5
3000 5
4000 5
5000 5
6000 5
7000 5
8000 5
9000 5
10000 5
11000 5
12000 5
13000 5
14000 5
15000 5
16000 5
17000 5
18000 5
19000 5
20000 5
21000 5
22000 5
23000 5
24000 5
25000 5
26000 5
27000 5
28000 5
29000 5
30000 5
31000 5
32000 5
33000 5
34000 5
35000 5
36000 5
37000 5
38000 5
39000 5
40000 5
41000 5
42000 5
43000 5
44000 5
45000 5
46000 5
47000 5
48000 5
49000 5
50000 5
51000 5
52000 5
53000 5
54000 5
55000 5
56000 5
57000 5
58000 5
59000 5
60000 5
61000 5
62000 5
63000 5
64000 5
65000 5
66000 5
67000 5
68000 5
69000 5
70000 5
71000 5
72000 5
73000 5
74000 5
75000 5
76000 5
77000 5
78000 5
79000 5
80000 5
81000 5
82000 5
83000 5
84000 5
85000 5
86000 5
87000 5
88000 5
89000 5
90000 5
91000 5
92000 5
93000 5
94000 5
95000 5
96000 5
97000 5
98000 5
99000 5
100000 5
101000 5
102000 5
103000 5
104000 5
105000 5
106000 5
107000 5
108000 5
109000 5
110000 5
111000 5
112000 5
113000 5
114000 5
115000 5
116000 5
117000 5
118000 5
119000 5
120000 5
121000 5
122000 5
123000 5
124000 5
125000 5
126000 5
127000 5
128000 5
129000 5
130000 5
131000 5
132000 5
133000 5
134000 5
135000 5
136000 5
137000 5
138000 5
139000 5
140000 5
141000 5
142000 5
143000 5
144000 5
145000 5
146000 5
147000 5
148000 5
149000 5
150000 5
151000 5
152000 5
153000 5
154000 5
155000 5
156000 5
157000 5
158000 5
159000 5
160000 5
161000 5
162000 5
163000 5
164000 5
165000 5
166000 5
167000 5
168000 5
169000 5
170000 5
171000 5
172000 5
173000 5
174000 5
175000 5
176000 5
177000 5
178000 5
179000 5
180000 5
181000 5
182000 5
183000 5
184000 5
185000 5
186000 5
187000 5
188000 5
189000 5
190000 5
191000 5
192000 5
193000 5
194000 5
195000 5
196000 5
197000 5
198000 5
199000 5
200000 5
201000 5
202000 5
203000 5
204000 5
205000 5
206000 5
207000 5
208000 5
209000 5
210000 5
211000 5
212000 5
213000 5
214000 5
215000 5
216000 5
217000 5
218000 5
219000 5
220000 5
221000 5
222000 5
223000 5
224000 5
225000 5
226000 5
227000 5
228000 5
229000 5
230000 5
231000 5
232000 5
233000 5
234000 5
235000 5
236000 5
237000 5
238000 5
239000 5
240000 5
241000 5
242000 5
243000 5
244000 5
245000 5
246000 5
247000 5
248000 5
249000 5
250000 5
251000 5
252000 5
253000 5
254000 5
255000 5
256000 5
257000 5
258000 5
259000 5
260000 5
261000 5
262000 5
263000 5
264000 5
265000 5
266000 5
267000 5
268000 5
269000 5
270000 5
271000 5
272000 5
273000 5
274000 5
275000 5
276000 5
277000 5
278000 5
279000 5
280000 5
281000 5
282000 5
283000 5
284000 5
285000 5
286000 5
287000 5
288000 5
289000 5
290000 5
291000 5
292000 5
293000 5
294000 5
295000 5
296000 5
297000 5
298000 5
299000 5
300000 5
301000 5
302000 5
303000 5
304000 5
305000 5
306000 5
307000 5
308000 5
309000 5
310000 5
311000 5
312000 5
313000 5
314000 5
315000 5
316000 5
317000 5
318000 5
319000 5
320000 5
321000 5
322000 5
323000 5
324000 5
325000 5
326000 5
327000 5
328000 5
329000 5
330000 5
331000 5
332000 5
333000 5
334000 5
335000 5
336000 5
337000 5
338000 5
339000 5
340000 5
341000 5
342000 5
343000 5
344000 5
345000 5
346000 5
347000 5
348000 5
349000 5
350000 5
351000 5
352000 5
353000 5
354000 5
355000 5
356000 5
357000 5
358000 5
359000 5
360000 5
361000 5
362000 5
363000 5
364000 5
365000 5
366000 5
367000 5
368000 5
369000 5
370000 5
371000 5
372000 5
373000 5
374000 5
375000 5
376000 5
377000 5
378000 5
379000 5
380000 5
381000 5
382000 5
383000 5
384000 5
385000 5
386000 5
387000 5
388000 5
389000 5
390000 5
391000 5
392000 5
393000 5
394000 5
395000 5
396000 5
397000 5
398000 5
399000 5
400000 5
401000 5
402000 5
403000 5
404000 5
405000 5
406000 5
407000 5
408000 5
409000 5
410000 5
411000 5
412000 5
413000 5
414000 5
415000 5
416000 5
417000 5
418000 5
419000 5
420000 5
421000 5
422000 5
423000 5
424000 5
425000 5
426000 5
427000 5
428000 5
429000 5
430000 5
431000 5
432000 5
433000 5
434000 5
435000 5
436000 5
437000 5
438000 5
439000 5
440000 5
441000 5
442000 5
443000 5
444000 5
445000 5
446000 5
447000 5
448000 5
449000 5
450000 5
451000 5
452000 5
453000 5
454000 5
455000 5
456000 5
457000 5
458000 5
459000 5
460000 5
461000 5
462000 5
463000 5
464000 5
465000 5
466000 5
467000 5
468000 5
469000 5
470000 5
471000 5
472000 5
473000 5
474000 5
475000 5
476000 5
477000 5
478000 5
479000 5
480000 5
481000 5
482000 5
483000 5
484000 5
485000 5
486000 5
487000 5
488000 5
489000 5
490000 5
491000 5
492000 5
493000 5
494000 5
495000 5
496000 5
497000 5
498000 5
499000 5
500000 5
501000 5
502000 5
503000 5
504000 5
505000 5
506000 5
507000 5
508000 5
509000 5
510000 5
511000 5
512000 5
513000 5
514000 5
515000 5
516000 5
517000 5
518000 5
519000 5
520000 5
521000 5
522000 5
523000 5
524000 5
525000 5
526000 5
527000 5
528000 5
529000 5
530000 5
531000 5
532000 5
533000 5
534000 5
535000 5
536000 5
537000 5
538000 5
539000 5
540000 5
541000 5
542000 5
543000 5
544000 5
545000 5
546000 5
547000 5
548000 5
549000 5
550000 5
551000 5
552000 5
553000 5
554000 5
555000 5
556000 5
557000 5
558000 5
559000 5
560000 5
561000 5
562000 5
563000 5
564000 5
565000 5
566000 5
567000 5
568000 5
569000 5
570000 5
571000 5
572000 5
573000 5
574000 5
575000 5
576000 5
577000 5
578000 5
579000 5
580000 5
581000 5
582000 5
583000 5
584000 5
585000 5
586000 5
587000 5
588000 5
589000 5
590000 5
591000 5
592000 5
593000 5
594000 5
595000 5
596000 5
597000 5
598000 5
599000 5
600000 5
601000 5
602000 5
603000 5
604000 5
605000 5
606000 5
607000 5
608000 5
609000 5
610000 5
611000 5
612000 5
613000 5
614000 5
615000 5
616000 5
617000 5
618000 5
619000 5
620000 5
621000 5
622000 5
623000 5
624000 5
625000 5
626000 5
627000 5
628000 5
629000 5
630000 5
631000 5
632000 5
633000 5
634000 5
635000 5
636000 5
637000 5
638000 5
639000 5
640000 5
641000 5
642000 5
643000 5
644000 5
645000 5
646000 5
647000 5
648000 5
649000 5
650000 5
651000 5
652000 5
653000 5
654000 5
655000 5
656000 5
657000 5
658000 5
659000 5
660000 5
661000 5
662000 5
663000 5
664000 5
665000 5
666000 5
667000 5
668000 5
669000 5
670000 5
671000 5
672000 5
673000 5
674000 5
675000 5
676000 5
677000 5
678000 5
679000 5
680000 5
681000 5
682000 5
683000 5
684000 5
685000 5
686000 5
687000 5
688000 5
689000 5
690000 5
691000 5
692000 5
693000 5
694000 5
695000 5
696000 5
697000 5
698000 5
699000 5
700000 5
701000 5
702000 5
703000 5
704000 5
705000 5
706000 5
707000 5
708000 5
709000 5
710000 5
711000 5
712000 5
713000 5
714000 5
715000 5
716000 5
717000 5
718000 5
719000 5
720000 5
721000 5
722000 5
723000 5
724000 5
725000 5
726000 5
727000 5
728000 5
729000 5
730000 5
731000 5
732000 5
733000 5
734000 5
735000 5
736000 5
737000 5
738000 5
739000 5
740000 5
741000 5
742000 5
743000 5
744000 5
745000 5
746000 5
747000 5
748000 5
749000 5
750000 5
751000 5
752000 5
753000 5
754000 5
755000 5
756000 5
757000 5
758000 5
759000 5
760000 5
761000 5
762000 5
763000 5
764000 5
765000 5
766000 5
767000 5
768000 5
769000 5
770000 5
771000 5
772000 5
773000 5
774000 5
775000 5
776000 5
777000 5
778000 5
779000 5
780000 5
781000 5
782000 5
783000 5
784000 5
785000 5
786000 5
787000 5
788000 5
789000 5
790000 5
791000 5
792000 5
793000 5
794000 5
795000 5
796000 5
797000 5
798000 5
799000 5
800000 5
801000 5
802000 5
803000 5
804000 5
805000 5
806000 5
807000 5
808000 5
809000 5
810000 5
811000 5
812000 5
813000 5
814000 5
815000 5
816000 5
817000 5
818000 5
819000 5
820000 5
821000 5
822000 5
823000 5
824000 5
825000 5
826000 5
827000 5
828000 5
829000 5
830000 5
831000 5
832000 5
833000 5
834000 5
835000 5
836000 5
837000 5
838000 5
839000 5
840000 5
841000 5
842000 5
843000 5
844000 5
845000 5
846000 5
847000 5
848000 5
849000 5
850000 5
851000 5
852000 5
853000 5
854000 5
855000 5
856000 5
857000 5
858000 5
859000 5
860000 5
861000 5
862000 5
863000 5
864000 5
865000 5
866000 5
867000 5
868000 5
869000 5
870000 5
871000 5
872000 5
873000 5
874000 5
875000 5
876000 5
877000 5
878000 5
879000 5
880000 5
881000 5
882000 5
883000 5
884000 5
885000 5
886000 5
887000 5
888000 5
889000 5
890000 5
891000 5
892000 5
893000 5
894000 5
895000 5
896000 5
897000 5
898000 5
899000 5
900000 5
901000 5
902000 5
903000 5
904000 5
905000 5
906000 5
907000 5
908000 5
909000 5
910000 5
911000 5
912000 5
913000 5
914000 5
915000 5
916000 5
917000 5
918000 5
919000 5
920000 5
921000 5
922000 5
923000 5
924000 5
925000 5
926000 5
927000 5
928000 5
929000 5
930000 5
931000 5
932000 5
933000 5
934000 5
935000 5
936000 5
937000 5
938000 5
939000 5
940000 5
941000 5
942000 5
943000 5
944000 5
945000 5
946000 5
947000 5
948000 5
949000 5
950000 5
951000 5
952000 5
953000 5
954000 5
955000 5
956000 5
957000 5
958000 5
959000 5
960000 5
961000 5
962000 5
963000 5
964000 5
965000 5
966000 5
967000 5
968000 5
969000 5
970000 5
971000 5
972000 5
973000 5
974000 5
975000 5
976000 5
977000 5
978000 5
979000 5
980000 5
981000 5
982000 5
983000 5
984000 5
985000 5
986000 5
987000 5
988000 5
989000 5
990000 5
991000 5
992000 5
993000 5
994000 5
995000 5
996000 5
997000 5
998000 5
999000 5
1000000 5
1001000 5
1002000 5
1003000 5
1004000 5
1005000 5
1006000 5
1007000 5
1008000 5
1009000 5
1010000 5
1011000 5
1012000 5
1013000 5
1014000 5
1015000 5
1016000 5
1017000 5
1018000 5
1019000 5
1020000 5
1021000 5
1022000 5
1023000 5
1024000 5
1025000 5
1026000 5
1027000 5
1028000 5
1029000 5
1030000 5
1031000 5
1032000 5
1033000 5
1034000 5
1035000 5
1036000 5
1037000 5
1038000 5
1039000 5
1040000 5
1041000 5
1042000 5
1043000 5
1044000 5
1045000 5
1046000 5
1047000 5
1048000 5
1049000 5
1050000 5
1051000 5
1052000 5
1053000 5
1054000 5
1055000 5
1056000 5
1057000 5
1058000 5
1059000 5
1060000 5
1061000 5
1062000 5
1063000 5
1064000 5
1065000 5
1066000 5
1067000 5
1068000 5
1069000 5
1070000 5
1071000 5
1072000 5
1073000 5
1074000 5
1075000 5
1076000 5
1077000 5
1078000 5
1079000 5
1080000 5
1081000 5
1082000 5
1083000 5
1084000 5
1085000 5
1086000 5
1087000 5
1088000 5
1089000 5
1090000 5
1091000 5
1092000 5
1093000 5
1094000 5
1095000 5
1096000 5
1097000 5
1098000 5
1099000 5
1100000 5
1101000 5
1102000 5
1103000 5
1104000 5
1105000 5
1106000 5
1107000 5
1108000 5
1109000 5
1110000 5
1111000 5
1112000 5
1113000 5
1114000 5
1115000 5
1116000 5
1117000 5
1118000 5
1119000 5
1120000 5
1121000 5
1122000 5
1123000 5
1124000 5
1125000 5
1126000 5
1127000 5
1128000 5
1129000 5
1130000 5
1131000 5
1132000 5
1133000 5
1134000 5
1135000 5
1136000 5
1137000 5
1138000 5
1139000 5
1140000 5
1141000 5
1142000 5
1143000 5
1144000 5
1145000 5
1146000 5
1147000 5
1148000 5
1149000 5
1150000 5
1151000 5
1152000 5
1153000 5
1154000 5
1155000 5
1156000 5
1157000 5
1158000 5
1159000 5
1160000 5
1161000 5
1162000 5
1163000 5
1164000 5
1165000 5
1166000 5
1167000 5
1168000 5
1169000 5
1170000 5
1171000 5
1172000 5
1173000 5
1174000 5
1175000 5
1176000 5
1177000 5
1178000 5
1179000 5
1180000 5
1181000 5
1182000 5
1183000 5
1184000 5
1185000 5
1186000 5
1187000 5
1188000 5
1189000 5
1190000 5
1191000 5
1192000 5
1193000 5
1194000 5
1195000 5
1196000 5
1197000 5
1198000 5
1199000 5
1200000 5
1201000 5
1202000 5
1203000 5
1204000 5
1205000 5
1206000 5
1207000 5
1208000 5
1209000 5
1210000 5
1211000 5
1212000 5
1213000 5
1214000 5
1215000 5
1216000 5
1217000 5
1218000 5
1219000 5
1220000 5
1221000 5
1222000 5
1223000 5
1224000 5
1225000 5
1226000 5
1227000 5
1228000 5
1229000 5
1230000 5
1231000 5
1232000 5
1233000 5
1234000 5
1235000 5
1236000 5
1237000 5
1238000 5
1239000 5
1240000 5
1241000 5
1242000 5
1243000 5
1244000 5
1245000 5
1246000 5
1247000 5
1248000 5
1249000 5
1250000 5
1251000 5
1252000 5
1253000 5
1254000 5
1255000 5
1256000 5
1257000 5
1258000 5
1259000 5
1260000 5
1261000 5
1262000 5
1263000 5
1264000 5
1265000 5
1266000 5
1267000 5
1268000 5
1269000 5
1270000 5
1271000 5
1272000 5
1273000 5
1274000 5
1275000 5
1276000 5
1277000 5
1278000 5
1279000 5
1280000 5
1281000 5
1282000 5
1283000 5
1284000 5
1285000 5
1286000 5
1287000 5
1288000 5
1289000 5
1290000 5
1291000 5
1292000 5
1293000 5
1294000 5
1295000 5
1296000 5
1297000 5
1298000 5
1299000 5
1300000 5
1301000 5
1302000 5
1303000 5
1304000 5
1305000 5
1306000 5
1307000 5
1308000 5
1309000 5
1310000 5
1311000 5
1312000 5
1313000 5
1314000 5
1315000 5
1316000 5
1317000 5
1318000 5
1319000 5
1320000 5
1321000 5
1322000 5
1323000 5
1324000 5
1325000 5
1326000 5
1327000 5
1328000 5
1329000 5
1330000 5
1331000 5
1332000 5
1333000 5
1334000 5
1335000 5
1336000 5
1337000 5
1338000 5
1339000 5
1340000 5
1341000 5
1342000 5
1343000 5
1344000 5
1345000 5
1346000 5
1347000 5
1348000 5
1349000 5
1350000 5
1351000 5
1352000 5
1353000 5
1354000 5
1355000 5
1356000 5
1357000 5
1358000 5
1359000 5
1360000 5
1361000 5
1362000 5
1363000 5
1364000 5
1365000 5
1366000 5
1367000 5
1368000 5
1369000 5
1370000 5
1371000 5
1372000 5
1373000 5
1374000 5
1375000 5
1376000 5
1377000 5
1378000 5
1379000 5
1380000 5
1381000 5
1382000 5
1383000 5
1384000 5
1385000 5
1386000 5
1387000 5
1388000 5
1389000 5
1390000 5
1391000 5
1392000 5
1393000 5
1394000 5
1395000 5
1396000 5
1397000 5
1398000 5
1399000 5
1400000 5
1401000 5
1402000 5
1403000 5
1404000 5
1405000 5
1406000 5
1407000 5
1408000 5
1409000 5
1410000 5
1411000 5
1412000 5
1413000 5
1414000 5
1415000 5
1416000 5
1417000 5
1418000 5
1419000 5
1420000 5
1421000 5
1422000 5
1423000 5
1424000 5
1425000 5
1426000 5
1427000 5
1428000 5
1429000 5
1430000 5
1431000 5
1432000 5
1433000 5
1434000 5
1435000 5
1436000 5
1437000 5
1438000 5
1439000 5
1440000 5
1441000 5
1442000 5
1443000 5
1444000 5
1445000 5
1446000 5
1447000 5
1448000 5
1449000 5
1450000 5
1451000 5
1452000 5
1453000 5
1454000 5
1455000 5
1456000 5
1457000 5
1458000 5
1459000 5
1460000 5
1461000 5
1462000 5
1463000 5
1464000 5
1465000 5
1466000 5
1467000 5
1468000 5
1469000 5
1470000 5
1471000 5
1472000 5
1473000 5
1474000 5
1475000 5
1476000 5
1477000 5
1478000 5
1479000 5
1480000 5
1481000 5
1482000 5
1483000 5
1484000 5
1485000 5
1486000 5
1487000 5
1488000 5
1489000 5
1490000 5
1491000 5
1492000 5
1493000 5
1494000 5
1495000 5
1496000 5
1497000 5
1498000 5
1499000 5
1500000 5
1501000 5
1502000 5
1503000 5
1504000 5
1505000 5
1506000 5
1507000 5
1508000 5
1509000 5
1510000 5
1511000 5
1512000 5
1513000 5
1514000 5
1515000 5
1516000 5
1517000 5
1518000 5
1519000 5
1520000 5
1521000 5
1522000 5
1523000 5
1524000 5
1525000 5
1526000 5
1527000 5
1528000 5
1529000 5
1530000 5
1531000 5
1532000 5
1533000 5
1534000 5
1535000 5
1536000 5
1537000 5
1538000 5
1539000 5
1540000 5
1541000 5
1542000 5
1543000 5
1544000 5
1545000 5
1546000 5
1547000 5
1548000 5
1549000 5
1550000 5
1551000 5
1552000 5
1553000 5
1554000 5
1555000 5
1556000 5
1557000 5
1558000 5
1559000 5
1560000 5
1561000 5
1562000 5
1563000 5
1564000 5
1565000 5
1566000 5
1567000 5
1568000 5
1569000 5
1570000 5
1571000 5
1572000 5
1573000 5
1574000 5
1575000 5
1576000 5
1577000 5
1578000 5
1579000 5
1580000 5
1581000 5
1582000 5
1583000 5
1584000 5
1585000 5
1586000 5
1587000 5
1588000 5
1589000 5
1590000 5
1591000 5
1592000 5
1593000 5
1594000 5
1595000 5
1596000 5
1597000 5
1598000 5
1599000 5
1600000 5
1601000 5
1602000 5
1603000 5
1604000 5
1605000 5
1606000 5
1607000 5
1608000 5
1609000 5
1610000 5
1611000 5
1612000 5
1613000 5
1614000 5
1615000 5
1616000 5
1617000 5
1618000 5
1619000 5
1620000 5
1621000 5
1622000 5
1623000 5
1624000 5
1625000 5
1626000 5
1627000 5
1628000 5
1629000 5
1630000 5
1631000 5
1632000 5
1633000 5
1634000 5
1635000 5
1636000 5
1637000 5
1638000 5
1639000 5
1640000 5
1641000 5
1642000 5
1643000 5
1644000 5
1645000 5
1646000 5
1647000 5
1648000 5
1649000 5
1650000 5
1651000 5
1652000 5
1653000 5
1654000 5
1655000 5
1656000 5
1657000 5
1658000 5
1659000 5
1660000 5
1661000 5
1662000 5
1663000 5
1664000 5
1665000 5
1666000 5
1667000 5
1668000 5
1669000 5
1670000 5
1671000 5
1672000 5
1673000 5
1674000 5
1675000 5
1676000 5
1677000 5
1678000 5
1679000 5
1680000 5
1681000 5
1682000 5
1683000 5
1684000 5
1685000 5
1686000 5
1687000 5
1688000 5
1689000 5
1690000 5
1691000 5
1692000 5
1693000 5
1694000 5
1695000 5
1696000 5
1697000 5
1698000 5
1699000 5
1700000 5
1701000 5
1702000 5
1703000 5
1704000 5
1705000 5
1706000 5
1707000 5
1708000 5
1709000 5
1710000 5
1711000 5
1712000 5
1713000 5
1714000 5
1715000 5
1716000 5
1717000 5
1718000 5
1719000 5
1720000 5
1721000 5
1722000 5
1723000 5
1724000 5
1725000 5
1726000 5
1727000 5
1728000 5
1729000 5
1730000 5
1731000 5
1732000 5
1733000 5
1734000 5
1735000 5
1736000 5
1737000 5
1738000 5
1739000 5
1740000 5
1741000 5
1742000 5
1743000 5
1744000 5
1745000 5
1746000 5
1747000 5
1748000 5
1749000 5
1750000 5
1751000 5
1752000 5
1753000 5
1754000 5
1755000 5
1756000 5
1757000 5
1758000 5
1759000 5
1760000 5
1761000 5
1762000 5
1763000 5
1764000 5
1765000 5
1766000 5
1767000 5
1768000 5
1769000 5
1770000 5
1771000 5
1772000 5
1773000 5
1774000 5
1775000 5
1776000 5
1777000 5
1778000 5
1779000 5
1780000 5
1781000 5
1782000 5
1783000 5
1784000 5
1785000 5
1786000 5
1787000 5
1788000 5
1789000 5
1790000 5
1791000 5
1792000 5
1793000 5
1794000 5
1795000 5
1796000 5
1797000 5
1798000 5
1799000 5
1800000 5
1801000 5
1802000 5
1803000 5
1804000 5
1805000 5
1806000 5
1807000 5
1808000 5
1809000 5
1810000 5
1811000 5
1812000 5
1813000 5
1814000 5
1815000 5
1816000 5
1817000 5
1818000 5
1819000 5
1820000 5
1821000 5
1822000 5
1823000 5
1824000 5
1825000 5
1826000 5
1827000 5
1828000 5
1829000 5
1830000 5
1831000 5
1832000 5
1833000 5
1834000 5
1835000 5
1836000 5
1837000 5
1838000 5
1839000 5
1840000 5
1841000 5
1842000 5
1843000 5
1844000 5
1845000 5
1846000 5
1847000 5
1848000 5
1849000 5
1850000 5
1851000 5
1852000 5
1853000 5
1854000 5
1855000 5
1856000 5
1857000 5
1858000 5
1859000 5
1860000 5
1861000 5
1862000 5
1863000 5
1864000 5
1865000 5
1866000 5
1867000 5
1868000 5
1869000 5
1870000 5
1871000 5
1872000 5
1873000 5
1874000 5
1875000 5
1876000 5
1877000 5
1878000 5
1879000 5
1880000 5
1881000 5
1882000 5
1883000 5
1884000 5
1885000 5
1886000 5
1887000 5
1888000 5
1889000 5
1890000 5
1891000 5
1892000 5
1893000 5
1894000 5
1895000 5
1896000 5
1897000 5
1898000 5
1899000 5
1900000 5
1901000 5
1902000 5
1903000 5
1904000 5
1905000 5
1906000 5
1907000 5
1908000 5
1909000 5
1910000 5
1911000 5
1912000 5
1913000 5
1914000 5
1915000 5
1916000 5
1917000 5
1918000 5
1919000 5
1920000 5
1921000 5
1922000 5
1923000 5
1924000 5
1925000 5
1926000 5
1927000 5
1928000 5
1929000 5
1930000 5
1931000 5
1932000 5
1933000 5
1934000 5
1935000 5
1936000 5
1937000 5
1938000 5
1939000 5
1940000 5
1941000 5
1942000 5
1943000 5
1944000 5
1945000 5
1946000 5
1947000 5
1948000 5
1949000 5
1950000 5
1951000 5
1952000 5
1953000 5
1954000 5
1955000 5
1956000 5
1957000 5
1958000 5
1959000 5
1960000 5
1961000 5
1962000 5
1963000 5
1964000 5
1965000 5
1966000 5
1967000 5
1968000 5
1969000 5
1970000 5
1971000 5
1972000 5
1973000 5
1974000 5
1975000 5
1976000 5
1977000 5
1978000 5
1979000 5
1980000 5
1981000 5
1982000 5
1983000 5
1984000 5
1985000 5
1986000 5
1987000 5
1988000 5
1989000 5
1990000 5
1991000 5
1992000 5
1993000 5
1994000 5
1995000 5
1996000 5
1997000 5
1998000 5
1999000 5
2000000 5
2001000 5
2002000 5
2003000 5
2004000 5
2005000 5
2006000 5
2007000 5
2008000 5
2009000 5
2010000 5
2011000 5
2012000 5
2013000 5
2014000 5
2015000 5
2016000 5
2017000 5
2018000 5
2019000 5
2020000 5
2021000 5
2022000 5
2023000 5
2024000 5
2025000 5
2026000 5
2027000 5
2028000 5
2029000 5
2030000 5
2031000 5
2032000 5
2033000 5
2034000 5
2035000 5
2036000 5
2037000 5
2038000 5
2039000 5
2040000 5
2041000 5
2042000 5
2043000 5
2044000 5
2045000 5
2046000 5
2047000 5
2048000 5
2049000 5
2050000 5
2051000 5
2052000 5
2053000 5
2054000 5
2055000 5
2056000 5
2057000 5
2058000 5
2059000 5
2060000 5
2061000 5
2062000 5
2063000 5
2064000 5
2065000 5
2066000 5
2067000 5
2068000 5
2069000 5
2070000 5
2071000 5
2072000 5
2073000 5
2074000 5
2075000 5
2076000 5
2077000 5
2078000 5
2079000 5
2080000 5
2081000 5
2082000 5
2083000 5
2084000 5
2085000 5
2086000 5
2087000 5
2088000 5
2089000 5
2090000 5
2091000 5
2092000 5
2093000 5
2094000 5
2095000 5
2096000 5
2097000 5
2098000 5
2099000 5
2100000 5
2101000 5
2102000 5
2103000 5
2104000 5
2105000 5
2106000 5
2107000 5
2108000 5
2109000 5
2110000 5
2111000 5
2112000 5
2113000 5
2114000 5
2115000 5
2116000 5
2117000 5
2118000 5
2119000 5
2120000 5
2121000 5
2122000 5
2123000 5
2124000 5
2125000 5
2126000 5
2127000 5
2128000 5
2129000 5
2130000 5
2131000 5
2132000 5
2133000 5
2134000 5
2135000 5
2136000 5
2137000 5
2138000 5
2139000 5
2140000 5
2141000 5
2142000 5
2143000 5
2144000 5
2145000 5
2146000 5
2147000 5
2148000 5
2149000 5
2150000 5
2151000 5
2152000 5
2153000 5
2154000 5
2155000 5
2156000 5
2157000 5
2158000 5
2159000 5
2160000 5
2161000 5
2162000 5
2163000 5
2164000 5
2165000 5
2166000 5
2167000 5
2168000 5
2169000 5
2170000 5
2171000 5
2172000 5
2173000 5
2174000 5
2175000 5
2176000 5
2177000 5
2178000 5
2179000 5
2180000 5
2181000 5
2182000 5
2183000 5
2184000 5
2185000 5
2186000 5
2187000 5
2188000 5
2189000 5
2190000 5
2191000 5
2192000 5
2193000 5
2194000 5
2195000 5
2196000 5
2197000 5
2198000 5
2199000 5
2200000 5
2201000 5
2202000 5
2203000 5
2204000 5
2205000 5
2206000 5
2207000 5
2208000 5
2209000 5
2210000 5
2211000 5
2212000 5
2213000 5
2214000 5
2215000 5
2216000 5
2217000 5
2218000 5
2219000 5
2220000 5
2221000 5
2222000 5
2223000 5
2224000 5
2225000 5
2226000 5
2227000 5
2228000 5
2229000 5
2230000 5
2231000 5
2232000 5
2233000 5
2234000 5
2235000 5
2236000 5
2237000 5
2238000 5
2239000 5
2240000 5
2241000 5
2242000 5
2243000 5
2244000 5
2245000 5
2246000 5
2247000 5
2248000 5
2249000 5
2250000 5
2251000 5
2252000 5
2253000 5
2254000 5
2255000 5
2256000 5
2257000 5
2258000 5
2259000 5
2260000 5
2261000 5
2262000 5
2263000 5
2264000 5
2265000 5
2266000 5
2267000 5
2268000 5
2269000 5
2270000 5
2271000 5
2272000 5
2273000 5
2274000 5
2275000 5
2276000 5
2277000 5
2278000 5
2279000 5
2280000 5
2281000 5
2282000 5
2283000 5
2284000 5
2285000 5
2286000 5
2287000 5
2288000 5
2289000 5
2290000 5
2291000 5
2292000 5
2293000 5
2294000 5
2295000 5
2296000 5
2297000 5
2298000 5
2299000 5
2300000 5
2301000 5
2302000 5
2303000 5
2304000 5
2305000 5
2306000 5
2307000 5
2308000 5
2309000 5
2310000 5
2311000 5
2312000 5
2313000 5
2314000 5
2315000 5
2316000 5
2317000 5
2318000 5
2319000 5
2320000 5
2321000 5
2322000 5
2323000 5
2324000 5
2325000 5
2326000 5
2327000 5
2328000 5
2329000 5
2330000 5
2331000 5
2332000 5
2333000 5
2334000 5
2335000 5
2336000 5
2337000 5
2338000 5
2339000 5
2340000 5
2341000 5
2342000 5
2343000 5
2344000 5
2345000 5
2346000 5
2347000 5
2348000 5
2349000 5
2350000 5
2351000 5
2352000 5
2353000 5
2354000 5
2355000 5
2356000 5
2357000 5
2358000 5
2359000 5
2360000 5
2361000 5
2362000 5
2363000 5
2364000 5
2365000 5
2366000 5
2367000 5
2368000 5
2369000 5
2370000 5
2371000 5
2372000 5
2373000 5
2374000 5
2375000 5
2376000 5
2377000 5
2378000 5
2379000 5
2380000 5
2381000 5
2382000 5
2383000 5
2384000 5
2385000 5
2386000 5
2387000 5
2388000 5
2389000 5
2390000 5
2391000 5
2392000 5
2393000 5
2394000 5
2395000 5
2396000 5
2397000 5
2398000 5
2399000 5
2400000 5
2401000 5
2402000 5
2403000 5
2404000 5
2405000 5
2406000 5
2407000 5
2408000 5
2409000 5
2410000 5
2411000 5
2412000 5
2413000 5
2414000 5
2415000 5
2416000 5
2417000 5
2418000 5
2419000 5
2420000 5
2421000 5
2422000 5
2423000 5
2424000 5
2425000 5
2426000 5
2427000 5
2428000 5
2429000 5
2430000 5
2431000 5
2432000 5
2433000 5
2434000 5
2435000 5
2436000 5
2437000 5
2438000 5
2439000 5
2440000 5
2441000 5
2442000 5
2443000 5
2444000 5
2445000 5
2446000 5
2447000 5
2448000 5
2449000 5
2450000 5
2451000 5
2452000 5
2453000 5
2454000 5
2455000 5
2456000 5
2457000 5
2458000 5
2459000 5
2460000 5
2461000 5
2462000 5
2463000 5
2464000 5
2465000 5
2466000 5
2467000 5
2468000 5
2469000 5
2470000 5
2471000 5
2472000 5
2473000 5
2474000 5
2475000 5
2476000 5
2477000 5
2478000 5
2479000 5
2480000 5
2481000 5
2482000 5
2483000 5
2484000 5
2485000 5
2486000 5
2487000 5
2488000 5
2489000 5
2490000 5
2491000 5
2492000 5
2493000 5
2494000 5
2495000 5
2496000 5
2497000 5
2498000 5
2499000 5
2500000 5
2501000 5
2502000 5
2503000 5
2504000 5
2505000 5
2506000 5
2507000 5
2508000 5
2509000 5
2510000 5
2511000 5
2512000 5
2513000 5
2514000 5
2515000 5
2516000 5
2517000 5
2518000 5
2519000 5
2520000 5
2521000 5
2522000 5
2523000 5
2524000 5
2525000 5
2526000 5
2527000 5
2528000 5
2529000 5
2530000 5
2531000 5
2532000 5
2533000 5
2534000 5
2535000 5
2536000 5
2537000 5
2538000 5
2539000 5
2540000 5
2541000 5
2542000 5
2543000 5
2544000 5
2545000 5
2546000 5
2547000 5
2548000 5
2549000 5
2550000 5
2551000 5
2552000 5
2553000 5
2554000 5
2555000 5
2556000 5
2557000 5
2558000 5
2559000 5
2560000 5
2561000 5
2562000 5
2563000 5
2564000 5
2565000 5
2566000 5
2567000 5
2568000 5
2569000 5
2570000 5
2571000 5
2572000 5
2573000 5
2574000 5
2575000 5
2576000 5
2577000 5
2578000 5
2579000 5
2580000 5
2581000 5
2582000 5
2583000 5
2584000 5
2585000 5
2586000 5
2587000 5
2588000 5
2589000 5
2590000 5
2591000 5
2592000 5
2593000 5
2594000 5
2595000 5
2596000 5
2597000 5
2598000 5
2599000 5
2600000 5
2601000 5
2602000 5
2603000 5
2604000 5
2605000 5
2606000 5
2607000 5
2608000 5
2609000 5
2610000 5
2611000 5
2612000 5
2613000 5
2614000 5
2615000 5
2616000 5
2617000 5
2618000 5
2619000 5
2620000 5
2621000 5
2622000 5
2623000 5
2624000 5
2625000 5
2626000 5
2627000 5
2628000 5
2629000 5
2630000 5
2631000 5
2632000 5
2633000 5
2634000 5
2635000 5
2636000 5
2637000 5
2638000 5
2639000 5
2640000 5
2641000 5
2642000 5
2643000 5
2644000 5
2645000 5
2646000 5
2647000 5
2648000 5
2649000 5
2650000 5
2651000 5
2652000 5
2653000 5
2654000 5
2655000 5
2656000 5
2657000 5
2658000 5
2659000 5
2660000 5
2661000 5
2662000 5
2663000 5
2664000 5
2665000 5
2666000 5
2667000 5
2668000 5
2669000 5
2670000 5
2671000 5
2672000 5
2673000 5
2674000 5
2675000 5
2676000 5
2677000 5
2678000 5
2679000 5
2680000 5
2681000 5
2682000 5
2683000 5
2684000 5
2685000 5
2686000 5
2687000 5
2688000 5
2689000 5
2690000 5
2691000 5
2692000 5
2693000 5
2694000 5
2695000 5
2696000 5
2697000 5
2698000 5
2699000 5
2700000 5
2701000 5
2702000 5
2703000 5
2704000 5
2705000 5
2706000 5
2707000 5
2708000 5
2709000 5
2710000 5
2711000 5
2712000 5
2713000 5
2714000 5
2715000 5
2716000 5
2717000 5
2718000 5
2719000 5
2720000 5
2721000 5
2722000 5
2723000 5
2724000 5
2725000 5
2726000 5
2727000 5
2728000 5
2729000 5
2730000 5
2731000 5
2732000 5
2733000 5
2734000 5
2735000 5
2736000 5
2737000 5
2738000 5
2739000 5
2740000 5
2741000 5
2742000 5
2743000 5
2744000 5
2745000 5
2746000 5
2747000 5
2748000 5
2749000 5
2750000 5
2751000 5
2752000 5
2753000 5
2754000 5
2755000 5
2756000 5
2757000 5
2758000 5
2759000 5
2760000 5
2761000 5
2762000 5
2763000 5
2764000 5
2765000 5
2766000 5
2767000 5
2768000 5
2769000 5
2770000 5
2771000 5
2772000 5
2773000 5
2774000 5
2775000 5
2776000 5
2777000 5
2778000 5
2779000 5
2780000 5
2781000 5
2782000 5
2783000 5
2784000 5
2785000 5
2786000 5
2787000 5
2788000 5
2789000 5
2790000 5
2791000 5
2792000 5
2793000 5
2794000 5
2795000 5
2796000 5
2797000 5
2798000 5
2799000 5
2800000 5
2801000 5
2802000 5
2803000 5
2804000 5
2805000 5
2806000 5
2807000 5
2808000 5
2809000 5
2810000 5
2811000 5
2812000 5
2813000 5
2814000 5
2815000 5
2816000 5
2817000 5
2818000 5
2819000 5
2820000 5
2821000 5
2822000 5
2823000 5
2824000 5
2825000 5
2826000 5
2827000 5
2828000 5
2829000 5
2830000 5
2831000 5
2832000 5
2833000 5
2834000 5
2835000 5
2836000 5
2837000 5
2838000 5
2839000 5
2840000 5
2841000 5
2842000 5
2843000 5
2844000 5
2845000 5
2846000 5
2847000 5
2848000 5
2849000 5
2850000 5
2851000 5
2852000 5
2853000 5
2854000 5
2855000 5
2856000 5
2857000 5
2858000 5
2859000 5
2860000 5
2861000 5
2862000 5
2863000 5
2864000 5
2865000 5
2866000 5
2867000 5
2868000 5
2869000 5
2870000 5
2871000 5
2872000 5
2873000 5
2874000 5
2875000 5
2876000 5
2877000 5
2878000 5
2879000 5
2880000 5
2881000 5
2882000 5
2883000 5
2884000 5
2885000 5
2886000 5
2887000 5
2888000 5
2889000 5
2890000 5
2891000 5
2892000 5
2893000 5
2894000 5
2895000 5
2896000 5
2897000 5
2898000 5
2899000 5
2900000 5
2901000 5
2902000 5
2903000 5
2904000 5
2905000 5
2906000 5
2907000 5
2908000 5
2909000 5
2910000 5
2911000 5
2912000 5
2913000 5
2914000 5
2915000 5
2916000 5
2917000 5
2918000 5
2919000 5
2920000 5
2921000 5
2922000 5
2923000 5
2924000 5
2925000 5
2926000 5
2927000 5
2928000 5
2929000 5
2930000 5
2931000 5
2932000 5
2933000 5
2934000 5
2935000 5
2936000 5
2937000 5
2938000 5
2939000 5
2940000 5
2941000 5
2942000 5
2943000 5
2944000 5
2945000 5
2946000 5
2947000 5
2948000 5
2949000 5
2950000 5
2951000 5
2952000 5
2953000 5
2954000 5
2955000 5
2956000 5
2957000 5
2958000 5
2959000 5
2960000 5
2961000 5
2962000 5
2963000 5
2964000 5
2965000 5
2966000 5
2967000 5
2968000 5
2969000 5
2970000 5
2971000 5
2972000 5
2973000 5
2974000 5
2975000 5
2976000 5
2977000 5
2978000 5
2979000 5
2980000 5
2981000 5
2982000 5
2983000 5
2984000 5
2985000 5
2986000 5
2987000 5
2988000 5
2989000 5
2990000 5
2991000 5
2992000 5
2993000 5
2994000 5
2995000 5
2996000 5
2997000 5
2998000 5
2999000 5
3000000 5
3001000 5
3002000 5
3003000 5
3004000 5
3005000 5
3006000 5
3007000 5
3008000 5
3009000 5
3010000 5
3011000 5
3012000 5
3013000 5
3014000 5
3015000 5
3016000 5
3017000 5
3018000 5
3019000 5
3020000 5
3021000 5
3022000 5
3023000 5
3024000 5
3025000 5
3026000 5
3027000 5
3028000 5
3029000 5
3030000 5
3031000 5
3032000 5
3033000 5
3034000 5
3035000 5
3036000 5
3037000 5
3038000 5
3039000 5
3040000 5
3041000 5
3042000 5
3043000 5
3044000 5
3045000 5
3046000 5
3047000 5
3048000 5
3049000 5
3050000 5
3051000 5
3052000 5
3053000 5
3054000 5
3055000 5
3056000 5
3057000 5
3058000 5
3059000 5
3060000 5
3061000 5
3062000 5
3063000 5
3064000 5
3065000 5
3066000 5
3067000 5
3068000 5
3069000 5
3070000 5
3071000 5
3072000 5
3073000 5
3074000 5
3075000 5
3076000 5
3077000 5
3078000 5
3079000 5
3080000 5
3081000 5
3082000 5
3083000 5
3084000 5
3085000 5
3086000 5
3087000 5
3088000 5
3089000 5
3090000 5
3091000 5
3092000 5
3093000 5
3094000 5
3095000 5
3096000 5
3097000 5
3098000 5
3099000 5
3100000 5
3101000 5
3102000 5
3103000 5
3104000 5
3105000 5
3106000 5
3107000 5
3108000 5
3109000 5
3110000 5
3111000 5
3112000 5
3113000 5
3114000 5
3115000 5
3116000 5
3117000 5
3118000 5
3119000 5
3120000 5
3121000 5
3122000 5
3123000 5
3124000 5
3125000 5
3126000 5
3127000 5
3128000 5
3129000 5
3130000 5
3131000 5
3132000 5
3133000 5
3134000 5
3135000 5
3136000 5
3137000 5
3138000 5
3139000 5
3140000 5
3141000 5
3142000 5
3143000 5
3144000 5
3145000 5
3146000 5
3147000 5
3148000 5
3149000 5
3150000 5
3151000 5
3152000 5
3153000 5
3154000 5
3155000 5
3156000 5
3157000 5
3158000 5
3159000 5
3160000 5
3161000 5
3162000 5
3163000 5
3164000 5
3165000 5
3166000 5
3167000 5
3168000 5
3169000 5
3170000 5
3171000 5
3172000 5
3173000 5
3174000 5
3175000 5
3176000 5
3177000 5
3178000 5
3179000 5
3180000 5
3181000 5
3182000 5
3183000 5
3184000 5
3185000 5
3186000 5
3187000 5
3188000 5
3189000 5
3190000 5
3191000 5
3192000 5
3193000 5
3194000 5
3195000 5
3196000 5
3197000 5
3198000 5
3199000 5
3200000 5
3201000 5
3202000 5
3203000 5
3204000 5
3205000 5
3206000 5
3207000 5
3208000 5
3209000 5
3210000 5
3211000 5
3212000 5
3213000 5
3214000 5
3215000 5
3216000 5
3217000 5
3218000 5
3219000 5
3220000 5
3221000 5
3222000 5
3223000 5
3224000 5
3225000 5
3226000 5
3227000 5
3228000 5
3229000 5
3230000 5
3231000 5
3232000 5
3233000 5
3234000 5
3235000 5
3236000 5
3237000 5
3238000 5
3239000 5
3240000 5
3241000 5
3242000 5
3243000 5
3244000 5
3245000 5
3246000 5
3247000 5
3248000 5
3249000 5
3250000 5
3251000 5
3252000 5
3253000 5
3254000 5
3255000 5
3256000 5
3257000 5
3258000 5
3259000 5
3260000 5
3261000 5
3262000 5
3263000 5
3264000 5
3265000 5
3266000 5
3267000 5
3268000 5
3269000 5
3270000 5
3271000 5
3272000 5
3273000 5
3274000 5
3275000 5
3276000 5
3277000 5
3278000 5
3279000 5
3280000 5
3281000 5
3282000 5
3283000 5
3284000 5
3285000 5
3286000 5
3287000 5
3288000 5
3289000 5
3290000 5
3291000 5
3292000 5
3293000 5
3294000 5
3295000 5
3296000 5
3297000 5
3298000 5
3299000 5
3300000 5
3301000 5
3302000 5
3303000 5
3304000 5
3305000 5
3306000 5
3307000 5
3308000 5
3309000 5
3310000 5
3311000 5
3312000 5
3313000 5
3314000 5
3315000 5
3316000 5
3317000 5
3318000 5
3319000 5
3320000 5
3321000 5
3322000 5
3323000 5
3324000 5
3325000 5
3326000 5
3327000 5
3328000 5
3329000 5
3330000 5
3331000 5
3332000 5
3333000 5
3334000 5
3335000 5
3336000 5
3337000 5
3338000 5
3339000 5
3340000 5
3341000 5
3342000 5
3343000 5
3344000 5
3345000 5
3346000 5
3347000 5
3348000 5
3349000 5
3350000 5
3351000 5
3352000 5
3353000 5
3354000 5
3355000 5
3356000 5
3357000 5
3358000 5
3359000 5
3360000 5
3361000 5
3362000 5
3363000 5
3364000 5
3365000 5
3366000 5
3367000 5
3368000 5
3369000 5
3370000 5
3371000 5
3372000 5
3373000 5
3374000 5
3375000 5
3376000 5
3377000 5
3378000 5
3379000 5
3380000 5
3381000 5
3382000 5
3383000 5
3384000 5
3385000 5
3386000 5
3387000 5
3388000 5
3389000 5
3390000 5
3391000 5
3392000 5
3393000 5
3394000 5
3395000 5
3396000 5
3397000 5
3398000 5
3399000 5
3400000 5
3401000 5
3402000 5
3403000 5
3404000 5
3405000 5
3406000 5
3407000 5
3408000 5
3409000 5
3410000 5
3411000 5
3412000 5
3413000 5
3414000 5
3415000 5
3416000 5
3417000 5
3418000 5
3419000 5
3420000 5
3421000 5
3422000 5
3423000 5
3424000 5
3425000 5
3426000 5
3427000 5
3428000 5
3429000 5
3430000 5
3431000 5
3432000 5
3433000 5
3434000 5
3435000 5
3436000 5
3437000 5
3438000 5
3439000 5
3440000 5
3441000 5
3442000 5
3443000 5
3444000 5
3445000 5
3446000 5
3447000 5
3448000 5
3449000 5
3450000 5
3451000 5
3452000 5
3453000 5
3454000 5
3455000 5
3456000 5
3457000 5
3458000 5
3459000 5
3460000 5
3461000 5
3462000 5
3463000 5
3464000 5
3465000 5
3466000 5
3467000 5
3468000 5
3469000 5
3470000 5
3471000 5
3472000 5
3473000 5
3474000 5
3475000 5
3476000 5
3477000 5
3478000 5
3479000 5
3480000 5
3481000 5
3482000 5
3483000 5
3484000 5
3485000 5
3486000 5
3487000 5
3488000 5
3489000 5
3490000 5
3491000 5
3492000 5
3493000 5
3494000 5
3495000 5
3496000 5
3497000 5
3498000 5
3499000 5
3500000 5
3501000 5
3502000 5
3503000 5
3504000 5
3505000 5
3506000 5
3507000 5
3508000 5
3509000 5
3510000 5
3511000 5
3512000 5
3513000 5
3514000 5
3515000 5
3516000 5
3517000 5
3518000 5
3519000 5
3520000 5
3521000 5
3522000 5
3523000 5
3524000 5
3525000 5
3526000 5
3527000 5
3528000 5
3529000 5
3530000 5
3531000 5
3532000 5
3533000 5
3534000 5
3535000 5
3536000 5
3537000 5
3538000 5
3539000 5
3540000 5
3541000 5
3542000 5
3543000 5
3544000 5
3545000 5
3546000 5
3547000 5
3548000 5
3549000 5
3550000 5
3551000 5
3552000 5
3553000 5
3554000 5
3555000 5
3556000 5
3557000 5
3558000 5
3559000 5
3560000 5
3561000 5
3562000 5
3563000 5
3564000 5
3565000 5
3566000 5
3567000 5
3568000 5
3569000 5
3570000 5
3571000 5
3572000 5
3573000 5
3574000 5
3575000 5
3576000 5
3577000 5
3578000 5
3579000 5
3580000 5
3581000 5
3582000 5
3583000 5
3584000 5
3585000 5
3586000 5
3587000 5
3588000 5
3589000 5
3590000 5
3591000 5
3592000 5
3593000 5
3594000 5
3595000 5
3596000 5
3597000 5
3598000 5
3599000 5
3600000 5
3601000 5
3602000 5
3603000 5
3604000 5
3605000 5
3606000 5
3607000 5
3608000 5
3609000 5
3610000 5
3611000 5
3612000 5
3613000 5
3614000 5
3615000 5
3616000 5
3617000 5
3618000 5
3619000 5
3620000 5
3621000 5
3622000 5
3623000 5
3624000 5
3625000 5
3626000 5
3627000 5
3628000 5
3629000 5
3630000 5
3631000 5
3632000 5
3633000 5
3634000 5
3635000 5
3636000 5
3637000 5
3638000 5
3639000 5
3640000 5
3641000 5
3642000 5
3643000 5
3644000 5
3645000 5
3646000 5
3647000 5
3648000 5
3649000 5
3650000 5
3651000 5
3652000 5
3653000 5
3654000 5
3655000 5
3656000 5
3657000 5
3658000 5
3659000 5
3660000 5
3661000 5
3662000 5
3663000 5
3664000 5
3665000 5
3666000 5
3667000 5
3668000 5
3669000 5
3670000 5
3671000 5
3672000 5
3673000 5
3674000 5
3675000 5
3676000 5
3677000 5
3678000 5
3679000 5
3680000 5
3681000 5
3682000 5
3683000 5
3684000 5
3685000 5
3686000 5
3687000 5
3688000 5
3689000 5
3690000 5
3691000 5
3692000 5
3693000 5
3694000 5
3695000 5
3696000 5
3697000 5
3698000 5
3699000 5
3700000 5
3701000 5
3702000 5
3703000 5
3704000 5
3705000 5
3706000 5
3707000 5
3708000 5
3709000 5
3710000 5
3711000 5
3712000 5
3713000 5
3714000 5
3715000 5
3716000 5
3717000 5
3718000 5
3719000 5
3720000 5
3721000 5
3722000 5
3723000 5
3724000 5
3725000 5
3726000 5
3727000 5
3728000 5
3729000 5
3730000 5
3731000 5
3732000 5
3733000 5
3734000 5
3735000 5
3736000 5
3737000 5
3738000 5
3739000 5
3740000 5
3741000 5
3742000 5
3743000 5
3744000 5
3745000 5
3746000 5
3747000 5
3748000 5
3749000 5
3750000 5
3751000 5
3752000 5
3753000 5
3754000 5
3755000 5
3756000 5
3757000 5
3758000 5
3759000 5
3760000 5
3761000 5
3762000 5
3763000 5
3764000 5
3765000 5
3766000 5
3767000 5
3768000 5
3769000 5
3770000 5
3771000 5
3772000 5
3773000 5
3774000 5
3775000 5
3776000 5
3777000 5
3778000 5
3779000 5
3780000 5
3781000 5
3782000 5
3783000 5
3784000 5
3785000 5
3786000 5
3787000 5
3788000 5
3789000 5
3790000 5
3791000 5
3792000 5
3793000 5
3794000 5
3795000 5
3796000 5
3797000 5
3798000 5
3799000 5
3800000 5
3801000 5
3802000 5
3803000 5
3804000 5
3805000 5
3806000 5
3807000 5
3808000 5
3809000 5
3810000 5
3811000 5
3812000 5
3813000 5
3814000 5
3815000 5
3816000 5
3817000 5
3818000 5
3819000 5
3820000 5
3821000 5
3822000 5
3823000 5
3824000 5
3825000 5
3826000 5
3827000 5
3828000 5
3829000 5
3830000 5
3831000 5
3832000 5
3833000 5
3834000 5
3835000 5
3836000 5
3837000 5
3838000 5
3839000 5
3840000 5
3841000 5
3842000 5
3843000 5
3844000 5
3845000 5
3846000 5
3847000 5
3848000 5
3849000 5
3850000 5
3851000 5
3852000 5
3853000 5
3854000 5
3855000 5
3856000 5
3857000 5
3858000 5
3859000 5
3860000 5
3861000 5
3862000 5
3863000 5
3864000 5
3865000 5
3866000 5
3867000 5
3868000 5
3869000 5
3870000 5
3871000 5
3872000 5
3873000 5
3874000 5
3875000 5
3876000 5
3877000 5
3878000 5
3879000 5
3880000 5
3881000 5
3882000 5
3883000 5
3884000 5
3885000 5
3886000 5
3887000 5
3888000 5
3889000 5
3890000 5
3891000 5
3892000 5
3893000 5
3894000 5
3895000 5
3896000 5
3897000 5
3898000 5
3899000 5
3900000 5
3901000 5
3902000 5
3903000 5
3904000 5
3905000 5
3906000 5
3907000 5
3908000 5
3909000 5
3910000 5
3911000 5
3912000 5
3913000 5
3914000 5
3915000 5
3916000 5
3917000 5
3918000 5
3919000 5
3920000 5
3921000 5
3922000 5
3923000 5
3924000 5
3925000 5
3926000 5
3927000 5
3928000 5
3929000 5
3930000 5
3931000 5
3932000 5
3933000 5
3934000 5
3935000 5
3936000 5
3937000 5
3938000 5
3939000 5
3940000 5
3941000 5
3942000 5
3943000 5
3944000 5
3945000 5
3946000 5
3947000 5
3948000 5
3949000 5
3950000 5
3951000 5
3952000 5
3953000 5
3954000 5
3955000 5
3956000 5
3957000 5
3958000 5
3959000 5
3960000 5
3961000 5
3962000 5
3963000 5
3964000 5
3965000 5
3966000 5
3967000 5
3968000 5
3969000 5
3970000 5
3971000 5
3972000 5
3973000 5
3974000 5
3975000 5
3976000 5
3977000 5
3978000 5
3979000 5
3980000 5
3981000 5
3982000 5
3983000 5
3984000 5
3985000 5
3986000 5
3987000 5
3988000 5
3989000 5
3990000 5
3991000 5
3992000 5
3993000 5
3994000 5
3995000 5
3996000 5
3997000 5
3998000 5
3999000 5
4000000 5
4001000 5
4002000 5
4003000 5
4004000 5
4005000 5
4006000 5
4007000 5
4008000 5
4009000 5
4010000 5
4011000 5
4012000 5
4013000 5
4014000 5
4015000 5
4016000 5
4017000 5
4018000 5
4019000 5
4020000 5
4021000 5
4022000 5
4023000 5
4024000 5
4025000 5
4026000 5
4027000 5
4028000 5
4029000 5
4030000 5
4031000 5
4032000 5
4033000 5
4034000 5
4035000 5
4036000 5
4037000 5
4038000 5
4039000 5
4040000 5
4041000 5
4042000 5
4043000 5
4044000 5
4045000 5
4046000 5
4047000 5
4048000 5
4049000 5
4050000 5
4051000 5
4052000 5
4053000 5
4054000 5
4055000 5
4056000 5
4057000 5
4058000 5
4059000 5
4060000 5
4061000 5
4062000 5
4063000 5
4064000 5
4065000 5
4066000 5
4067000 5
4068000 5
4069000 5
4070000 5
4071000 5
4072000 5
4073000 5
4074000 5
4075000 5
4076000 5
4077000 5
4078000 5
4079000 5
4080000 5
4081000 5
4082000 5
4083000 5
4084000 5
4085000 5
4086000 5
4087000 5
4088000 5
4089000 5
4090000 5
4091000 5
4092000 5
4093000 5
4094000 5
4095000 5
4096000 5
4097000 5
4098000 5
4099000 5
4100000 5
4101000 5
4102000 5
4103000 5
4104000 5
4105000 5
4106000 5
4107000 5
4108000 5
4109000 5
4110000 5
4111000 5
4112000 5
4113000 5
4114000 5
4115000 5
4116000 5
4117000 5
4118000 5
4119000 5
4120000 5
4121000 5
4122000 5
4123000 5
4124000 5
4125000 5
4126000 5
4127000 5
4128000 5
4129000 5
4130000 5
4131000 5
4132000 5
4133000 5
4134000 5
4135000 5
4136000 5
4137000 5
4138000 5
4139000 5
4140000 5
4141000 5
4142000 5
4143000 5
4144000 5
4145000 5
4146000 5
4147000 5
4148000 5
4149000 5
4150000 5
4151000 5
4152000 5
4153000 5
4154000 5
4155000 5
4156000 5
4157000 5
4158000 5
4159000 5
4160000 5
4161000 5
4162000 5
4163000 5
4164000 5
4165000 5
4166000 5
4167000 5
4168000 5
4169000 5
4170000 5
4171000 5
4172000 5
4173000 5
4174000 5
4175000 5
4176000 5
4177000 5
4178000 5
4179000 5
4180000 5
4181000 5
4182000 5
4183000 5
4184000 5
4185000 5
4186000 5
4187000 5
4188000 5
4189000 5
4190000 5
4191000 5
4192000 5
4193000 5
4194000 5
4195000 5
4196000 5
4197000 5
4198000 5
4199000 5
4200000 5
4201000 5
4202000 5
4203000 5
4204000 5
4205000 5
4206000 5
4207000 5
4208000 5
4209000 5
4210000 5
4211000 5
4212000 5
4213000 5
4214000 5
4215000 5
4216000 5
4217000 5
4218000 5
4219000 5
4220000 5
4221000 5
4222000 5
4223000 5
4224000 5
4225000 5
4226000 5
4227000 5
4228000 5
4229000 5
4230000 5
4231000 5
4232000 5
4233000 5
4234000 5
4235000 5
4236000 5
4237000 5
4238000 5
4239000 5
4240000 5
4241000 5
4242000 5
4243000 5
4244000 5
4245000 5
4246000 5
4247000 5
4248000 5
4249000 5
4250000 5
4251000 5
4252000 5
4253000 5
4254000 5
4255000 5
4256000 5
4257000 5
4258000 5
4259000 5
4260000 5
4261000 5
4262000 5
4263000 5
4264000 5
4265000 5
4266000 5
4267000 5
4268000 5
4269000 5
4270000 5
4271000 5
4272000 5
4273000 5
4274000 5
4275000 5
4276000 5
4277000 5
4278000 5
4279000 5
4280000 5
4281000 5
4282000 5
4283000 5
4284000 5
4285000 5
4286000 5
4287000 5
4288000 5
4289000 5
4290000 5
4291000 5
4292000 5
4293000 5
4294000 5
4295000 5
4296000 5
4297000 5
4298000 5
4299000 5
4300000 5
4301000 5
4302000 5
4303000 5
4304000 5
4305000 5
4306000 5
4307000 5
4308000 5
4309000 5
4310000 5
4311000 5
4312000 5
4313000 5
4314000 5
4315000 5
4316000 5
4317000 5
4318000 5
4319000 5
4320000 5
4321000 5
4322000 5
4323000 5
4324000 5
4325000 5
4326000 5
4327000 5
4328000 5
4329000 5
4330000 5
4331000 5
4332000 5
4333000 5
4334000 5
4335000 5
4336000 5
4337000 5
4338000 5
4339000 5
4340000 5
4341000 5
4342000 5
4343000 5
4344000 5
4345000 5
4346000 5
4347000 5
4348000 5
4349000 5
4350000 5
4351000 5
4352000 5
4353000 5
4354000 5
4355000 5
4356000 5
4357000 5
4358000 5
4359000 5
4360000 5
4361000 5
4362000 5
4363000 5
4364000 5
4365000 5
4366000 5
4367000 5
4368000 5
4369000 5
4370000 5
4371000 5
4372000 5
4373000 5
4374000 5
4375000 5
4376000 5
4377000 5
4378000 5
4379000 5
4380000 5
4381000 5
4382000 5
4383000 5
4384000 5
4385000 5
4386000 5
4387000 5
4388000 5
4389000 5
4390000 5
4391000 5
4392000 5
4393000 5
4394000 5
4395000 5
4396000 5
4397000 5
4398000 5
4399000 5
4400000 5
4401000 5
4402000 5
4403000 5
4404000 5
4405000 5
4406000 5
4407000 5
4408000 5
4409000 5
4410000 5
4411000 5
4412000 5
4413000 5
4414000 5
4415000 5
4416000 5
4417000 5
4418000 5
4419000 5
4420000 5
4421000 5
4422000 5
4423000 5
4424000 5
4425000 5
4426000 5
4427000 5
4428000 5
4429000 5
4430000 5
4431000 5
4432000 5
4433000 5
4434000 5
4435000 5
4436000 5
4437000 5
4438000 5
4439000 5
4440000 5
4441000 5
4442000 5
4443000 5
4444000 5
4445000 5
4446000 5
4447000 5
4448000 5
4449000 5
4450000 5
4451000 5
4452000 5
4453000 5
4454000 5
4455000 5
4456000 5
4457000 5
4458000 5
4459000 5
4460000 5
4461000 5
4462000 5
4463000 5
4464000 5
4465000 5
4466000 5
4467000 5
4468000 5
4469000 5
4470000 5
4471000 5
4472000 5
4473000 5
4474000 5
4475000 5
4476000 5
4477000 5
4478000 5
4479000 5
4480000 5
4481000 5
4482000 5
4483000 5
4484000 5
4485000 5
4486000 5
4487000 5
4488000 5
4489000 5
4490000 5
4491000 5
4492000 5
4493000 5
4494000 5
4495000 5
4496000 5
4497000 5
4498000 5
4499000 5
4500000 5
4501000 5
4502000 5
4503000 5
4504000 5
4505000 5
4506000 5
4507000 5
4508000 5
4509000 5
4510000 5
4511000 5
4512000 5
4513000 5
4514000 5
4515000 5
4516000 5
4517000 5
4518000 5
4519000 5
4520000 5
4521000 5
4522000 5
4523000 5
4524000 5
4525000 5
4526000 5
4527000 5
4528000 5
4529000 5
4530000 5
4531000 5
4532000 5
4533000 5
4534000 5
4535000 5
4536000 5
4537000 5
4538000 5
4539000 5
4540000 5
4541000 5
4542000 5
4543000 5
4544000 5
4545000 5
4546000 5
4547000 5
4548000 5
4549000 5
4550000 5
4551000 5
4552000 5
4553000 5
4554000 5
4555000 5
4556000 5
4557000 5
4558000 5
4559000 5
4560000 5
4561000 5
4562000 5
4563000 5
4564000 5
4565000 5
4566000 5
4567000 5
4568000 5
4569000 5
4570000 5
4571000 5
4572000 5
4573000 5
4574000 5
4575000 5
4576000 5
4577000 5
4578000 5
4579000 5
4580000 5
4581000 5
4582000 5
4583000 5
4584000 5
4585000 5
4586000 5
4587000 5
4588000 5
4589000 5
4590000 5
4591000 5
4592000 5
4593000 5
4594000 5
4595000 5
4596000 5
4597000 5
4598000 5
4599000 5
4600000 5
4601000 5
4602000 5
4603000 5
4604000 5
4605000 5
4606000 5
4607000 5
4608000 5
4609000 5
4610000 5
4611000 5
4612000 5
4613000 5
4614000 5
4615000 5
4616000 5
4617000 5
4618000 5
4619000 5
4620000 5
4621000 5
4622000 5
4623000 5
4624000 5
4625000 5
4626000 5
4627000 5
4628000 5
4629000 5
4630000 5
4631000 5
4632000 5
4633000 5
4634000 5
4635000 5
4636000 5
4637000 5
4638000 5
4639000 5
4640000 5
4641000 5
4642000 5
4643000 5
4644000 5
4645000 5
4646000 5
4647000 5
4648000 5
4649000 5
4650000 5
4651000 5
4652000 5
4653000 5
4654000 5
4655000 5
4656000 5
4657000 5
4658000 5
4659000 5
4660000 5
4661000 5
4662000 5
4663000 5
4664000 5
4665000 5
4666000 5
4667000 5
4668000 5
4669000 5
4670000 5
4671000 5
4672000 5
4673000 5
4674000 5
4675000 5
4676000 5
4677000 5
4678000 5
4679000 5
4680000 5
4681000 5
4682000 5
4683000 5
4684000 5
4685000 5
4686000 5
4687000 5
4688000 5
4689000 5
4690000 5
4691000 5
4692000 5
4693000 5
4694000 5
4695000 5
4696000 5
4697000 5
4698000 5
4699000 5
4700000 5
4701000 5
4702000 5
4703000 5
4704000 5
4705000 5
4706000 5
4707000 5
4708000 5
4709000 5
4710000 5
4711000 5
4712000 5
4713000 5
4714000 5
4715000 5
4716000 5
4717000 5
4718000 5
4719000 5
4720000 5
4721000 5
4722000 5
4723000 5
4724000 5
4725000 5
4726000 5
4727000 5
4728000 5
4729000 5
4730000 5
4731000 5
4732000 5
4733000 5
4734000 5
4735000 5
4736000 5
4737000 5
4738000 5
4739000 5
4740000 5
4741000 5
4742000 5
4743000 5
4744000 5
4745000 5
4746000 5
4747000 5
4748000 5
4749000 5
4750000 5
4751000 5
4752000 5
4753000 5
4754000 5
4755000 5
4756000 5
4757000 5
4758000 5
4759000 5
4760000 5
4761000 5
4762000 5
4763000 5
4764000 5
4765000 5
4766000 5
4767000 5
4768000 5
4769000 5
4770000 5
4771000 5
4772000 5
4773000 5
4774000 5
4775000 5
4776000 5
4777000 5
4778000 5
4779000 5
4780000 5
4781000 5
4782000 5
4783000 5
4784000 5
4785000 5
4786000 5
4787000 5
4788000 5
4789000 5
4790000 5
4791000 5
4792000 5
4793000 5
4794000 5
4795000 5
4796000 5
4797000 5
4798000 5
4799000 5
4800000 5
4801000 5
4802000 5
4803000 5
4804000 5
4805000 5
4806000 5
4807000 5
4808000 5
4809000 5
4810000 5
4811000 5
4812000 5
4813000 5
4814000 5
4815000 5
4816000 5
4817000 5
4818000 5
4819000 5
4820000 5
4821000 5
4822000 5
4823000 5
4824000 5
4825000 5
4826000 5
4827000 5
4828000 5
4829000 5
4830000 5
4831000 5
4832000 5
4833000 5
4834000 5
4835000 5
4836000 5
4837000 5
4838000 5
4839000 5
4840000 5
4841000 5
4842000 5
4843000 5
4844000 5
4845000 5
4846000 5
4847000 5
4848000 5
4849000 5
4850000 5
4851000 5
4852000 5
4853000 5
4854000 5
4855000 5
4856000 5
4857000 5
4858000 5
4859000 5
4860000 5
4861000 5
4862000 5
4863000 5
4864000 5
4865000 5
4866000 5
4867000 5
4868000 5
4869000 5
4870000 5
4871000 5
4872000 5
4873000 5
4874000 5
4875000 5
4876000 5
4877000 5
4878000 5
4879000 5
4880000 5
4881000 5
4882000 5
4883000 5
4884000 5
4885000 5
4886000 5
4887000 5
4888000 5
4889000 5
4890000 5
4891000 5
4892000 5
4893000 5
4894000 5
4895000 5
4896000 5
4897000 5
4898000 5
4899000 5
4900000 5
4901000 5
4902000 5
4903000 5
4904000 5
4905000 5
4906000 5
4907000 5
4908000 5
4909000 5
4910000 5
4911000 5
4912000 5
4913000 5
4914000 5
4915000 5
4916000 5
4917000 5
4918000 5
4919000 5
4920000 5
4921000 5
4922000 5
4923000 5
4924000 5
4925000 5
4926000 5
4927000 5
4928000 5
4929000 5
4930000 5
4931000 5
4932000 5
4933000 5
4934000 5
4935000 5
4936000 5
4937000 5
4938000 5
4939000 5
4940000 5
4941000 5
4942000 5
4943000 5
4944000 5
4945000 5
4946000 5
4947000 5
4948000 5
4949000 5
4950000 5
4951000 5
4952000 5
4953000 5
4954000 5
4955000 5
4956000 5
4957000 5
4958000 5
4959000 5
4960000 5
4961000 5
4962000 5
4963000 5
4964000 5
4965000 5
4966000 5
4967000 5
4968000 5
4969000 5
4970000 5
4971000 5
4972000 5
4973000 5
4974000 5
4975000 5
4976000 5
4977000 5
4978000 5
4979000 5
4980000 5
4981000 5
4982000 5
4983000 5
4984000 5
4985000 5
4986000 5
4987000 5
4988000 5
4989000 5
4990000 5
4991000 5
4992000 5
4993000 5
4994000 5
4995000 5
4996000 5
4997000 5
4998000 5
4999000 5
5000000 5
5001000 5
5002000 5
5003000 5
5004000 5
5005000 5
5006000 5
5007000 5
5008000 5
5009000 5
5010000 5
5011000 5
5012000 5
5013000 5
5014000 5
5015000 5
5016000 5
5017000 5
5018000 5
5019000 5
5020000 5
5021000 5
5022000 5
5023000 5
5024000 5
5025000 5
5026000 5
5027000 5
5028000 5
5029000 5
5030000 5
5031000 5
5032000 5
5033000 5
5034000 5
5035000 5
5036000 5
5037000 5
5038000 5
5039000 5
5040000 5
5041000 5
5042000 5
5043000 5
5044000 5
5045000 5
5046000 5
5047000 5
5048000 5
5049000 5
5050000 5
5051000 5
5052000 5
5053000 5
5054000 5
5055000 5
5056000 5
5057000 5
5058000 5
5059000 5
5060000 5
5061000 5
5062000 5
5063000 5
5064000 5
5065000 5
5066000 5
5067000 5
5068000 5
5069000 5
5070000 5
5071000 5
5072000 5
5073000 5
5074000 5
5075000 5
5076000 5
5077000 5
5078000 5
5079000 5
5080000 5
5081000 5
5082000 5
5083000 5
5084000 5
5085000 5
5086000 5
5087000 5
5088000 5
5089000 5
5090000 5
5091000 5
5092000 5
5093000 5
5094000 5
5095000 5
5096000 5
5097000 5
5098000 5
5099000 5
5100000 5
5101000 5
5102000 5
5103000 5
5104000 5
5105000 5
5106000 5
5107000 5
5108000 5
5109000 5
5110000 5
5111000 5
5112000 5
5113000 5
5114000 5
5115000 5
5116000 5
5117000 5
5118000 5
5119000 5
5120000 5
5121000 5
5122000 5
5123000 5
5124000 5
5125000 5
5126000 5
5127000 5
5128000 5
5129000 5
5130000 5
5131000 5
5132000 5
5133000 5
5134000 5
5135000 5
5136000 5
5137000 5
5138000 5
5139000 5
5140000 5
5141000 5
5142000 5
5143000 5
5144000 5
5145000 5
5146000 5
5147000 5
5148000 5
5149000 5
5150000 5
5151000 5
5152000 5
5153000 5
5154000 5
5155000 5
5156000 5
5157000 5
5158000 5
5159000 5
5160000 5
5161000 5
5162000 5
5163000 5
5164000 5
5165000 5
5166000 5
5167000 5
5168000 5
5169000 5
5170000 5
5171000 5
5172000 5
5173000 5
5174000 5
5175000 5
5176000 5
5177000 5
5178000 5
5179000 5
5180000 5
5181000 5
5182000 5
5183000 5
5184000 5
5185000 5
5186000 5
5187000 5
5188000 5
5189000 5
5190000 5
5191000 5
5192000 5
5193000 5
5194000 5
5195000 5
5196000 5
5197000 5
5198000 5
5199000 5
5200000 5
5201000 5
5202000 5
5203000 5
5204000 5
5205000 5
5206000 5
5207000 5
5208000 5
5209000 5
5210000 5
5211000 5
5212000 5
5213000 5
5214000 5
5215000 5
5216000 5
5217000 5
5218000 5
5219000 5
5220000 5
5221000 5
5222000 5
5223000 5
5224000 5
5225000 5
5226000 5
5227000 5
5228000 5
5229000 5
5230000 5
5231000 5
5232000 5
5233000 5
5234000 5
5235000 5
5236000 5
5237000 5
5238000 5
5239000 5
5240000 5
5241000 5
5242000 5
5243000 5
5244000 5
5245000 5
5246000 5
5247000 5
5248000 5
5249000 5
5250000 5
5251000 5
5252000 5
5253000 5
5254000 5
5255000 5
5256000 5
5257000 5
5258000 5
5259000 5
5260000 5
5261000 5
5262000 5
5263000 5
5264000 5
5265000 5
5266000 5
5267000 5
5268000 5
5269000 5
5270000 5
5271000 5
5272000 5
5273000 5
5274000 5
5275000 5
5276000 5
5277000 5
5278000 5
5279000 5
5280000 5
5281000 5
5282000 5
5283000 5
5284000 5
5285000 5
5286000 5
5287000 5
5288000 5
5289000 5
5290000 5
5291000 5
5292000 5
5293000 5
5294000 5
5295000 5
5296000 5
5297000 5
5298000 5
5299000 5
5300000 5
5301000 5
5302000 5
5303000 5
5304000 5
5305000 5
5306000 5
5307000 5
5308000 5
5309000 5
5310000 5
5311000 5
5312000 5
5313000 5
5314000 5
5315000 5
5316000 5
5317000 5
5318000 5
5319000 5
5320000 5
5321000 5
5322000 5
5323000 5
5324000 5
5325000 5
5326000 5
5327000 5
5328000 5
5329000 5
5330000 5
5331000 5
5332000 5
5333000 5
5334000 5
5335000 5
5336000 5
5337000 5
5338000 5
5339000 5
5340000 5
5341000 5
5342000 5
5343000 5
5344000 5
5345000 5
5346000 5
5347000 5
5348000 5
5349000 5
5350000 5
5351000 5
5352000 5
5353000 5
5354000 5
5355000 5
5356000 5
5357000 5
5358000 5
5359000 5
5360000 5
5361000 5
5362000 5
5363000 5
5364000 5
5365000 5
5366000 5
5367000 5
5368000 5
5369000 5
5370000 5
5371000 5
5372000 5
5373000 5
5374000 5
5375000 5
5376000 5
5377000 5
5378000 5
5379000 5
5380000 5
5381000 5
5382000 5
5383000 5
5384000 5
5385000 5
5386000 5
5387000 5
5388000 5
5389000 5
5390000 5
5391000 5
5392000 5
5393000 5
5394000 5
5395000 5
5396000 5
5397000 5
5398000 5
5399000 5
5400000 5
5401000 5
5402000 5
5403000 5
5404000 5
5405000 5
5406000 5
5407000 5
5408000 5
5409000 5
5410000 5
5411000 5
5412000 5
5413000 5
5414000 5
5415000 5
5416000 5
5417000 5
5418000 5
5419000 5
5420000 5
5421000 5
5422000 5
5423000 5
5424000 5
5425000 5
5426000 5
5427000 5
5428000 5
5429000 5
5430000 5
5431000 5
5432000 5
5433000 5
5434000 5
5435000 5
5436000 5
5437000 5
5438000 5
5439000 5
5440000 5
5441000 5
5442000 5
5443000 5
5444000 5
5445000 5
5446000 5
5447000 5
5448000 5
5449000 5
5450000 5
5451000 5
5452000 5
5453000 5
5454000 5
5455000 5
5456000 5
5457000 5
5458000 5
5459000 5
5460000 5
5461000 5
5462000 5
5463000 5
5464000 5
5465000 5
5466000 5
5467000 5
5468000 5
5469000 5
5470000 5
5471000 5
5472000 5
5473000 5
5474000 5
5475000 5
5476000 5
5477000 5
5478000 5
5479000 5
5480000 5
5481000 5
5482000 5
5483000 5
5484000 5
5485000 5
5486000 5
5487000 5
5488000 5
5489000 5
5490000 5
5491000 5
5492000 5
5493000 5
5494000 5
5495000 5
5496000 5
5497000 5
5498000 5
5499000 5
5500000 5
5501000 5
5502000 5
5503000 5
5504000 5
5505000 5
5506000 5
5507000 5
5508000 5
5509000 5
5510000 5
5511000 5
5512000 5
5513000 5
5514000 5
5515000 5
5516000 5
5517000 5
5518000 5
5519000 5
5520000 5
5521000 5
5522000 5
5523000 5
5524000 5
5525000 5
5526000 5
5527000 5
5528000 5
5529000 5
5530000 5
5531000 5
5532000 5
5533000 5
5534000 5
5535000 5
5536000 5
5537000 5
5538000 5
5539000 5
5540000 5
5541000 5
5542000 5
5543000 5
5544000 5
5545000 5
5546000 5
5547000 5
5548000 5
5549000 5
5550000 5
5551000 5
5552000 5
5553000 5
5554000 5
5555000 5
5556000 5
5557000 5
5558000 5
5559000 5
5560000 5
5561000 5
5562000 5
5563000 5
5564000 5
5565000 5
5566000 5
5567000 5
5568000 5
5569000 5
5570000 5
5571000 5
5572000 5
5573000 5
5574000 5
5575000 5
5576000 5
5577000 5
5578000 5
5579000 5
5580000 5
5581000 5
5582000 5
5583000 5
5584000 5
5585000 5
5586000 5
5587000 5
5588000 5
5589000 5
5590000 5
5591000 5
5592000 5
5593000 5
5594000 5
5595000 5
5596000 5
5597000 5
5598000 5
5599000 5
5600000 5
5601000 5
5602000 5
5603000 5
5604000 5
5605000 5
5606000 5
5607000 5
5608000 5
5609000 5
5610000 5
5611000 5
5612000 5
5613000 5
5614000 5
5615000 5
5616000 5
5617000 5
5618000 5
5619000 5
5620000 5
5621000 5
5622000 5
5623000 5
5624000 5
5625000 5
5626000 5
5627000 5
5628000 5
5629000 5
5630000 5
5631000 5
5632000 5
5633000 5
5634000 5
5635000 5
5636000 5
5637000 5
5638000 5
5639000 5
5640000 5
5641000 5
5642000 5
5643000 5
5644000 5
5645000 5
5646000 5
5647000 5
5648000 5
5649000 5
5650000 5
5651000 5
5652000 5
5653000 5
5654000 5
5655000 5
5656000 5
5657000 5
5658000 5
5659000 5
5660000 5
5661000 5
5662000 5
5663000 5
5664000 5
5665000 5
5666000 5
5667000 5
5668000 5
5669000 5
5670000 5
5671000 5
5672000 5
5673000 5
5674000 5
5675000 5
5676000 5
5677000 5
5678000 5
5679000 5
5680000 5
5681000 5
5682000 5
5683000 5
5684000 5
5685000 5
5686000 5
5687000 5
5688000 5
5689000 5
5690000 5
5691000 5
5692000 5
5693000 5
5694000 5
5695000 5
5696000 5
5697000 5
5698000 5
5699000 5
5700000 5
5701000 5
5702000 5
5703000 5
5704000 5
5705000 5
5706000 5
5707000 5
5708000 5
5709000 5
5710000 5
5711000 5
5712000 5
5713000 5
5714000 5
5715000 5
5716000 5
5717000 5
5718000 5
5719000 5
5720000 5
5721000 5
5722000 5
5723000 5
5724000 5
5725000 5
5726000 5
5727000 5
5728000 5
5729000 5
5730000 5
5731000 5
5732000 5
5733000 5
5734000 5
5735000 5
5736000 5
5737000 5
5738000 5
5739000 5
5740000 5
5741000 5
5742000 5
5743000 5
5744000 5
5745000 5
5746000 5
5747000 5
5748000 5
5749000 5
5750000 5
5751000 5
5752000 5
5753000 5
5754000 5
5755000 5
5756000 5
5757000 5
5758000 5
5759000 5
5760000 5
5761000 5
5762000 5
5763000 5
5764000 5
5765000 5
5766000 5
5767000 5
5768000 5
5769000 5
5770000 5
5771000 5
5772000 5
5773000 5
5774000 5
5775000 5
5776000 5
5777000 5
5778000 5
5779000 5
5780000 5
5781000 5
5782000 5
5783000 5
5784000 5
5785000 5
5786000 5
5787000 5
5788000 5
5789000 5
5790000 5
5791000 5
5792000 5
5793000 5
5794000 5
5795000 5
5796000 5
5797000 5
5798000 5
5799000 5
5800000 5
5801000 5
5802000 5
5803000 5
5804000 5
5805000 5
5806000 5
5807000 5
5808000 5
5809000 5
5810000 5
5811000 5
5812000 5
5813000 5
5814000 5
5815000 5
5816000 5
5817000 5
5818000 5
5819000 5
5820000 5
5821000 5
5822000 5
5823000 5
5824000 5
5825000 5
5826000 5
5827000 5
5828000 5
5829000 5
5830000 5
5831000 5
5832000 5
5833000 5
5834000 5
5835000 5
5836000 5
5837000 5
5838000 5
5839000 5
5840000 5
5841000 5
5842000 5
5843000 5
5844000 5
5845000 5
5846000 5
5847000 5
5848000 5
5849000 5
5850000 5
5851000 5
5852000 5
5853000 5
5854000 5
5855000 5
5856000 5
5857000 5
5858000 5
5859000 5
5860000 5
5861000 5
5862000 5
5863000 5
5864000 5
5865000 5
5866000 5
5867000 5
5868000 5
5869000 5
5870000 5
5871000 5
5872000 5
5873000 5
5874000 5
5875000 5
5876000 5
5877000 5
5878000 5
5879000 5
5880000 5
5881000 5
5882000 5
5883000 5
5884000 5
5885000 5
5886000 5
5887000 5
5888000 5
5889000 5
5890000 5
5891000 5
5892000 5
5893000 5
5894000 5
5895000 5
5896000 5
5897000 5
5898000 5
5899000 5
5900000 5
5901000 5
5902000 5
5903000 5
5904000 5
5905000 5
5906000 5
5907000 5
5908000 5
5909000 5
5910000 5
5911000 5
5912000 5
5913000 5
5914000 5
5915000 5
5916000 5
5917000 5
5918000 5
5919000 5
5920000 5
5921000 5
5922000 5
5923000 5
5924000 5
5925000 5
5926000 5
5927000 5
5928000 5
5929000 5
5930000 5
5931000 5
5932000 5
5933000 5
5934000 5
5935000 5
5936000 5
5937000 5
5938000 5
5939000 5
5940000 5
5941000 5
5942000 5
5943000 5
5944000 5
5945000 5
5946000 5
5947000 5
5948000 5
5949000 5
5950000 5
5951000 5
5952000 5
5953000 5
5954000 5
5955000 5
5956000 5
5957000 5
5958000 5
5959000 5
5960000 5
5961000 5
5962000 5
5963000 5
5964000 5
5965000 5
5966000 5
5967000 5
5968000 5
5969000 5
5970000 5
5971000 5
5972000 5
5973000 5
5974000 5
5975000 5
5976000 5
5977000 5
5978000 5
5979000 5
5980000 5
5981000 5
5982000 5
5983000 5
5984000 5
5985000 5
5986000 5
5987000 5
5988000 5
5989000 5
5990000 5
5991000 5
5992000 5
5993000 5
5994000 5
5995000 5
5996000 5
5997000 5
5998000 5
5999000 5
6000000 5
6001000 5
6002000 5
6003000 5
6004000 5
6005000 5
6006000 5
6007000 5
6008000 5
6009000 5
6010000 5
6011000 5
6012000 5
6013000 5
6014000 5
6015000 5
6016000 5
6017000 5
6018000 5
6019000 5
6020000 5
6021000 5
6022000 5
6023000 5
6024000 5
6025000 5
6026000 5
6027000 5
6028000 5
6029000 5
6030000 5
6031000 5
6032000 5
6033000 5
6034000 5
6035000 5
6036000 5
6037000 5
6038000 5
6039000 5
6040000 5
6041000 5
6042000 5
6043000 5
6044000 5
6045000 5
6046000 5
6047000 5
6048000 5
6049000 5
6050000 5
6051000 5
6052000 5
6053000 5
6054000 5
6055000 5
6056000 5
6057000 5
6058000 5
6059000 5
6060000 5
6061000 5
6062000 5
6063000 5
6064000 5
6065000 5
6066000 5
6067000 5
6068000 5
6069000 5
6070000 5
6071000 5
6072000 5
6073000 5
6074000 5
6075000 5
6076000 5
6077000 5
6078000 5
6079000 5
6080000 5
6081000 5
6082000 5
6083000 5
6084000 5
6085000 5
6086000 5
6087000 5
6088000 5
6089000 5
6090000 5
6091000 5
6092000 5
6093000 5
6094000 5
6095000 5
6096000 5
6097000 5
6098000 5
6099000 5
6100000 5
6101000 5
6102000 5
6103000 5
6104000 5
6105000 5
6106000 5
6107000 5
6108000 5
6109000 5
6110000 5
6111000 5
6112000 5
6113000 5
6114000 5
6115000 5
6116000 5
6117000 5
6118000 5
6119000 5
6120000 5
6121000 5
6122000 5
6123000 5
6124000 5
6125000 5
6126000 5
6127000 5
6128000 5
6129000 5
6130000 5
6131000 5
6132000 5
6133000 5
6134000 5
6135000 5
6136000 5
6137000 5
6138000 5
6139000 5
6140000 5
6141000 5
6142000 5
6143000 5
6144000 5
6145000 5
6146000 5
6147000 5
6148000 5
6149000 5
6150000 5
6151000 5
6152000 5
6153000 5
6154000 5
6155000 5
6156000 5
6157000 5
6158000 5
6159000 5
6160000 5
6161000 5
6162000 5
6163000 5
6164000 5
6165000 5
6166000 5
6167000 5
6168000 5
6169000 5
6170000 5
6171000 5
6172000 5
6173000 5
6174000 5
6175000 5
6176000 5
6177000 5
6178000 5
6179000 5
6180000 5
6181000 5
6182000 5
6183000 5
6184000 5
6185000 5
6186000 5
6187000 5
6188000 5
6189000 5
6190000 5
6191000 5
6192000 5
6193000 5
6194000 5
6195000 5
6196000 5
6197000 5
6198000 5
6199000 5
6200000 5
6201000 5
6202000 5
6203000 5
6204000 5
6205000 5
6206000 5
6207000 5
6208000 5
6209000 5
6210000 5
6211000 5
6212000 5
6213000 5
6214000 5
6215000 5
6216000 5
6217000 5
6218000 5
6219000 5
6220000 5
6221000 5
6222000 5
6223000 5
6224000 5
6225000 5
6226000 5
6227000 5
6228000 5
6229000 5
6230000 5
6231000 5
6232000 5
6233000 5
6234000 5
6235000 5
6236000 5
6237000 5
6238000 5
6239000 5
6240000 5
6241000 5
6242000 5
6243000 5
6244000 5
6245000 5
6246000 5
6247000 5
6248000 5
6249000 5
6250000 5
6251000 5
6252000 5
6253000 5
6254000 5
6255000 5
6256000 5
6257000 5
6258000 5
6259000 5
6260000 5
6261000 5
6262000 5
6263000 5
6264000 5
6265000 5
6266000 5
6267000 5
6268000 5
6269000 5
6270000 5
6271000 5
6272000 5
6273000 5
6274000 5
6275000 5
6276000 5
6277000 5
6278000 5
6279000 5
6280000 5
6281000 5
6282000 5
6283000 5
6284000 5
6285000 5
6286000 5
6287000 5
6288000 5
6289000 5
6290000 5
6291000 5
6292000 5
6293000 5
6294000 5
6295000 5
6296000 5
6297000 5
6298000 5
6299000 5
6300000 5
6301000 5
6302000 5
6303000 5
6304000 5
6305000 5
6306000 5
6307000 5
6308000 5
6309000 5
6310000 5
6311000 5
6312000 5
6313000 5
6314000 5
6315000 5
6316000 5
6317000 5
6318000 5
6319000 5
6320000 5
6321000 5
6322000 5
6323000 5
6324000 5
6325000 5
6326000 5
6327000 5
6328000 5
6329000 5
6330000 5
6331000 5
6332000 5
6333000 5
6334000 5
6335000 5
6336000 5
6337000 5
6338000 5
6339000 5
6340000 5
6341000 5
6342000 5
6343000 5
6344000 5
6345000 5
6346000 5
6347000 5
6348000 5
6349000 5
6350000 5
6351000 5
6352000 5
6353000 5
6354000 5
6355000 5
6356000 5
6357000 5
6358000 5
6359000 5
6360000 5
6361000 5
6362000 5
6363000 5
6364000 5
6365000 5
6366000 5
6367000 5
6368000 5
6369000 5
6370000 5
6371000 5
6372000 5
6373000 5
6374000 5
6375000 5
6376000 5
6377000 5
6378000 5
6379000 5
6380000 5
6381000 5
6382000 5
6383000 5
6384000 5
6385000 5
6386000 5
6387000 5
6388000 5
6389000 5
6390000 5
6391000 5
6392000 5
6393000 5
6394000 5
6395000 5
6396000 5
6397000 5
6398000 5
6399000 5
6400000 5
6401000 5
6402000 5
6403000 5
6404000 5
6405000 5
6406000 5
6407000 5
6408000 5
6409000 5
6410000 5
6411000 5
6412000 5
6413000 5
6414000 5
6415000 5
6416000 5
6417000 5
6418000 5
6419000 5
6420000 5
6421000 5
6422000 5
6423000 5
6424000 5
6425000 5
6426000 5
6427000 5
6428000 5
6429000 5
6430000 5
6431000 5
6432000 5
6433000 5
6434000 5
6435000 5
6436000 5
6437000 5
6438000 5
6439000 5
6440000 5
6441000 5
6442000 5
6443000 5
6444000 5
6445000 5
6446000 5
6447000 5
6448000 5
6449000 5
6450000 5
6451000 5
6452000 5
6453000 5
6454000 5
6455000 5
6456000 5
6457000 5
6458000 5
6459000 5
6460000 5
6461000 5
6462000 5
6463000 5
6464000 5
6465000 5
6466000 5
6467000 5
6468000 5
6469000 5
6470000 5
6471000 5
6472000 5
6473000 5
6474000 5
6475000 5
6476000 5
6477000 5
6478000 5
6479000 5
6480000 5
6481000 5
6482000 5
6483000 5
6484000 5
6485000 5
6486000 5
6487000 5
6488000 5
6489000 5
6490000 5
6491000 5
6492000 5
6493000 5
6494000 5
6495000 5
6496000 5
6497000 5
6498000 5
6499000 5
6500000 5
6501000 5
6502000 5
6503000 5
6504000 5
6505000 5
6506000 5
6507000 5
6508000 5
6509000 5
6510000 5
6511000 5
6512000 5
6513000 5
6514000 5
6515000 5
6516000 5
6517000 5
6518000 5
6519000 5
6520000 5
6521000 5
6522000 5
6523000 5
6524000 5
6525000 5
6526000 5
6527000 5
6528000 5
6529000 5
6530000 5
6531000 5
6532000 5
6533000 5
6534000 5
6535000 5
6536000 5
6537000 5
6538000 5
6539000 5
6540000 5
6541000 5
6542000 5
6543000 5
6544000 5
6545000 5
6546000 5
6547000 5
6548000 5
6549000 5
6550000 5
6551000 5
6552000 5
6553000 5
6554000 5
6555000 5
6556000 5
6557000 5
6558000 5
6559000 5
6560000 5
6561000 5
6562000 5
6563000 5
6564000 5
6565000 5
6566000 5
6567000 5
6568000 5
6569000 5
6570000 5
6571000 5
6572000 5
6573000 5
6574000 5
6575000 5
6576000 5
6577000 5
6578000 5
6579000 5
6580000 5
6581000 5
6582000 5
6583000 5
6584000 5
6585000 5
6586000 5
6587000 5
6588000 5
6589000 5
6590000 5
6591000 5
6592000 5
6593000 5
6594000 5
6595000 5
6596000 5
6597000 5
6598000 5
6599000 5
6600000 5
6601000 5
6602000 5
6603000 5
6604000 5
6605000 5
6606000 5
6607000 5
6608000 5
6609000 5
6610000 5
6611000 5
6612000 5
6613000 5
6614000 5
6615000 5
6616000 5
6617000 5
6618000 5
6619000 5
6620000 5
6621000 5
6622000 5
6623000 5
6624000 5
6625000 5
6626000 5
6627000 5
6628000 5
6629000 5
6630000 5
6631000 5
6632000 5
6633000 5
6634000 5
6635000 5
6636000 5
6637000 5
6638000 5
6639000 5
6640000 5
6641000 5
6642000 5
6643000 5
6644000 5
6645000 5
6646000 5
6647000 5
6648000 5
6649000 5
6650000 5
6651000 5
6652000 5
6653000 5
6654000 5
6655000 5
6656000 5
6657000 5
6658000 5
6659000 5
6660000 5
6661000 5
6662000 5
6663000 5
6664000 5
6665000 5
6666000 5
6667000 5
6668000 5
6669000 5
6670000 5
6671000 5
6672000 5
6673000 5
6674000 5
6675000 5
6676000 5
6677000 5
6678000 5
6679000 5
6680000 5
6681000 5
6682000 5
6683000 5
6684000 5
6685000 5
6686000 5
6687000 5
6688000 5
6689000 5
6690000 5
6691000 5
6692000 5
6693000 5
6694000 5
6695000 5
6696000 5
6697000 5
6698000 5
6699000 5
6700000 5
6701000 5
6702000 5
6703000 5
6704000 5
6705000 5
6706000 5
6707000 5
6708000 5
6709000 5
6710000 5
6711000 5
6712000 5
6713000 5
6714000 5
6715000 5
6716000 5
6717000 5
6718000 5
6719000 5
6720000 5
6721000 5
6722000 5
6723000 5
6724000 5
6725000 5
6726000 5
6727000 5
6728000 5
6729000 5
6730000 5
6731000 5
6732000 5
6733000 5
6734000 5
6735000 5
6736000 5
6737000 5
6738000 5
6739000 5
6740000 5
6741000 5
6742000 5
6743000 5
6744000 5
6745000 5
6746000 5
6747000 5
6748000 5
6749000 5
6750000 5
6751000 5
6752000 5
6753000 5
6754000 5
6755000 5
6756000 5
6757000 5
6758000 5
6759000 5
6760000 5
6761000 5
6762000 5
6763000 5
6764000 5
6765000 5
6766000 5
6767000 5
6768000 5
6769000 5
6770000 5
6771000 5
6772000 5
6773000 5
6774000 5
6775000 5
6776000 5
6777000 5
6778000 5
6779000 5
6780000 5
6781000 5
6782000 5
6783000 5
6784000 5
6785000 5
6786000 5
6787000 5
6788000 5
6789000 5
6790000 5
6791000 5
6792000 5
6793000 5
6794000 5
6795000 5
6796000 5
6797000 5
6798000 5
6799000 5
6800000 5
6801000 5
6802000 5
6803000 5
6804000 5
6805000 5
6806000 5
6807000 5
6808000 5
6809000 5
6810000 5
6811000 5
6812000 5
6813000 5
6814000 5
6815000 5
6816000 5
6817000 5
6818000 5
6819000 5
6820000 5
6821000 5
6822000 5
6823000 5
6824000 5
6825000 5
6826000 5
6827000 5
6828000 5
6829000 5
6830000 5
6831000 5
6832000 5
6833000 5
6834000 5
6835000 5
6836000 5
6837000 5
6838000 5
6839000 5
6840000 5
6841000 5
6842000 5
6843000 5
6844000 5
6845000 5
6846000 5
6847000 5
6848000 5
6849000 5
6850000 5
6851000 5
6852000 5
6853000 5
6854000 5
6855000 5
6856000 5
6857000 5
6858000 5
6859000 5
6860000 5
6861000 5
6862000 5
6863000 5
6864000 5
6865000 5
6866000 5
6867000 5
6868000 5
6869000 5
6870000 5
6871000 5
6872000 5
6873000 5
6874000 5
6875000 5
6876000 5
6877000 5
6878000 5
6879000 5
6880000 5
6881000 5
6882000 5
6883000 5
6884000 5
6885000 5
6886000 5
6887000 5
6888000 5
6889000 5
6890000 5
6891000 5
6892000 5
6893000 5
6894000 5
6895000 5
6896000 5
6897000 5
6898000 5
6899000 5
6900000 5
6901000 5
6902000 5
6903000 5
6904000 5
6905000 5
6906000 5
6907000 5
6908000 5
6909000 5
6910000 5
6911000 5
6912000 5
6913000 5
6914000 5
6915000 5
6916000 5
6917000 5
6918000 5
6919000 5
6920000 5
6921000 5
6922000 5
6923000 5
6924000 5
6925000 5
6926000 5
6927000 5
6928000 5
6929000 5
6930000 5
6931000 5
6932000 5
6933000 5
6934000 5
6935000 5
6936000 5
6937000 5
6938000 5
6939000 5
6940000 5
6941000 5
6942000 5
6943000 5
6944000 5
6945000 5
6946000 5
6947000 5
6948000 5
6949000 5
6950000 5
6951000 5
6952000 5
6953000 5
6954000 5
6955000 5
6956000 5
6957000 5
6958000 5
6959000 5
6960000 5
6961000 5
6962000 5
6963000 5
6964000 5
6965000 5
6966000 5
6967000 5
6968000 5
6969000 5
6970000 5
6971000 5
6972000 5
6973000 5
6974000 5
6975000 5
6976000 5
6977000 5
6978000 5
6979000 5
6980000 5
6981000 5
6982000 5
6983000 5
6984000 5
6985000 5
6986000 5
6987000 5
6988000 5
6989000 5
6990000 5
6991000 5
6992000 5
6993000 5
6994000 5
6995000 5
6996000 5
6997000 5
6998000 5
6999000 5
