# frame 	 heights
0 8
1000 8
2000 8
3000 8
4000 8
5000 8
6000 8
7000 8
8000 8
9000 8
10000 8
11000 8
12000 8
13000 8
14000 8
15000 8
16000 8
17000 8
18000 8
19000 8
20000 8
21000 8
22000 8
23000 8
24000 8
25000 8
26000 8
27000 8
28000 8
29000 8
30000 8
31000 8
32000 8
33000 8
34000 8
35000 8
36000 8
37000 8
38000 8
39000 8
40000 8
41000 8
42000 8
43000 8
44000 8
45000 8
46000 8
47000 8
48000 8
49000 8
50000 8
51000 8
52000 8
53000 8
54000 8
55000 8
56000 8
57000 8
58000 8
59000 8
60000 8
61000 8
62000 8
63000 8
64000 8
65000 8
66000 8
67000 8
68000 8
69000 8
70000 8
71000 8
72000 8
73000 8
74000 8
75000 8
76000 8
77000 8
78000 8
79000 8
80000 8
81000 8
82000 8
83000 8
84000 8
85000 8
86000 8
87000 8
88000 8
89000 8
90000 8
91000 8
92000 8
93000 8
94000 8
95000 8
96000 8
97000 8
98000 8
99000 8
100000 8
101000 8
102000 8
103000 8
104000 8
105000 8
106000 8
107000 8
108000 8
109000 8
110000 8
111000 8
112000 8
113000 8
114000 8
115000 8
116000 8
117000 8
118000 8
119000 8
120000 8
121000 8
122000 8
123000 8
124000 8
125000 8
126000 8
127000 8
128000 8
129000 8
130000 8
131000 8
132000 8
133000 8
134000 8
135000 8
136000 8
137000 8
138000 8
139000 8
140000 8
141000 8
142000 8
143000 8
144000 8
145000 8
146000 8
147000 8
148000 8
149000 8
150000 8
151000 8
152000 8
153000 8
154000 8
155000 8
156000 8
157000 8
158000 8
159000 8
160000 8
161000 8
162000 8
163000 8
164000 8
165000 8
166000 8
167000 8
168000 8
169000 8
170000 8
171000 8
172000 8
173000 8
174000 8
175000 8
176000 8
177000 8
178000 8
179000 8
180000 8
181000 8
182000 8
183000 8
184000 8
185000 8
186000 8
187000 8
188000 8
189000 8
190000 8
191000 8
192000 8
193000 8
194000 8
195000 8
196000 8
197000 8
198000 8
199000 8
200000 8
201000 8
202000 8
203000 8
204000 8
205000 8
206000 8
207000 8
208000 8
209000 8
210000 8
211000 8
212000 8
213000 8
214000 8
215000 8
216000 8
217000 8
218000 8
219000 8
220000 8
221000 8
222000 8
223000 8
224000 8
225000 8
226000 8
227000 8
228000 8
229000 8
230000 8
231000 8
232000 8
233000 8
234000 8
235000 8
236000 8
237000 8
238000 8
239000 8
240000 8
241000 8
242000 8
243000 8
244000 8
245000 8
246000 8
247000 8
248000 8
249000 8
250000 8
251000 8
252000 8
253000 8
254000 8
255000 8
256000 8
257000 8
258000 8
259000 8
260000 8
261000 8
262000 8
263000 8
264000 8
265000 8
266000 8
267000 8
268000 8
269000 8
270000 8
271000 8
272000 8
273000 8
274000 8
275000 8
276000 8
277000 8
278000 8
279000 8
280000 8
281000 8
282000 8
283000 8
284000 8
285000 8
286000 8
287000 8
288000 8
289000 8
290000 8
291000 8
292000 8
293000 8
294000 8
295000 8
296000 8
297000 8
298000 8
299000 8
300000 8
301000 8
302000 8
303000 8
304000 8
305000 8
306000 8
307000 8
308000 8
309000 8
310000 8
311000 8
312000 8
313000 8
314000 8
315000 8
316000 8
317000 8
318000 8
319000 8
320000 8
321000 8
322000 8
323000 8
324000 8
325000 8
326000 8
327000 8
328000 8
329000 8
330000 8
331000 8
332000 8
333000 8
334000 8
335000 8
336000 8
337000 8
338000 8
339000 8
340000 8
341000 8
342000 8
343000 8
344000 8
345000 8
346000 8
347000 8
348000 8
349000 8
350000 8
351000 8
352000 8
353000 8
354000 8
355000 8
356000 8
357000 8
358000 8
359000 8
360000 8
361000 8
362000 8
363000 8
364000 8
365000 8
366000 8
367000 8
368000 8
369000 8
370000 8
371000 8
372000 8
373000 8
374000 8
375000 8
376000 8
377000 8
378000 8
379000 8
380000 8
381000 8
382000 8
383000 8
384000 8
385000 8
386000 8
387000 8
388000 8
389000 8
390000 8
391000 8
392000 8
393000 8
394000 8
395000 8
396000 8
397000 8
398000 8
399000 8
400000 8
401000 8
402000 8
403000 8
404000 8
405000 8
406000 8
407000 8
408000 8
409000 8
410000 8
411000 8
412000 8
413000 8
414000 8
415000 8
416000 8
417000 8
418000 8
419000 8
420000 8
421000 8
422000 8
423000 8
424000 8
425000 8
426000 8
427000 8
428000 8
429000 8
430000 8
431000 8
432000 8
433000 8
434000 8
435000 8
436000 8
437000 8
438000 8
439000 8
440000 8
441000 8
442000 8
443000 8
444000 8
445000 8
446000 8
447000 8
448000 8
449000 8
450000 8
451000 8
452000 8
453000 8
454000 8
455000 8
456000 8
457000 8
458000 8
459000 8
460000 8
461000 8
462000 8
463000 8
464000 8
465000 8
466000 8
467000 8
468000 8
469000 8
470000 8
471000 8
472000 8
473000 8
474000 8
475000 8
476000 8
477000 8
478000 8
479000 8
480000 8
481000 8
482000 8
483000 8
484000 8
485000 8
486000 8
487000 8
488000 8
489000 8
490000 8
491000 8
492000 8
493000 8
494000 8
495000 8
496000 8
497000 8
498000 8
499000 8
500000 8
501000 8
502000 8
503000 8
504000 8
505000 8
506000 8
507000 8
508000 8
509000 8
510000 8
511000 8
512000 8
513000 8
514000 8
515000 8
516000 8
517000 8
518000 8
519000 8
520000 8
521000 8
522000 8
523000 8
524000 8
525000 8
526000 8
527000 8
528000 8
529000 8
530000 8
531000 8
532000 8
533000 8
534000 8
535000 8
536000 8
537000 8
538000 8
539000 8
540000 8
541000 8
542000 8
543000 8
544000 8
545000 8
546000 8
547000 8
548000 8
549000 8
550000 8
551000 8
552000 8
553000 8
554000 8
555000 8
556000 8
557000 8
558000 8
559000 8
560000 8
561000 8
562000 8
563000 8
564000 8
565000 8
566000 8
567000 8
568000 8
569000 8
570000 8
571000 8
572000 8
573000 8
574000 8
575000 8
576000 8
577000 8
578000 8
579000 8
580000 8
581000 8
582000 8
583000 8
584000 8
585000 8
586000 8
587000 8
588000 8
589000 8
590000 8
591000 8
592000 8
593000 8
594000 8
595000 8
596000 8
597000 8
598000 8
599000 8
600000 8
601000 8
602000 8
603000 8
604000 8
605000 8
606000 8
607000 8
608000 8
609000 8
610000 8
611000 8
612000 8
613000 8
614000 8
615000 8
616000 8
617000 8
618000 8
619000 8
620000 8
621000 8
622000 8
623000 8
624000 8
625000 8
626000 8
627000 8
628000 8
629000 8
630000 8
631000 8
632000 8
633000 8
634000 8
635000 8
636000 8
637000 8
638000 8
639000 8
640000 8
641000 8
642000 8
643000 8
644000 8
645000 8
646000 8
647000 8
648000 8
649000 8
650000 8
651000 8
652000 8
653000 8
654000 8
655000 8
656000 8
657000 8
658000 8
659000 8
660000 8
661000 8
662000 8
663000 8
664000 8
665000 8
666000 8
667000 8
668000 8
669000 8
670000 8
671000 8
672000 8
673000 8
674000 8
675000 8
676000 8
677000 8
678000 8
679000 8
680000 8
681000 8
682000 8
683000 8
684000 8
685000 8
686000 8
687000 8
688000 8
689000 8
690000 8
691000 8
692000 8
693000 8
694000 8
695000 8
696000 8
697000 8
698000 8
699000 8
700000 8
701000 8
702000 8
703000 8
704000 8
705000 8
706000 8
707000 8
708000 8
709000 8
710000 8
711000 8
712000 8
713000 8
714000 8
715000 8
716000 8
717000 8
718000 8
719000 8
720000 8
721000 8
722000 8
723000 8
724000 8
725000 8
726000 8
727000 8
728000 8
729000 8
730000 8
731000 8
732000 8
733000 8
734000 8
735000 8
736000 8
737000 8
738000 8
739000 8
740000 8
741000 8
742000 8
743000 8
744000 8
745000 8
746000 8
747000 8
748000 8
749000 8
750000 8
751000 8
752000 8
753000 8
754000 8
755000 8
756000 8
757000 8
758000 8
759000 8
760000 8
761000 8
762000 8
763000 8
764000 8
765000 8
766000 8
767000 8
768000 8
769000 8
770000 8
771000 8
772000 8
773000 8
774000 8
775000 8
776000 8
777000 8
778000 8
779000 8
780000 8
781000 8
782000 8
783000 8
784000 8
785000 8
786000 8
787000 8
788000 8
789000 8
790000 8
791000 8
792000 8
793000 8
794000 8
795000 8
796000 8
797000 8
798000 8
799000 8
800000 8
801000 8
802000 8
803000 8
804000 8
805000 8
806000 8
807000 8
808000 8
809000 8
810000 8
811000 8
812000 8
813000 8
814000 8
815000 8
816000 8
817000 8
818000 8
819000 8
820000 8
821000 8
822000 8
823000 8
824000 8
825000 8
826000 8
827000 8
828000 8
829000 8
830000 8
831000 8
832000 8
833000 8
834000 8
835000 8
836000 8
837000 8
838000 8
839000 8
840000 8
841000 8
842000 8
843000 8
844000 8
845000 8
846000 8
847000 8
848000 8
849000 8
850000 8
851000 8
852000 8
853000 8
854000 8
855000 8
856000 8
857000 8
858000 8
859000 8
860000 8
861000 8
862000 8
863000 8
864000 8
865000 8
866000 8
867000 8
868000 8
869000 8
870000 8
871000 8
872000 8
873000 8
874000 8
875000 8
876000 8
877000 8
878000 8
879000 8
880000 8
881000 8
882000 8
883000 8
884000 8
885000 8
886000 8
887000 8
888000 8
889000 8
890000 8
891000 8
892000 8
893000 8
894000 8
895000 8
896000 8
897000 8
898000 8
899000 8
900000 8
901000 8
902000 8
903000 8
904000 8
905000 8
906000 8
907000 8
908000 8
909000 8
910000 8
911000 8
912000 8
913000 8
914000 8
915000 8
916000 8
917000 8
918000 8
919000 8
920000 8
921000 8
922000 8
923000 8
924000 8
925000 8
926000 8
927000 8
928000 8
929000 8
930000 8
931000 8
932000 8
933000 8
934000 8
935000 8
936000 8
937000 8
938000 8
939000 8
940000 8
941000 8
942000 8
943000 8
944000 8
945000 8
946000 8
947000 8
948000 8
949000 8
950000 8
951000 8
952000 8
953000 8
954000 8
955000 8
956000 8
957000 8
958000 8
959000 8
960000 8
961000 8
962000 8
963000 8
964000 8
965000 8
966000 8
967000 8
968000 8
969000 8
970000 8
971000 8
972000 8
973000 8
974000 8
975000 8
976000 8
977000 8
978000 8
979000 8
980000 8
981000 8
982000 8
983000 8
984000 8
985000 8
986000 8
987000 8
988000 8
989000 8
990000 8
991000 8
992000 8
993000 8
994000 8
995000 8
996000 8
997000 8
998000 8
999000 8
1000000 8
1001000 8
1002000 8
1003000 8
1004000 8
1005000 8
1006000 8
1007000 8
1008000 8
1009000 8
1010000 8
1011000 8
1012000 8
1013000 8
1014000 8
1015000 8
1016000 8
1017000 8
1018000 8
1019000 8
1020000 8
1021000 8
1022000 8
1023000 8
1024000 8
1025000 8
1026000 8
1027000 8
1028000 8
1029000 8
1030000 8
1031000 8
1032000 8
1033000 8
1034000 8
1035000 8
1036000 8
1037000 8
1038000 8
1039000 8
1040000 8
1041000 8
1042000 8
1043000 8
1044000 8
1045000 8
1046000 8
1047000 8
1048000 8
1049000 8
1050000 8
1051000 8
1052000 8
1053000 8
1054000 8
1055000 8
1056000 8
1057000 8
1058000 8
1059000 8
1060000 8
1061000 8
1062000 8
1063000 8
1064000 8
1065000 8
1066000 8
1067000 8
1068000 8
1069000 8
1070000 8
1071000 8
1072000 8
1073000 8
1074000 8
1075000 8
1076000 8
1077000 8
1078000 8
1079000 8
1080000 8
1081000 8
1082000 8
1083000 8
1084000 8
1085000 8
1086000 8
1087000 8
1088000 8
1089000 8
1090000 8
1091000 8
1092000 8
1093000 8
1094000 8
1095000 8
1096000 8
1097000 8
1098000 8
1099000 8
1100000 8
1101000 8
1102000 8
1103000 8
1104000 8
1105000 8
1106000 8
1107000 8
1108000 8
1109000 8
1110000 8
1111000 8
1112000 8
1113000 8
1114000 8
1115000 8
1116000 8
1117000 8
1118000 8
1119000 8
1120000 8
1121000 8
1122000 8
1123000 8
1124000 8
1125000 8
1126000 8
1127000 8
1128000 8
1129000 8
1130000 8
1131000 8
1132000 8
1133000 8
1134000 8
1135000 8
1136000 8
1137000 8
1138000 8
1139000 8
1140000 8
1141000 8
1142000 8
1143000 8
1144000 8
1145000 8
1146000 8
1147000 8
1148000 8
1149000 8
1150000 8
1151000 8
1152000 8
1153000 8
1154000 8
1155000 8
1156000 8
1157000 8
1158000 8
1159000 8
1160000 8
1161000 8
1162000 8
1163000 8
1164000 8
1165000 8
1166000 8
1167000 8
1168000 8
1169000 8
1170000 8
1171000 8
1172000 8
1173000 8
1174000 8
1175000 8
1176000 8
1177000 8
1178000 8
1179000 8
1180000 8
1181000 8
1182000 8
1183000 8
1184000 8
1185000 8
1186000 8
1187000 8
1188000 8
1189000 8
1190000 8
1191000 8
1192000 8
1193000 8
1194000 8
1195000 8
1196000 8
1197000 8
1198000 8
1199000 8
1200000 8
1201000 8
1202000 8
1203000 8
1204000 8
1205000 8
1206000 8
1207000 8
1208000 8
1209000 8
1210000 8
1211000 8
1212000 8
1213000 8
1214000 8
1215000 8
1216000 8
1217000 8
1218000 8
1219000 8
1220000 8
1221000 8
1222000 8
1223000 8
1224000 8
1225000 8
1226000 8
1227000 8
1228000 8
1229000 8
1230000 8
1231000 8
1232000 8
1233000 8
1234000 8
1235000 8
1236000 8
1237000 8
1238000 8
1239000 8
1240000 8
1241000 8
1242000 8
1243000 8
1244000 8
1245000 8
1246000 8
1247000 8
1248000 8
1249000 8
1250000 8
1251000 8
1252000 8
1253000 8
1254000 8
1255000 8
1256000 8
1257000 8
1258000 8
1259000 8
1260000 8
1261000 8
1262000 8
1263000 8
1264000 8
1265000 8
1266000 8
1267000 8
1268000 8
1269000 8
1270000 8
1271000 8
1272000 8
1273000 8
1274000 8
1275000 8
1276000 8
1277000 8
1278000 8
1279000 8
1280000 8
1281000 8
1282000 8
1283000 8
1284000 8
1285000 8
1286000 8
1287000 8
1288000 8
1289000 8
1290000 8
1291000 8
1292000 8
1293000 8
1294000 8
1295000 8
1296000 8
1297000 8
1298000 8
1299000 8
1300000 8
1301000 8
1302000 8
1303000 8
1304000 8
1305000 8
1306000 8
1307000 8
1308000 8
1309000 8
1310000 8
1311000 8
1312000 8
1313000 8
1314000 8
1315000 8
1316000 8
1317000 8
1318000 8
1319000 8
1320000 8
1321000 8
1322000 8
1323000 8
1324000 8
1325000 8
1326000 8
1327000 8
1328000 8
1329000 8
1330000 8
1331000 8
1332000 8
1333000 8
1334000 8
1335000 8
1336000 8
1337000 8
1338000 8
1339000 8
1340000 8
1341000 8
1342000 8
1343000 8
1344000 8
1345000 8
1346000 8
1347000 8
1348000 8
1349000 8
1350000 8
1351000 8
1352000 8
1353000 8
1354000 8
1355000 8
1356000 8
1357000 8
1358000 8
1359000 8
1360000 8
1361000 8
1362000 8
1363000 8
1364000 8
1365000 8
1366000 8
1367000 8
1368000 8
1369000 8
1370000 8
1371000 8
1372000 8
1373000 8
1374000 8
1375000 8
1376000 8
1377000 8
1378000 8
1379000 8
1380000 8
1381000 8
1382000 8
1383000 8
1384000 8
1385000 8
1386000 8
1387000 8
1388000 8
1389000 8
1390000 8
1391000 8
1392000 8
1393000 8
1394000 8
1395000 8
1396000 8
1397000 8
1398000 8
1399000 8
1400000 8
1401000 8
1402000 8
1403000 8
1404000 8
1405000 8
1406000 8
1407000 8
1408000 8
1409000 8
1410000 8
1411000 8
1412000 8
1413000 8
1414000 8
1415000 8
1416000 8
1417000 8
1418000 8
1419000 8
1420000 8
1421000 8
1422000 8
1423000 8
1424000 8
1425000 8
1426000 8
1427000 8
1428000 8
1429000 8
1430000 8
1431000 8
1432000 8
1433000 8
1434000 8
1435000 8
1436000 8
1437000 8
1438000 8
1439000 8
1440000 8
1441000 8
1442000 8
1443000 8
1444000 8
1445000 8
1446000 8
1447000 8
1448000 8
1449000 8
1450000 8
1451000 8
1452000 8
1453000 8
1454000 8
1455000 8
1456000 8
1457000 8
1458000 8
1459000 8
1460000 8
1461000 8
1462000 8
1463000 8
1464000 8
1465000 8
1466000 8
1467000 8
1468000 8
1469000 8
1470000 8
1471000 8
1472000 8
1473000 8
1474000 8
1475000 8
1476000 8
1477000 8
1478000 8
1479000 8
1480000 8
1481000 8
1482000 8
1483000 8
1484000 8
1485000 8
1486000 8
1487000 8
1488000 8
1489000 8
1490000 8
1491000 8
1492000 8
1493000 8
1494000 8
1495000 8
1496000 8
1497000 8
1498000 8
1499000 8
1500000 8
1501000 8
1502000 8
1503000 8
1504000 8
1505000 8
1506000 8
1507000 8
1508000 8
1509000 8
1510000 8
1511000 8
1512000 8
1513000 8
1514000 8
1515000 8
1516000 8
1517000 8
1518000 8
1519000 8
1520000 8
1521000 8
1522000 8
1523000 8
1524000 8
1525000 8
1526000 8
1527000 8
1528000 8
1529000 8
1530000 8
1531000 8
1532000 8
1533000 8
1534000 8
1535000 8
1536000 8
1537000 8
1538000 8
1539000 8
1540000 8
1541000 8
1542000 8
1543000 8
1544000 8
1545000 8
1546000 8
1547000 8
1548000 8
1549000 8
1550000 8
1551000 8
1552000 8
1553000 8
1554000 8
1555000 8
1556000 8
1557000 8
1558000 8
1559000 8
1560000 8
1561000 8
1562000 8
1563000 8
1564000 8
1565000 8
1566000 8
1567000 8
1568000 8
1569000 8
1570000 8
1571000 8
1572000 8
1573000 8
1574000 8
1575000 8
1576000 8
1577000 8
1578000 8
1579000 8
1580000 8
1581000 8
1582000 8
1583000 8
1584000 8
1585000 8
1586000 8
1587000 8
1588000 8
1589000 8
1590000 8
1591000 8
1592000 8
1593000 8
1594000 8
1595000 8
1596000 8
1597000 8
1598000 8
1599000 8
1600000 8
1601000 8
1602000 8
1603000 8
1604000 8
1605000 8
1606000 8
1607000 8
1608000 8
1609000 8
1610000 8
1611000 8
1612000 8
1613000 8
1614000 8
1615000 8
1616000 8
1617000 8
1618000 8
1619000 8
1620000 8
1621000 8
1622000 8
1623000 8
1624000 8
1625000 8
1626000 8
1627000 8
1628000 8
1629000 8
1630000 8
1631000 8
1632000 8
1633000 8
1634000 8
1635000 8
1636000 8
1637000 8
1638000 8
1639000 8
1640000 8
1641000 8
1642000 8
1643000 8
1644000 8
1645000 8
1646000 8
1647000 8
1648000 8
1649000 8
1650000 8
1651000 8
1652000 8
1653000 8
1654000 8
1655000 8
1656000 8
1657000 8
1658000 8
1659000 8
1660000 8
1661000 8
1662000 8
1663000 8
1664000 8
1665000 8
1666000 8
1667000 8
1668000 8
1669000 8
1670000 8
1671000 8
1672000 8
1673000 8
1674000 8
1675000 8
1676000 8
1677000 8
1678000 8
1679000 8
1680000 8
1681000 8
1682000 8
1683000 8
1684000 8
1685000 8
1686000 8
1687000 8
1688000 8
1689000 8
1690000 8
1691000 8
1692000 8
1693000 8
1694000 8
1695000 8
1696000 8
1697000 8
1698000 8
1699000 8
1700000 8
1701000 8
1702000 8
1703000 8
1704000 8
1705000 8
1706000 8
1707000 8
1708000 8
1709000 8
1710000 8
1711000 8
1712000 8
1713000 8
1714000 8
1715000 8
1716000 8
1717000 8
1718000 8
1719000 8
1720000 8
1721000 8
1722000 8
1723000 8
1724000 8
1725000 8
1726000 8
1727000 8
1728000 8
1729000 8
1730000 8
1731000 8
1732000 8
1733000 8
1734000 8
1735000 8
1736000 8
1737000 8
1738000 8
1739000 8
1740000 8
1741000 8
1742000 8
1743000 8
1744000 8
1745000 8
1746000 8
1747000 8
1748000 8
1749000 8
1750000 8
1751000 8
1752000 8
1753000 8
1754000 8
1755000 8
1756000 8
1757000 8
1758000 8
1759000 8
1760000 8
1761000 8
1762000 8
1763000 8
1764000 8
1765000 8
1766000 8
1767000 8
1768000 8
1769000 8
1770000 8
1771000 8
1772000 8
1773000 8
1774000 8
1775000 8
1776000 8
1777000 8
1778000 8
1779000 8
1780000 8
1781000 8
1782000 8
1783000 8
1784000 8
1785000 8
1786000 8
1787000 8
1788000 8
1789000 8
1790000 8
1791000 8
1792000 8
1793000 8
1794000 8
1795000 8
1796000 8
1797000 8
1798000 8
1799000 8
1800000 8
1801000 8
1802000 8
1803000 8
1804000 8
1805000 8
1806000 8
1807000 8
1808000 8
1809000 8
1810000 8
1811000 8
1812000 8
1813000 8
1814000 8
1815000 8
1816000 8
1817000 8
1818000 8
1819000 8
1820000 8
1821000 8
1822000 8
1823000 8
1824000 8
1825000 8
1826000 8
1827000 8
1828000 8
1829000 8
1830000 8
1831000 8
1832000 8
1833000 8
1834000 8
1835000 8
1836000 8
1837000 8
1838000 8
1839000 8
1840000 8
1841000 8
1842000 8
1843000 8
1844000 8
1845000 8
1846000 8
1847000 8
1848000 8
1849000 8
1850000 8
1851000 8
1852000 8
1853000 8
1854000 8
1855000 8
1856000 8
1857000 8
1858000 8
1859000 8
1860000 8
1861000 8
1862000 8
1863000 8
1864000 8
1865000 8
1866000 8
1867000 8
1868000 8
1869000 8
1870000 8
1871000 8
1872000 8
1873000 8
1874000 8
1875000 8
1876000 8
1877000 8
1878000 8
1879000 8
1880000 8
1881000 8
1882000 8
1883000 8
1884000 8
1885000 8
1886000 8
1887000 8
1888000 8
1889000 8
1890000 8
1891000 8
1892000 8
1893000 8
1894000 8
1895000 8
1896000 8
1897000 8
1898000 8
1899000 8
1900000 8
1901000 8
1902000 8
1903000 8
1904000 8
1905000 8
1906000 8
1907000 8
1908000 8
1909000 8
1910000 8
1911000 8
1912000 8
1913000 8
1914000 8
1915000 8
1916000 8
1917000 8
1918000 8
1919000 8
1920000 8
1921000 8
1922000 8
1923000 8
1924000 8
1925000 8
1926000 8
1927000 8
1928000 8
1929000 8
1930000 8
1931000 8
1932000 8
1933000 8
1934000 8
1935000 8
1936000 8
1937000 8
1938000 8
1939000 8
1940000 8
1941000 8
1942000 8
1943000 8
1944000 8
1945000 8
1946000 8
1947000 8
1948000 8
1949000 8
1950000 8
1951000 8
1952000 8
1953000 8
1954000 8
1955000 8
1956000 8
1957000 8
1958000 8
1959000 8
1960000 8
1961000 8
1962000 8
1963000 8
1964000 8
1965000 8
1966000 8
1967000 8
1968000 8
1969000 8
1970000 8
1971000 8
1972000 8
1973000 8
1974000 8
1975000 8
1976000 8
1977000 8
1978000 8
1979000 8
1980000 8
1981000 8
1982000 8
1983000 8
1984000 8
1985000 8
1986000 8
1987000 8
1988000 8
1989000 8
1990000 8
1991000 8
1992000 8
1993000 8
1994000 8
1995000 8
1996000 8
1997000 8
1998000 8
1999000 8
2000000 8
2001000 8
2002000 8
2003000 8
2004000 8
2005000 8
2006000 8
2007000 8
2008000 8
2009000 8
2010000 8
2011000 8
2012000 8
2013000 8
2014000 8
2015000 8
2016000 8
2017000 8
2018000 8
2019000 8
2020000 8
2021000 8
2022000 8
2023000 8
2024000 8
2025000 8
2026000 8
2027000 8
2028000 8
2029000 8
2030000 8
2031000 8
2032000 8
2033000 8
2034000 8
2035000 8
2036000 8
2037000 8
2038000 8
2039000 8
2040000 8
2041000 8
2042000 8
2043000 8
2044000 8
2045000 8
2046000 8
2047000 8
2048000 8
2049000 8
2050000 8
2051000 8
2052000 8
2053000 8
2054000 8
2055000 8
2056000 8
2057000 8
2058000 8
2059000 8
2060000 8
2061000 8
2062000 8
2063000 8
2064000 8
2065000 8
2066000 8
2067000 8
2068000 8
2069000 8
2070000 8
2071000 8
2072000 8
2073000 8
2074000 8
2075000 8
2076000 8
2077000 8
2078000 8
2079000 8
2080000 8
2081000 8
2082000 8
2083000 8
2084000 8
2085000 8
2086000 8
2087000 8
2088000 8
2089000 8
2090000 8
2091000 8
2092000 8
2093000 8
2094000 8
2095000 8
2096000 8
2097000 8
2098000 8
2099000 8
2100000 8
2101000 8
2102000 8
2103000 8
2104000 8
2105000 8
2106000 8
2107000 8
2108000 8
2109000 8
2110000 8
2111000 8
2112000 8
2113000 8
2114000 8
2115000 8
2116000 8
2117000 8
2118000 8
2119000 8
2120000 8
2121000 8
2122000 8
2123000 8
2124000 8
2125000 8
2126000 8
2127000 8
2128000 8
2129000 8
2130000 8
2131000 8
2132000 8
2133000 8
2134000 8
2135000 8
2136000 8
2137000 8
2138000 8
2139000 8
2140000 8
2141000 8
2142000 8
2143000 8
2144000 8
2145000 8
2146000 8
2147000 8
2148000 8
2149000 8
2150000 8
2151000 8
2152000 8
2153000 8
2154000 8
2155000 8
2156000 8
2157000 8
2158000 8
2159000 8
2160000 8
2161000 8
2162000 8
2163000 8
2164000 8
2165000 8
2166000 8
2167000 8
2168000 8
2169000 8
2170000 8
2171000 8
2172000 8
2173000 8
2174000 8
2175000 8
2176000 8
2177000 8
2178000 8
2179000 8
2180000 8
2181000 8
2182000 8
2183000 8
2184000 8
2185000 8
2186000 8
2187000 8
2188000 8
2189000 8
2190000 8
2191000 8
2192000 8
2193000 8
2194000 8
2195000 8
2196000 8
2197000 8
2198000 8
2199000 8
2200000 8
2201000 8
2202000 8
2203000 8
2204000 8
2205000 8
2206000 8
2207000 8
2208000 8
2209000 8
2210000 8
2211000 8
2212000 8
2213000 8
2214000 8
2215000 8
2216000 8
2217000 8
2218000 8
2219000 8
2220000 8
2221000 8
2222000 8
2223000 8
2224000 8
2225000 8
2226000 8
2227000 8
2228000 8
2229000 8
2230000 8
2231000 8
2232000 8
2233000 8
2234000 8
2235000 8
2236000 8
2237000 8
2238000 8
2239000 8
2240000 8
2241000 8
2242000 8
2243000 8
2244000 8
2245000 8
2246000 8
2247000 8
2248000 8
2249000 8
2250000 8
2251000 8
2252000 8
2253000 8
2254000 8
2255000 8
2256000 8
2257000 8
2258000 8
2259000 8
2260000 8
2261000 8
2262000 8
2263000 8
2264000 8
2265000 8
2266000 8
2267000 8
2268000 8
2269000 8
2270000 8
2271000 8
2272000 8
2273000 8
2274000 8
2275000 8
2276000 8
2277000 8
2278000 8
2279000 8
2280000 8
2281000 8
2282000 8
2283000 8
2284000 8
2285000 8
2286000 8
2287000 8
2288000 8
2289000 8
2290000 8
2291000 8
2292000 8
2293000 8
2294000 8
2295000 8
2296000 8
2297000 8
2298000 8
2299000 8
2300000 8
2301000 8
2302000 8
2303000 8
2304000 8
2305000 8
2306000 8
2307000 8
2308000 8
2309000 8
2310000 8
2311000 8
2312000 8
2313000 8
2314000 8
2315000 8
2316000 8
2317000 8
2318000 8
2319000 8
2320000 8
2321000 8
2322000 8
2323000 8
2324000 8
2325000 8
2326000 8
2327000 8
2328000 8
2329000 8
2330000 8
2331000 8
2332000 8
2333000 8
2334000 8
2335000 8
2336000 8
2337000 8
2338000 8
2339000 8
2340000 8
2341000 8
2342000 8
2343000 8
2344000 8
2345000 8
2346000 8
2347000 8
2348000 8
2349000 8
2350000 8
2351000 8
2352000 8
2353000 8
2354000 8
2355000 8
2356000 8
2357000 8
2358000 8
2359000 8
2360000 8
2361000 8
2362000 8
2363000 8
2364000 8
2365000 8
2366000 8
2367000 8
2368000 8
2369000 8
2370000 8
2371000 8
2372000 8
2373000 8
2374000 8
2375000 8
2376000 8
2377000 8
2378000 8
2379000 8
2380000 8
2381000 8
2382000 8
2383000 8
2384000 8
2385000 8
2386000 8
2387000 8
2388000 8
2389000 8
2390000 8
2391000 8
2392000 8
2393000 8
2394000 8
2395000 8
2396000 8
2397000 8
2398000 8
2399000 8
2400000 8
2401000 8
2402000 8
2403000 8
2404000 8
2405000 8
2406000 8
2407000 8
2408000 8
2409000 8
2410000 8
2411000 8
2412000 8
2413000 8
2414000 8
2415000 8
2416000 8
2417000 8
2418000 8
2419000 8
2420000 8
2421000 8
2422000 8
2423000 8
2424000 8
2425000 8
2426000 8
2427000 8
2428000 8
2429000 8
2430000 8
2431000 8
2432000 8
2433000 8
2434000 8
2435000 8
2436000 8
2437000 8
2438000 8
2439000 8
2440000 8
2441000 8
2442000 8
2443000 8
2444000 8
2445000 8
2446000 8
2447000 8
2448000 8
2449000 8
2450000 8
2451000 8
2452000 8
2453000 8
2454000 8
2455000 8
2456000 8
2457000 8
2458000 8
2459000 8
2460000 8
2461000 8
2462000 8
2463000 8
2464000 8
2465000 8
2466000 8
2467000 8
2468000 8
2469000 8
2470000 8
2471000 8
2472000 8
2473000 8
2474000 8
2475000 8
2476000 8
2477000 8
2478000 8
2479000 8
2480000 8
2481000 8
2482000 8
2483000 8
2484000 8
2485000 8
2486000 8
2487000 8
2488000 8
2489000 8
2490000 8
2491000 8
2492000 8
2493000 8
2494000 8
2495000 8
2496000 8
2497000 8
2498000 8
2499000 8
2500000 8
2501000 8
2502000 8
2503000 8
2504000 8
2505000 8
2506000 8
2507000 8
2508000 8
2509000 8
2510000 8
2511000 8
2512000 8
2513000 8
2514000 8
2515000 8
2516000 8
2517000 8
2518000 8
2519000 8
2520000 8
2521000 8
2522000 8
2523000 8
2524000 8
2525000 8
2526000 8
2527000 8
2528000 8
2529000 8
2530000 8
2531000 8
2532000 8
2533000 8
2534000 8
2535000 8
2536000 8
2537000 8
2538000 8
2539000 8
2540000 8
2541000 8
2542000 8
2543000 8
2544000 8
2545000 8
2546000 8
2547000 8
2548000 8
2549000 8
2550000 8
2551000 8
2552000 8
2553000 8
2554000 8
2555000 8
2556000 8
2557000 8
2558000 8
2559000 8
2560000 8
2561000 8
2562000 8
2563000 8
2564000 8
2565000 8
2566000 8
2567000 8
2568000 8
2569000 8
2570000 8
2571000 8
2572000 8
2573000 8
2574000 8
2575000 8
2576000 8
2577000 8
2578000 8
2579000 8
2580000 8
2581000 8
2582000 8
2583000 8
2584000 8
2585000 8
2586000 8
2587000 8
2588000 8
2589000 8
2590000 8
2591000 8
2592000 8
2593000 8
2594000 8
2595000 8
2596000 8
2597000 8
2598000 8
2599000 8
2600000 8
2601000 8
2602000 8
2603000 8
2604000 8
2605000 8
2606000 8
2607000 8
2608000 8
2609000 8
2610000 8
2611000 8
2612000 8
2613000 8
2614000 8
2615000 8
2616000 8
2617000 8
2618000 8
2619000 8
2620000 8
2621000 8
2622000 8
2623000 8
2624000 8
2625000 8
2626000 8
2627000 8
2628000 8
2629000 8
2630000 8
2631000 8
2632000 8
2633000 8
2634000 8
2635000 8
2636000 8
2637000 8
2638000 8
2639000 8
2640000 8
2641000 8
2642000 8
2643000 8
2644000 8
2645000 8
2646000 8
2647000 8
2648000 8
2649000 8
2650000 8
2651000 8
2652000 8
2653000 8
2654000 8
2655000 8
2656000 8
2657000 8
2658000 8
2659000 8
2660000 8
2661000 8
2662000 8
2663000 8
2664000 8
2665000 8
2666000 8
2667000 8
2668000 8
2669000 8
2670000 8
2671000 8
2672000 8
2673000 8
2674000 8
2675000 8
2676000 8
2677000 8
2678000 8
2679000 8
2680000 8
2681000 8
2682000 8
2683000 8
2684000 8
2685000 8
2686000 8
2687000 8
2688000 8
2689000 8
2690000 8
2691000 8
2692000 8
2693000 8
2694000 8
2695000 8
2696000 8
2697000 8
2698000 8
2699000 8
2700000 8
2701000 8
2702000 8
2703000 8
2704000 8
2705000 8
2706000 8
2707000 8
2708000 8
2709000 8
2710000 8
2711000 8
2712000 8
2713000 8
2714000 8
2715000 8
2716000 8
2717000 8
2718000 8
2719000 8
2720000 8
2721000 8
2722000 8
2723000 8
2724000 8
2725000 8
2726000 8
2727000 8
2728000 8
2729000 8
2730000 8
2731000 8
2732000 8
2733000 8
2734000 8
2735000 8
2736000 8
2737000 8
2738000 8
2739000 8
2740000 8
2741000 8
2742000 8
2743000 8
2744000 8
2745000 8
2746000 8
2747000 8
2748000 8
2749000 8
2750000 8
2751000 8
2752000 8
2753000 8
2754000 8
2755000 8
2756000 8
2757000 8
2758000 8
2759000 8
2760000 8
2761000 8
2762000 8
2763000 8
2764000 8
2765000 8
2766000 8
2767000 8
2768000 8
2769000 8
2770000 8
2771000 8
2772000 8
2773000 8
2774000 8
2775000 8
2776000 8
2777000 8
2778000 8
2779000 8
2780000 8
2781000 8
2782000 8
2783000 8
2784000 8
2785000 8
2786000 8
2787000 8
2788000 8
2789000 8
2790000 8
2791000 8
2792000 8
2793000 8
2794000 8
2795000 8
2796000 8
2797000 8
2798000 8
2799000 8
2800000 8
2801000 8
2802000 8
2803000 8
2804000 8
2805000 8
2806000 8
2807000 8
2808000 8
2809000 8
2810000 8
2811000 8
2812000 8
2813000 8
2814000 8
2815000 8
2816000 8
2817000 8
2818000 8
2819000 8
2820000 8
2821000 8
2822000 8
2823000 8
2824000 8
2825000 8
2826000 8
2827000 8
2828000 8
2829000 8
2830000 8
2831000 8
2832000 8
2833000 8
2834000 8
2835000 8
2836000 8
2837000 8
2838000 8
2839000 8
2840000 8
2841000 8
2842000 8
2843000 8
2844000 8
2845000 8
2846000 8
2847000 8
2848000 8
2849000 8
2850000 8
2851000 8
2852000 8
2853000 8
2854000 8
2855000 8
2856000 8
2857000 8
2858000 8
2859000 8
2860000 8
2861000 8
2862000 8
2863000 8
2864000 8
2865000 8
2866000 8
2867000 8
2868000 8
2869000 8
2870000 8
2871000 8
2872000 8
2873000 8
2874000 8
2875000 8
2876000 8
2877000 8
2878000 8
2879000 8
2880000 8
2881000 8
2882000 8
2883000 8
2884000 8
2885000 8
2886000 8
2887000 8
2888000 8
2889000 8
2890000 8
2891000 8
2892000 8
2893000 8
2894000 8
2895000 8
2896000 8
2897000 8
2898000 8
2899000 8
2900000 8
2901000 8
2902000 8
2903000 8
2904000 8
2905000 8
2906000 8
2907000 8
2908000 8
2909000 8
2910000 8
2911000 8
2912000 8
2913000 8
2914000 8
2915000 8
2916000 8
2917000 8
2918000 8
2919000 8
2920000 8
2921000 8
2922000 8
2923000 8
2924000 8
2925000 8
2926000 8
2927000 8
2928000 8
2929000 8
2930000 8
2931000 8
2932000 8
2933000 8
2934000 8
2935000 8
2936000 8
2937000 8
2938000 8
2939000 8
2940000 8
2941000 8
2942000 8
2943000 8
2944000 8
2945000 8
2946000 8
2947000 8
2948000 8
2949000 8
2950000 8
2951000 8
2952000 8
2953000 8
2954000 8
2955000 8
2956000 8
2957000 8
2958000 8
2959000 8
2960000 8
2961000 8
2962000 8
2963000 8
2964000 8
2965000 8
2966000 8
2967000 8
2968000 8
2969000 8
2970000 8
2971000 8
2972000 8
2973000 8
2974000 8
2975000 8
2976000 8
2977000 8
2978000 8
2979000 8
2980000 8
2981000 8
2982000 8
2983000 8
2984000 8
2985000 8
2986000 8
2987000 8
2988000 8
2989000 8
2990000 8
2991000 8
2992000 8
2993000 8
2994000 8
2995000 8
2996000 8
2997000 8
2998000 8
2999000 8
3000000 8
3001000 8
3002000 8
3003000 8
3004000 8
3005000 8
3006000 8
3007000 8
3008000 8
3009000 8
3010000 8
3011000 8
3012000 8
3013000 8
3014000 8
3015000 8
3016000 8
3017000 8
3018000 8
3019000 8
3020000 8
3021000 8
3022000 8
3023000 8
3024000 8
3025000 8
3026000 8
3027000 8
3028000 8
3029000 8
3030000 8
3031000 8
3032000 8
3033000 8
3034000 8
3035000 8
3036000 8
3037000 8
3038000 8
3039000 8
3040000 8
3041000 8
3042000 8
3043000 8
3044000 8
3045000 8
3046000 8
3047000 8
3048000 8
3049000 8
3050000 8
3051000 8
3052000 8
3053000 8
3054000 8
3055000 8
3056000 8
3057000 8
3058000 8
3059000 8
3060000 8
3061000 8
3062000 8
3063000 8
3064000 8
3065000 8
3066000 8
3067000 8
3068000 8
3069000 8
3070000 8
3071000 8
3072000 8
3073000 8
3074000 8
3075000 8
3076000 8
3077000 8
3078000 8
3079000 8
3080000 8
3081000 8
3082000 8
3083000 8
3084000 8
3085000 8
3086000 8
3087000 8
3088000 8
3089000 8
3090000 8
3091000 8
3092000 8
3093000 8
3094000 8
3095000 8
3096000 8
3097000 8
3098000 8
3099000 8
3100000 8
3101000 8
3102000 8
3103000 8
3104000 8
3105000 8
3106000 8
3107000 8
3108000 8
3109000 8
3110000 8
3111000 8
3112000 8
3113000 8
3114000 8
3115000 8
3116000 8
3117000 8
3118000 8
3119000 8
3120000 8
3121000 8
3122000 8
3123000 8
3124000 8
3125000 8
3126000 8
3127000 8
3128000 8
3129000 8
3130000 8
3131000 8
3132000 8
3133000 8
3134000 8
3135000 8
3136000 8
3137000 8
3138000 8
3139000 8
3140000 8
3141000 8
3142000 8
3143000 8
3144000 8
3145000 8
3146000 8
3147000 8
3148000 8
3149000 8
3150000 8
3151000 8
3152000 8
3153000 8
3154000 8
3155000 8
3156000 8
3157000 8
3158000 8
3159000 8
3160000 8
3161000 8
3162000 8
3163000 8
3164000 8
3165000 8
3166000 8
3167000 8
3168000 8
3169000 8
3170000 8
3171000 8
3172000 8
3173000 8
3174000 8
3175000 8
3176000 8
3177000 8
3178000 8
3179000 8
3180000 8
3181000 8
3182000 8
3183000 8
3184000 8
3185000 8
3186000 8
3187000 8
3188000 8
3189000 8
3190000 8
3191000 8
3192000 8
3193000 8
3194000 8
3195000 8
3196000 8
3197000 8
3198000 8
3199000 8
3200000 8
3201000 8
3202000 8
3203000 8
3204000 8
3205000 8
3206000 8
3207000 8
3208000 8
3209000 8
3210000 8
3211000 8
3212000 8
3213000 8
3214000 8
3215000 8
3216000 8
3217000 8
3218000 8
3219000 8
3220000 8
3221000 8
3222000 8
3223000 8
3224000 8
3225000 8
3226000 8
3227000 8
3228000 8
3229000 8
3230000 8
3231000 8
3232000 8
3233000 8
3234000 8
3235000 8
3236000 8
3237000 8
3238000 8
3239000 8
3240000 8
3241000 8
3242000 8
3243000 8
3244000 8
3245000 8
3246000 8
3247000 8
3248000 8
3249000 8
3250000 8
3251000 8
3252000 8
3253000 8
3254000 8
3255000 8
3256000 8
3257000 8
3258000 8
3259000 8
3260000 8
3261000 8
3262000 8
3263000 8
3264000 8
3265000 8
3266000 8
3267000 8
3268000 8
3269000 8
3270000 8
3271000 8
3272000 8
3273000 8
3274000 8
3275000 8
3276000 8
3277000 8
3278000 8
3279000 8
3280000 8
3281000 8
3282000 8
3283000 8
3284000 8
3285000 8
3286000 8
3287000 8
3288000 8
3289000 8
3290000 8
3291000 8
3292000 8
3293000 8
3294000 8
3295000 8
3296000 8
3297000 8
3298000 8
3299000 8
3300000 8
3301000 8
3302000 8
3303000 8
3304000 8
3305000 8
3306000 8
3307000 8
3308000 8
3309000 8
3310000 8
3311000 8
3312000 8
3313000 8
3314000 8
3315000 8
3316000 8
3317000 8
3318000 8
3319000 8
3320000 8
3321000 8
3322000 8
3323000 8
3324000 8
3325000 8
3326000 8
3327000 8
3328000 8
3329000 8
3330000 8
3331000 8
3332000 8
3333000 8
3334000 8
3335000 8
3336000 8
3337000 8
3338000 8
3339000 8
3340000 8
3341000 8
3342000 8
3343000 8
3344000 8
3345000 8
3346000 8
3347000 8
3348000 8
3349000 8
3350000 8
3351000 8
3352000 8
3353000 8
3354000 8
3355000 8
3356000 8
3357000 8
3358000 8
3359000 8
3360000 8
3361000 8
3362000 8
3363000 8
3364000 8
3365000 8
3366000 8
3367000 8
3368000 8
3369000 8
3370000 8
3371000 8
3372000 8
3373000 8
3374000 8
3375000 8
3376000 8
3377000 8
3378000 8
3379000 8
3380000 8
3381000 8
3382000 8
3383000 8
3384000 8
3385000 8
3386000 8
3387000 8
3388000 8
3389000 8
3390000 8
3391000 8
3392000 8
3393000 8
3394000 8
3395000 8
3396000 8
3397000 8
3398000 8
3399000 8
3400000 8
3401000 8
3402000 8
3403000 8
3404000 8
3405000 8
3406000 8
3407000 8
3408000 8
3409000 8
3410000 8
3411000 8
3412000 8
3413000 8
3414000 8
3415000 8
3416000 8
3417000 8
3418000 8
3419000 8
3420000 8
3421000 8
3422000 8
3423000 8
3424000 8
3425000 8
3426000 8
3427000 8
3428000 8
3429000 8
3430000 8
3431000 8
3432000 8
3433000 8
3434000 8
3435000 8
3436000 8
3437000 8
3438000 8
3439000 8
3440000 8
3441000 8
3442000 8
3443000 8
3444000 8
3445000 8
3446000 8
3447000 8
3448000 8
3449000 8
3450000 8
3451000 8
3452000 8
3453000 8
3454000 8
3455000 8
3456000 8
3457000 8
3458000 8
3459000 8
3460000 8
3461000 8
3462000 8
3463000 8
3464000 8
3465000 8
3466000 8
3467000 8
3468000 8
3469000 8
3470000 8
3471000 8
3472000 8
3473000 8
3474000 8
3475000 8
3476000 8
3477000 8
3478000 8
3479000 8
3480000 8
3481000 8
3482000 8
3483000 8
3484000 8
3485000 8
3486000 8
3487000 8
3488000 8
3489000 8
3490000 8
3491000 8
3492000 8
3493000 8
3494000 8
3495000 8
3496000 8
3497000 8
3498000 8
3499000 8
3500000 8
3501000 8
3502000 8
3503000 8
3504000 8
3505000 8
3506000 8
3507000 8
3508000 8
3509000 8
3510000 8
3511000 8
3512000 8
3513000 8
3514000 8
3515000 8
3516000 8
3517000 8
3518000 8
3519000 8
3520000 8
3521000 8
3522000 8
3523000 8
3524000 8
3525000 8
3526000 8
3527000 8
3528000 8
3529000 8
3530000 8
3531000 8
3532000 8
3533000 8
3534000 8
3535000 8
3536000 8
3537000 8
3538000 8
3539000 8
3540000 8
3541000 8
3542000 8
3543000 8
3544000 8
3545000 8
3546000 8
3547000 8
3548000 8
3549000 8
3550000 8
3551000 8
3552000 8
3553000 8
3554000 8
3555000 8
3556000 8
3557000 8
3558000 8
3559000 8
3560000 8
3561000 8
3562000 8
3563000 8
3564000 8
3565000 8
3566000 8
3567000 8
3568000 8
3569000 8
3570000 8
3571000 8
3572000 8
3573000 8
3574000 8
3575000 8
3576000 8
3577000 8
3578000 8
3579000 8
3580000 8
3581000 8
3582000 8
3583000 8
3584000 8
3585000 8
3586000 8
3587000 8
3588000 8
3589000 8
3590000 8
3591000 8
3592000 8
3593000 8
3594000 8
3595000 8
3596000 8
3597000 8
3598000 8
3599000 8
3600000 8
3601000 8
3602000 8
3603000 8
3604000 8
3605000 8
3606000 8
3607000 8
3608000 8
3609000 8
3610000 8
3611000 8
3612000 8
3613000 8
3614000 8
3615000 8
3616000 8
3617000 8
3618000 8
3619000 8
3620000 8
3621000 8
3622000 8
3623000 8
3624000 8
3625000 8
3626000 8
3627000 8
3628000 8
3629000 8
3630000 8
3631000 8
3632000 8
3633000 8
3634000 8
3635000 8
3636000 8
3637000 8
3638000 8
3639000 8
3640000 8
3641000 8
3642000 8
3643000 8
3644000 8
3645000 8
3646000 8
3647000 8
3648000 8
3649000 8
3650000 8
3651000 8
3652000 8
3653000 8
3654000 8
3655000 8
3656000 8
3657000 8
3658000 8
3659000 8
3660000 8
3661000 8
3662000 8
3663000 8
3664000 8
3665000 8
3666000 8
3667000 8
3668000 8
3669000 8
3670000 8
3671000 8
3672000 8
3673000 8
3674000 8
3675000 8
3676000 8
3677000 8
3678000 8
3679000 8
3680000 8
3681000 8
3682000 8
3683000 8
3684000 8
3685000 8
3686000 8
3687000 8
3688000 8
3689000 8
3690000 8
3691000 8
3692000 8
3693000 8
3694000 8
3695000 8
3696000 8
3697000 8
3698000 8
3699000 8
3700000 8
3701000 8
3702000 8
3703000 8
3704000 8
3705000 8
3706000 8
3707000 8
3708000 8
3709000 8
3710000 8
3711000 8
3712000 8
3713000 8
3714000 8
3715000 8
3716000 8
3717000 8
3718000 8
3719000 8
3720000 8
3721000 8
3722000 8
3723000 8
3724000 8
3725000 8
3726000 8
3727000 8
3728000 8
3729000 8
3730000 8
3731000 8
3732000 8
3733000 8
3734000 8
3735000 8
3736000 8
3737000 8
3738000 8
3739000 8
3740000 8
3741000 8
3742000 8
3743000 8
3744000 8
3745000 8
3746000 8
3747000 8
3748000 8
3749000 8
3750000 8
3751000 8
3752000 8
3753000 8
3754000 8
3755000 8
3756000 8
3757000 8
3758000 8
3759000 8
3760000 8
3761000 8
3762000 8
3763000 8
3764000 8
3765000 8
3766000 8
3767000 8
3768000 8
3769000 8
3770000 8
3771000 8
3772000 8
3773000 8
3774000 8
3775000 8
3776000 8
3777000 8
3778000 8
3779000 8
3780000 8
3781000 8
3782000 8
3783000 8
3784000 8
3785000 8
3786000 8
3787000 8
3788000 8
3789000 8
3790000 8
3791000 8
3792000 8
3793000 8
3794000 8
3795000 8
3796000 8
3797000 8
3798000 8
3799000 8
3800000 8
3801000 8
3802000 8
3803000 8
3804000 8
3805000 8
3806000 8
3807000 8
3808000 8
3809000 8
3810000 8
3811000 8
3812000 8
3813000 8
3814000 8
3815000 8
3816000 8
3817000 8
3818000 8
3819000 8
3820000 8
3821000 8
3822000 8
3823000 8
3824000 8
3825000 8
3826000 8
3827000 8
3828000 8
3829000 8
3830000 8
3831000 8
3832000 8
3833000 8
3834000 8
3835000 8
3836000 8
3837000 8
3838000 8
3839000 8
3840000 8
3841000 8
3842000 8
3843000 8
3844000 8
3845000 8
3846000 8
3847000 8
3848000 8
3849000 8
3850000 8
3851000 8
3852000 8
3853000 8
3854000 8
3855000 8
3856000 8
3857000 8
3858000 8
3859000 8
3860000 8
3861000 8
3862000 8
3863000 8
3864000 8
3865000 8
3866000 8
3867000 8
3868000 8
3869000 8
3870000 8
3871000 8
3872000 8
3873000 8
3874000 8
3875000 8
3876000 8
3877000 8
3878000 8
3879000 8
3880000 8
3881000 8
3882000 8
3883000 8
3884000 8
3885000 8
3886000 8
3887000 8
3888000 8
3889000 8
3890000 8
3891000 8
3892000 8
3893000 8
3894000 8
3895000 8
3896000 8
3897000 8
3898000 8
3899000 8
3900000 8
3901000 8
3902000 8
3903000 8
3904000 8
3905000 8
3906000 8
3907000 8
3908000 8
3909000 8
3910000 8
3911000 8
3912000 8
3913000 8
3914000 8
3915000 8
3916000 8
3917000 8
3918000 8
3919000 8
3920000 8
3921000 8
3922000 8
3923000 8
3924000 8
3925000 8
3926000 8
3927000 8
3928000 8
3929000 8
3930000 8
3931000 8
3932000 8
3933000 8
3934000 8
3935000 8
3936000 8
3937000 8
3938000 8
3939000 8
3940000 8
3941000 8
3942000 8
3943000 8
3944000 8
3945000 8
3946000 8
3947000 8
3948000 8
3949000 8
3950000 8
3951000 8
3952000 8
3953000 8
3954000 8
3955000 8
3956000 8
3957000 8
3958000 8
3959000 8
3960000 8
3961000 8
3962000 8
3963000 8
3964000 8
3965000 8
3966000 8
3967000 8
3968000 8
3969000 8
3970000 8
3971000 8
3972000 8
3973000 8
3974000 8
3975000 8
3976000 8
3977000 8
3978000 8
3979000 8
3980000 8
3981000 8
3982000 8
3983000 8
3984000 8
3985000 8
3986000 8
3987000 8
3988000 8
3989000 8
3990000 8
3991000 8
3992000 8
3993000 8
3994000 8
3995000 8
3996000 8
3997000 8
3998000 8
3999000 8
4000000 8
4001000 8
4002000 8
4003000 8
4004000 8
4005000 8
4006000 8
4007000 8
4008000 8
4009000 8
4010000 8
4011000 8
4012000 8
4013000 8
4014000 8
4015000 8
4016000 8
4017000 8
4018000 8
4019000 8
4020000 8
4021000 8
4022000 8
4023000 8
4024000 8
4025000 8
4026000 8
4027000 8
4028000 8
4029000 8
4030000 8
4031000 8
4032000 8
4033000 8
4034000 8
4035000 8
4036000 8
4037000 8
4038000 8
4039000 8
4040000 8
4041000 8
4042000 8
4043000 8
4044000 8
4045000 8
4046000 8
4047000 8
4048000 8
4049000 8
4050000 8
4051000 8
4052000 8
4053000 8
4054000 8
4055000 8
4056000 8
4057000 8
4058000 8
4059000 8
4060000 8
4061000 8
4062000 8
4063000 8
4064000 8
4065000 8
4066000 8
4067000 8
4068000 8
4069000 8
4070000 8
4071000 8
4072000 8
4073000 8
4074000 8
4075000 8
4076000 8
4077000 8
4078000 8
4079000 8
4080000 8
4081000 8
4082000 8
4083000 8
4084000 8
4085000 8
4086000 8
4087000 8
4088000 8
4089000 8
4090000 8
4091000 8
4092000 8
4093000 8
4094000 8
4095000 8
4096000 8
4097000 8
4098000 8
4099000 8
4100000 8
4101000 8
4102000 8
4103000 8
4104000 8
4105000 8
4106000 8
4107000 8
4108000 8
4109000 8
4110000 8
4111000 8
4112000 8
4113000 8
4114000 8
4115000 8
4116000 8
4117000 8
4118000 8
4119000 8
4120000 8
4121000 8
4122000 8
4123000 8
4124000 8
4125000 8
4126000 8
4127000 8
4128000 8
4129000 8
4130000 8
4131000 8
4132000 8
4133000 8
4134000 8
4135000 8
4136000 8
4137000 8
4138000 8
4139000 8
4140000 8
4141000 8
4142000 8
4143000 8
4144000 8
4145000 8
4146000 8
4147000 8
4148000 8
4149000 8
4150000 8
4151000 8
4152000 8
4153000 8
4154000 8
4155000 8
4156000 8
4157000 8
4158000 8
4159000 8
4160000 8
4161000 8
4162000 8
4163000 8
4164000 8
4165000 8
4166000 8
4167000 8
4168000 8
4169000 8
4170000 8
4171000 8
4172000 8
4173000 8
4174000 8
4175000 8
4176000 8
4177000 8
4178000 8
4179000 8
4180000 8
4181000 8
4182000 8
4183000 8
4184000 8
4185000 8
4186000 8
4187000 8
4188000 8
4189000 8
4190000 8
4191000 8
4192000 8
4193000 8
4194000 8
4195000 8
4196000 8
4197000 8
4198000 8
4199000 8
4200000 8
4201000 8
4202000 8
4203000 8
4204000 8
4205000 8
4206000 8
4207000 8
4208000 8
4209000 8
4210000 8
4211000 8
4212000 8
4213000 8
4214000 8
4215000 8
4216000 8
4217000 8
4218000 8
4219000 8
4220000 8
4221000 8
4222000 8
4223000 8
4224000 8
4225000 8
4226000 8
4227000 8
4228000 8
4229000 8
4230000 8
4231000 8
4232000 8
4233000 8
4234000 8
4235000 8
4236000 8
4237000 8
4238000 8
4239000 8
4240000 8
4241000 8
4242000 8
4243000 8
4244000 8
4245000 8
4246000 8
4247000 8
4248000 8
4249000 8
4250000 8
4251000 8
4252000 8
4253000 8
4254000 8
4255000 8
4256000 8
4257000 8
4258000 8
4259000 8
4260000 8
4261000 8
4262000 8
4263000 8
4264000 8
4265000 8
4266000 8
4267000 8
4268000 8
4269000 8
4270000 8
4271000 8
4272000 8
4273000 8
4274000 8
4275000 8
4276000 8
4277000 8
4278000 8
4279000 8
4280000 8
4281000 8
4282000 8
4283000 8
4284000 8
4285000 8
4286000 8
4287000 8
4288000 8
4289000 8
4290000 8
4291000 8
4292000 8
4293000 8
4294000 8
4295000 8
4296000 8
4297000 8
4298000 8
4299000 8
4300000 8
4301000 8
4302000 8
4303000 8
4304000 8
4305000 8
4306000 8
4307000 8
4308000 8
4309000 8
4310000 8
4311000 8
4312000 8
4313000 8
4314000 8
4315000 8
4316000 8
4317000 8
4318000 8
4319000 8
4320000 8
4321000 8
4322000 8
4323000 8
4324000 8
4325000 8
4326000 8
4327000 8
4328000 8
4329000 8
4330000 8
4331000 8
4332000 8
4333000 8
4334000 8
4335000 8
4336000 8
4337000 8
4338000 8
4339000 8
4340000 8
4341000 8
4342000 8
4343000 8
4344000 8
4345000 8
4346000 8
4347000 8
4348000 8
4349000 8
4350000 8
4351000 8
4352000 8
4353000 8
4354000 8
4355000 8
4356000 8
4357000 8
4358000 8
4359000 8
4360000 8
4361000 8
4362000 8
4363000 8
4364000 8
4365000 8
4366000 8
4367000 8
4368000 8
4369000 8
4370000 8
4371000 8
4372000 8
4373000 8
4374000 8
4375000 8
4376000 8
4377000 8
4378000 8
4379000 8
4380000 8
4381000 8
4382000 8
4383000 8
4384000 8
4385000 8
4386000 8
4387000 8
4388000 8
4389000 8
4390000 8
4391000 8
4392000 8
4393000 8
4394000 8
4395000 8
4396000 8
4397000 8
4398000 8
4399000 8
4400000 8
4401000 8
4402000 8
4403000 8
4404000 8
4405000 8
4406000 8
4407000 8
4408000 8
4409000 8
4410000 8
4411000 8
4412000 8
4413000 8
4414000 8
4415000 8
4416000 8
4417000 8
4418000 8
4419000 8
4420000 8
4421000 8
4422000 8
4423000 8
4424000 8
4425000 8
4426000 8
4427000 8
4428000 8
4429000 8
4430000 8
4431000 8
4432000 8
4433000 8
4434000 8
4435000 8
4436000 8
4437000 8
4438000 8
4439000 8
4440000 8
4441000 8
4442000 8
4443000 8
4444000 8
4445000 8
4446000 8
4447000 8
4448000 8
4449000 8
4450000 8
4451000 8
4452000 8
4453000 8
4454000 8
4455000 8
4456000 8
4457000 8
4458000 8
4459000 8
4460000 8
4461000 8
4462000 8
4463000 8
4464000 8
4465000 8
4466000 8
4467000 8
4468000 8
4469000 8
4470000 8
4471000 8
4472000 8
4473000 8
4474000 8
4475000 8
4476000 8
4477000 8
4478000 8
4479000 8
4480000 8
4481000 8
4482000 8
4483000 8
4484000 8
4485000 8
4486000 8
4487000 8
4488000 8
4489000 8
4490000 8
4491000 8
4492000 8
4493000 8
4494000 8
4495000 8
4496000 8
4497000 8
4498000 8
4499000 8
4500000 8
4501000 8
4502000 8
4503000 8
4504000 8
4505000 8
4506000 8
4507000 8
4508000 8
4509000 8
4510000 8
4511000 8
4512000 8
4513000 8
4514000 8
4515000 8
4516000 8
4517000 8
4518000 8
4519000 8
4520000 8
4521000 8
4522000 8
4523000 8
4524000 8
4525000 8
4526000 8
4527000 8
4528000 8
4529000 8
4530000 8
4531000 8
4532000 8
4533000 8
4534000 8
4535000 8
4536000 8
4537000 8
4538000 8
4539000 8
4540000 8
4541000 8
4542000 8
4543000 8
4544000 8
4545000 8
4546000 8
4547000 8
4548000 8
4549000 8
4550000 8
4551000 8
4552000 8
4553000 8
4554000 8
4555000 8
4556000 8
4557000 8
4558000 8
4559000 8
4560000 8
4561000 8
4562000 8
4563000 8
4564000 8
4565000 8
4566000 8
4567000 8
4568000 8
4569000 8
4570000 8
4571000 8
4572000 8
4573000 8
4574000 8
4575000 8
4576000 8
4577000 8
4578000 8
4579000 8
4580000 8
4581000 8
4582000 8
4583000 8
4584000 8
4585000 8
4586000 8
4587000 8
4588000 8
4589000 8
4590000 8
4591000 8
4592000 8
4593000 8
4594000 8
4595000 8
4596000 8
4597000 8
4598000 8
4599000 8
4600000 8
4601000 8
4602000 8
4603000 8
4604000 8
4605000 8
4606000 8
4607000 8
4608000 8
4609000 8
4610000 8
4611000 8
4612000 8
4613000 8
4614000 8
4615000 8
4616000 8
4617000 8
4618000 8
4619000 8
4620000 8
4621000 8
4622000 8
4623000 8
4624000 8
4625000 8
4626000 8
4627000 8
4628000 8
4629000 8
4630000 8
4631000 8
4632000 8
4633000 8
4634000 8
4635000 8
4636000 8
4637000 8
4638000 8
4639000 8
4640000 8
4641000 8
4642000 8
4643000 8
4644000 8
4645000 8
4646000 8
4647000 8
4648000 8
4649000 8
4650000 8
4651000 8
4652000 8
4653000 8
4654000 8
4655000 8
4656000 8
4657000 8
4658000 8
4659000 8
4660000 8
4661000 8
4662000 8
4663000 8
4664000 8
4665000 8
4666000 8
4667000 8
4668000 8
4669000 8
4670000 8
4671000 8
4672000 8
4673000 8
4674000 8
4675000 8
4676000 8
4677000 8
4678000 8
4679000 8
4680000 8
4681000 8
4682000 8
4683000 8
4684000 8
4685000 8
4686000 8
4687000 8
4688000 8
4689000 8
4690000 8
4691000 8
4692000 8
4693000 8
4694000 8
4695000 8
4696000 8
4697000 8
4698000 8
4699000 8
4700000 8
4701000 8
4702000 8
4703000 8
4704000 8
4705000 8
4706000 8
4707000 8
4708000 8
4709000 8
4710000 8
4711000 8
4712000 8
4713000 8
4714000 8
4715000 8
4716000 8
4717000 8
4718000 8
4719000 8
4720000 8
4721000 8
4722000 8
4723000 8
4724000 8
4725000 8
4726000 8
4727000 8
4728000 8
4729000 8
4730000 8
4731000 8
4732000 8
4733000 8
4734000 8
4735000 8
4736000 8
4737000 8
4738000 8
4739000 8
4740000 8
4741000 8
4742000 8
4743000 8
4744000 8
4745000 8
4746000 8
4747000 8
4748000 8
4749000 8
4750000 8
4751000 8
4752000 8
4753000 8
4754000 8
4755000 8
4756000 8
4757000 8
4758000 8
4759000 8
4760000 8
4761000 8
4762000 8
4763000 8
4764000 8
4765000 8
4766000 8
4767000 8
4768000 8
4769000 8
4770000 8
4771000 8
4772000 8
4773000 8
4774000 8
4775000 8
4776000 8
4777000 8
4778000 8
4779000 8
4780000 8
4781000 8
4782000 8
4783000 8
4784000 8
4785000 8
4786000 8
4787000 8
4788000 8
4789000 8
4790000 8
4791000 8
4792000 8
4793000 8
4794000 8
4795000 8
4796000 8
4797000 8
4798000 8
4799000 8
4800000 8
4801000 8
4802000 8
4803000 8
4804000 8
4805000 8
4806000 8
4807000 8
4808000 8
4809000 8
4810000 8
4811000 8
4812000 8
4813000 8
4814000 8
4815000 8
4816000 8
4817000 8
4818000 8
4819000 8
4820000 8
4821000 8
4822000 8
4823000 8
4824000 8
4825000 8
4826000 8
4827000 8
4828000 8
4829000 8
4830000 8
4831000 8
4832000 8
4833000 8
4834000 8
4835000 8
4836000 8
4837000 8
4838000 8
4839000 8
4840000 8
4841000 8
4842000 8
4843000 8
4844000 8
4845000 8
4846000 8
4847000 8
4848000 8
4849000 8
4850000 8
4851000 8
4852000 8
4853000 8
4854000 8
4855000 8
4856000 8
4857000 8
4858000 8
4859000 8
4860000 8
4861000 8
4862000 8
4863000 8
4864000 8
4865000 8
4866000 8
4867000 8
4868000 8
4869000 8
4870000 8
4871000 8
4872000 8
4873000 8
4874000 8
4875000 8
4876000 8
4877000 8
4878000 8
4879000 8
4880000 8
4881000 8
4882000 8
4883000 8
4884000 8
4885000 8
4886000 8
4887000 8
4888000 8
4889000 8
4890000 8
4891000 8
4892000 8
4893000 8
4894000 8
4895000 8
4896000 8
4897000 8
4898000 8
4899000 8
4900000 8
4901000 8
4902000 8
4903000 8
4904000 8
4905000 8
4906000 8
4907000 8
4908000 8
4909000 8
4910000 8
4911000 8
4912000 8
4913000 8
4914000 8
4915000 8
4916000 8
4917000 8
4918000 8
4919000 8
4920000 8
4921000 8
4922000 8
4923000 8
4924000 8
4925000 8
4926000 8
4927000 8
4928000 8
4929000 8
4930000 8
4931000 8
4932000 8
4933000 8
4934000 8
4935000 8
4936000 8
4937000 8
4938000 8
4939000 8
4940000 8
4941000 8
4942000 8
4943000 8
4944000 8
4945000 8
4946000 8
4947000 8
4948000 8
4949000 8
4950000 8
4951000 8
4952000 8
4953000 8
4954000 8
4955000 8
4956000 8
4957000 8
4958000 8
4959000 8
4960000 8
4961000 8
4962000 8
4963000 8
4964000 8
4965000 8
4966000 8
4967000 8
4968000 8
4969000 8
4970000 8
4971000 8
4972000 8
4973000 8
4974000 8
4975000 8
4976000 8
4977000 8
4978000 8
4979000 8
4980000 8
4981000 8
4982000 8
4983000 8
4984000 8
4985000 8
4986000 8
4987000 8
4988000 8
4989000 8
4990000 8
4991000 8
4992000 8
4993000 8
4994000 8
4995000 8
4996000 8
4997000 8
4998000 8
4999000 8
5000000 8
5001000 8
5002000 8
5003000 8
5004000 8
5005000 8
5006000 8
5007000 8
5008000 8
5009000 8
5010000 8
5011000 8
5012000 8
5013000 8
5014000 8
5015000 8
5016000 8
5017000 8
5018000 8
5019000 8
5020000 8
5021000 8
5022000 8
5023000 8
5024000 8
5025000 8
5026000 8
5027000 8
5028000 8
5029000 8
5030000 8
5031000 8
5032000 8
5033000 8
5034000 8
5035000 8
5036000 8
5037000 8
5038000 8
5039000 8
5040000 8
5041000 8
5042000 8
5043000 8
5044000 8
5045000 8
5046000 8
5047000 8
5048000 8
5049000 8
5050000 8
5051000 8
5052000 8
5053000 8
5054000 8
5055000 8
5056000 8
5057000 8
5058000 8
5059000 8
5060000 8
5061000 8
5062000 8
5063000 8
5064000 8
5065000 8
5066000 8
5067000 8
5068000 8
5069000 8
5070000 8
5071000 8
5072000 8
5073000 8
5074000 8
5075000 8
5076000 8
5077000 8
5078000 8
5079000 8
5080000 8
5081000 8
5082000 8
5083000 8
5084000 8
5085000 8
5086000 8
5087000 8
5088000 8
5089000 8
5090000 8
5091000 8
5092000 8
5093000 8
5094000 8
5095000 8
5096000 8
5097000 8
5098000 8
5099000 8
5100000 8
5101000 8
5102000 8
5103000 8
5104000 8
5105000 8
5106000 8
5107000 8
5108000 8
5109000 8
5110000 8
5111000 8
5112000 8
5113000 8
5114000 8
5115000 8
5116000 8
5117000 8
5118000 8
5119000 8
5120000 8
5121000 8
5122000 8
5123000 8
5124000 8
5125000 8
5126000 8
5127000 8
5128000 8
5129000 8
5130000 8
5131000 8
5132000 8
5133000 8
5134000 8
5135000 8
5136000 8
5137000 8
5138000 8
5139000 8
5140000 8
5141000 8
5142000 8
5143000 8
5144000 8
5145000 8
5146000 8
5147000 8
5148000 8
5149000 8
5150000 8
5151000 8
5152000 8
5153000 8
5154000 8
5155000 8
5156000 8
5157000 8
5158000 8
5159000 8
5160000 8
5161000 8
5162000 8
5163000 8
5164000 8
5165000 8
5166000 8
5167000 8
5168000 8
5169000 8
5170000 8
5171000 8
5172000 8
5173000 8
5174000 8
5175000 8
5176000 8
5177000 8
5178000 8
5179000 8
5180000 8
5181000 8
5182000 8
5183000 8
5184000 8
5185000 8
5186000 8
5187000 8
5188000 8
5189000 8
5190000 8
5191000 8
5192000 8
5193000 8
5194000 8
5195000 8
5196000 8
5197000 8
5198000 8
5199000 8
5200000 8
5201000 8
5202000 8
5203000 8
5204000 8
5205000 8
5206000 8
5207000 8
5208000 8
5209000 8
5210000 8
5211000 8
5212000 8
5213000 8
5214000 8
5215000 8
5216000 8
5217000 8
5218000 8
5219000 8
5220000 8
5221000 8
5222000 8
5223000 8
5224000 8
5225000 8
5226000 8
5227000 8
5228000 8
5229000 8
5230000 8
5231000 8
5232000 8
5233000 8
5234000 8
5235000 8
5236000 8
5237000 8
5238000 8
5239000 8
5240000 8
5241000 8
5242000 8
5243000 8
5244000 8
5245000 8
5246000 8
5247000 8
5248000 8
5249000 8
5250000 8
5251000 8
5252000 8
5253000 8
5254000 8
5255000 8
5256000 8
5257000 8
5258000 8
5259000 8
5260000 8
5261000 8
5262000 8
5263000 8
5264000 8
5265000 8
5266000 8
5267000 8
5268000 8
5269000 8
5270000 8
5271000 8
5272000 8
5273000 8
5274000 8
5275000 8
5276000 8
5277000 8
5278000 8
5279000 8
5280000 8
5281000 8
5282000 8
5283000 8
5284000 8
5285000 8
5286000 8
5287000 8
5288000 8
5289000 8
5290000 8
5291000 8
5292000 8
5293000 8
5294000 8
5295000 8
5296000 8
5297000 8
5298000 8
5299000 8
5300000 8
5301000 8
5302000 8
5303000 8
5304000 8
5305000 8
5306000 8
5307000 8
5308000 8
5309000 8
5310000 8
5311000 8
5312000 8
5313000 8
5314000 8
5315000 8
5316000 8
5317000 8
5318000 8
5319000 8
5320000 8
5321000 8
5322000 8
5323000 8
5324000 8
5325000 8
5326000 8
5327000 8
5328000 8
5329000 8
5330000 8
5331000 8
5332000 8
5333000 8
5334000 8
5335000 8
5336000 8
5337000 8
5338000 8
5339000 8
5340000 8
5341000 8
5342000 8
5343000 8
5344000 8
5345000 8
5346000 8
5347000 8
5348000 8
5349000 8
5350000 8
5351000 8
5352000 8
5353000 8
5354000 8
5355000 8
5356000 8
5357000 8
5358000 8
5359000 8
5360000 8
5361000 8
5362000 8
5363000 8
5364000 8
5365000 8
5366000 8
5367000 8
5368000 8
5369000 8
5370000 8
5371000 8
5372000 8
5373000 8
5374000 8
5375000 8
5376000 8
5377000 8
5378000 8
5379000 8
5380000 8
5381000 8
5382000 8
5383000 8
5384000 8
5385000 8
5386000 8
5387000 8
5388000 8
5389000 8
5390000 8
5391000 8
5392000 8
5393000 8
5394000 8
5395000 8
5396000 8
5397000 8
5398000 8
5399000 8
5400000 8
5401000 8
5402000 8
5403000 8
5404000 8
5405000 8
5406000 8
5407000 8
5408000 8
5409000 8
5410000 8
5411000 8
5412000 8
5413000 8
5414000 8
5415000 8
5416000 8
5417000 8
5418000 8
5419000 8
5420000 8
5421000 8
5422000 8
5423000 8
5424000 8
5425000 8
5426000 8
5427000 8
5428000 8
5429000 8
5430000 8
5431000 8
5432000 8
5433000 8
5434000 8
5435000 8
5436000 8
5437000 8
5438000 8
5439000 8
5440000 8
5441000 8
5442000 8
5443000 8
5444000 8
5445000 8
5446000 8
5447000 8
5448000 8
5449000 8
5450000 8
5451000 8
5452000 8
5453000 8
5454000 8
5455000 8
5456000 8
5457000 8
5458000 8
5459000 8
5460000 8
5461000 8
5462000 8
5463000 8
5464000 8
5465000 8
5466000 8
5467000 8
5468000 8
5469000 8
5470000 8
5471000 8
5472000 8
5473000 8
5474000 8
5475000 8
5476000 8
5477000 8
5478000 8
5479000 8
5480000 8
5481000 8
5482000 8
5483000 8
5484000 8
5485000 8
5486000 8
5487000 8
5488000 8
5489000 8
5490000 8
5491000 8
5492000 8
5493000 8
5494000 8
5495000 8
5496000 8
5497000 8
5498000 8
5499000 8
5500000 8
5501000 8
5502000 8
5503000 8
5504000 8
5505000 8
5506000 8
5507000 8
5508000 8
5509000 8
5510000 8
5511000 8
5512000 8
5513000 8
5514000 8
5515000 8
5516000 8
5517000 8
5518000 8
5519000 8
5520000 8
5521000 8
5522000 8
5523000 8
5524000 8
5525000 8
5526000 8
5527000 8
5528000 8
5529000 8
5530000 8
5531000 8
5532000 8
5533000 8
5534000 8
5535000 8
5536000 8
5537000 8
5538000 8
5539000 8
5540000 8
5541000 8
5542000 8
5543000 8
5544000 8
5545000 8
5546000 8
5547000 8
5548000 8
5549000 8
5550000 8
5551000 8
5552000 8
5553000 8
5554000 8
5555000 8
5556000 8
5557000 8
5558000 8
5559000 8
5560000 8
5561000 8
5562000 8
5563000 8
5564000 8
5565000 8
5566000 8
5567000 8
5568000 8
5569000 8
5570000 8
5571000 8
5572000 8
5573000 8
5574000 8
5575000 8
5576000 8
5577000 8
5578000 8
5579000 8
5580000 8
5581000 8
5582000 8
5583000 8
5584000 8
5585000 8
5586000 8
5587000 8
5588000 8
5589000 8
5590000 8
5591000 8
5592000 8
5593000 8
5594000 8
5595000 8
5596000 8
5597000 8
5598000 8
5599000 8
5600000 8
5601000 8
5602000 8
5603000 8
5604000 8
5605000 8
5606000 8
5607000 8
5608000 8
5609000 8
5610000 8
5611000 8
5612000 8
5613000 8
5614000 8
5615000 8
5616000 8
5617000 8
5618000 8
5619000 8
5620000 8
5621000 8
5622000 8
5623000 8
5624000 8
5625000 8
5626000 8
5627000 8
5628000 8
5629000 8
5630000 8
5631000 8
5632000 8
5633000 8
5634000 8
5635000 8
5636000 8
5637000 8
5638000 8
5639000 8
5640000 8
5641000 8
5642000 8
5643000 8
5644000 8
5645000 8
5646000 8
5647000 8
5648000 8
5649000 8
5650000 8
5651000 8
5652000 8
5653000 8
5654000 8
5655000 8
5656000 8
5657000 8
5658000 8
5659000 8
5660000 8
5661000 8
5662000 8
5663000 8
5664000 8
5665000 8
5666000 8
5667000 8
5668000 8
5669000 8
5670000 8
5671000 8
5672000 8
5673000 8
5674000 8
5675000 8
5676000 8
5677000 8
5678000 8
5679000 8
5680000 8
5681000 8
5682000 8
5683000 8
5684000 8
5685000 8
5686000 8
5687000 8
5688000 8
5689000 8
5690000 8
5691000 8
5692000 8
5693000 8
5694000 8
5695000 8
5696000 8
5697000 8
5698000 8
5699000 8
5700000 8
5701000 8
5702000 8
5703000 8
5704000 8
5705000 8
5706000 8
5707000 8
5708000 8
5709000 8
5710000 8
5711000 8
5712000 8
5713000 8
5714000 8
5715000 8
5716000 8
5717000 8
5718000 8
5719000 8
5720000 8
5721000 8
5722000 8
5723000 8
5724000 8
5725000 8
5726000 8
5727000 8
5728000 8
5729000 8
5730000 8
5731000 8
5732000 8
5733000 8
5734000 8
5735000 8
5736000 8
5737000 8
5738000 8
5739000 8
5740000 8
5741000 8
5742000 8
5743000 8
5744000 8
5745000 8
5746000 8
5747000 8
5748000 8
5749000 8
5750000 8
5751000 8
5752000 8
5753000 8
5754000 8
5755000 8
5756000 8
5757000 8
5758000 8
5759000 8
5760000 8
5761000 8
5762000 8
5763000 8
5764000 8
5765000 8
5766000 8
5767000 8
5768000 8
5769000 8
5770000 8
5771000 8
5772000 8
5773000 8
5774000 8
5775000 8
5776000 8
5777000 8
5778000 8
5779000 8
5780000 8
5781000 8
5782000 8
5783000 8
5784000 8
5785000 8
5786000 8
5787000 8
5788000 8
5789000 8
5790000 8
5791000 8
5792000 8
5793000 8
5794000 8
5795000 8
5796000 8
5797000 8
5798000 8
5799000 8
5800000 8
5801000 8
5802000 8
5803000 8
5804000 8
5805000 8
5806000 8
5807000 8
5808000 8
5809000 8
5810000 8
5811000 8
5812000 8
5813000 8
5814000 8
5815000 8
5816000 8
5817000 8
5818000 8
5819000 8
5820000 8
5821000 8
5822000 8
5823000 8
5824000 8
5825000 8
5826000 8
5827000 8
5828000 8
5829000 8
5830000 8
5831000 8
5832000 8
5833000 8
5834000 8
5835000 8
5836000 8
5837000 8
5838000 8
5839000 8
5840000 8
5841000 8
5842000 8
5843000 8
5844000 8
5845000 8
5846000 8
5847000 8
5848000 8
5849000 8
5850000 8
5851000 8
5852000 8
5853000 8
5854000 8
5855000 8
5856000 8
5857000 8
5858000 8
5859000 8
5860000 8
5861000 8
5862000 8
5863000 8
5864000 8
5865000 8
5866000 8
5867000 8
5868000 8
5869000 8
5870000 8
5871000 8
5872000 8
5873000 8
5874000 8
5875000 8
5876000 8
5877000 8
5878000 8
5879000 8
5880000 8
5881000 8
5882000 8
5883000 8
5884000 8
5885000 8
5886000 8
5887000 8
5888000 8
5889000 8
5890000 8
5891000 8
5892000 8
5893000 8
5894000 8
5895000 8
5896000 8
5897000 8
5898000 8
5899000 8
5900000 8
5901000 8
5902000 8
5903000 8
5904000 8
5905000 8
5906000 8
5907000 8
5908000 8
5909000 8
5910000 8
5911000 8
5912000 8
5913000 8
5914000 8
5915000 8
5916000 8
5917000 8
5918000 8
5919000 8
5920000 8
5921000 8
5922000 8
5923000 8
5924000 8
5925000 8
5926000 8
5927000 8
5928000 8
5929000 8
5930000 8
5931000 8
5932000 8
5933000 8
5934000 8
5935000 8
5936000 8
5937000 8
5938000 8
5939000 8
5940000 8
5941000 8
5942000 8
5943000 8
5944000 8
5945000 8
5946000 8
5947000 8
5948000 8
5949000 8
5950000 8
5951000 8
5952000 8
5953000 8
5954000 8
5955000 8
5956000 8
5957000 8
5958000 8
5959000 8
5960000 8
5961000 8
5962000 8
5963000 8
5964000 8
5965000 8
5966000 8
5967000 8
5968000 8
5969000 8
5970000 8
5971000 8
5972000 8
5973000 8
5974000 8
5975000 8
5976000 8
5977000 8
5978000 8
5979000 8
5980000 8
5981000 8
5982000 8
5983000 8
5984000 8
5985000 8
5986000 8
5987000 8
5988000 8
5989000 8
5990000 8
5991000 8
5992000 8
5993000 8
5994000 8
5995000 8
5996000 8
5997000 8
5998000 8
5999000 8
6000000 8
6001000 8
6002000 8
6003000 8
6004000 8
6005000 8
6006000 8
6007000 8
6008000 8
6009000 8
6010000 8
6011000 8
6012000 8
6013000 8
6014000 8
6015000 8
6016000 8
6017000 8
6018000 8
6019000 8
6020000 8
6021000 8
6022000 8
6023000 8
6024000 8
6025000 8
6026000 8
6027000 8
6028000 8
6029000 8
6030000 8
6031000 8
6032000 8
6033000 8
6034000 8
6035000 8
6036000 8
6037000 8
6038000 8
6039000 8
6040000 8
6041000 8
6042000 8
6043000 8
6044000 8
6045000 8
6046000 8
6047000 8
6048000 8
6049000 8
6050000 8
6051000 8
6052000 8
6053000 8
6054000 8
6055000 8
6056000 8
6057000 8
6058000 8
6059000 8
6060000 8
6061000 8
6062000 8
6063000 8
6064000 8
6065000 8
6066000 8
6067000 8
6068000 8
6069000 8
6070000 8
6071000 8
6072000 8
6073000 8
6074000 8
6075000 8
6076000 8
6077000 8
6078000 8
6079000 8
6080000 8
6081000 8
6082000 8
6083000 8
6084000 8
6085000 8
6086000 8
6087000 8
6088000 8
6089000 8
6090000 8
6091000 8
6092000 8
6093000 8
6094000 8
6095000 8
6096000 8
6097000 8
6098000 8
6099000 8
6100000 8
6101000 8
6102000 8
6103000 8
6104000 8
6105000 8
6106000 8
6107000 8
6108000 8
6109000 8
6110000 8
6111000 8
6112000 8
6113000 8
6114000 8
6115000 8
6116000 8
6117000 8
6118000 8
6119000 8
6120000 8
6121000 8
6122000 8
6123000 8
6124000 8
6125000 8
6126000 8
6127000 8
6128000 8
6129000 8
6130000 8
6131000 8
6132000 8
6133000 8
6134000 8
6135000 8
6136000 8
6137000 8
6138000 8
6139000 8
6140000 8
6141000 8
6142000 8
6143000 8
6144000 8
6145000 8
6146000 8
6147000 8
6148000 8
6149000 8
6150000 8
6151000 8
6152000 8
6153000 8
6154000 8
6155000 8
6156000 8
6157000 8
6158000 8
6159000 8
6160000 8
6161000 8
6162000 8
6163000 8
6164000 8
6165000 8
6166000 8
6167000 8
6168000 8
6169000 8
6170000 8
6171000 8
6172000 8
6173000 8
6174000 8
6175000 8
6176000 8
6177000 8
6178000 8
6179000 8
6180000 8
6181000 8
6182000 8
6183000 8
6184000 8
6185000 8
6186000 8
6187000 8
6188000 8
6189000 8
6190000 8
6191000 8
6192000 8
6193000 8
6194000 8
6195000 8
6196000 8
6197000 8
6198000 8
6199000 8
6200000 8
6201000 8
6202000 8
6203000 8
6204000 8
6205000 8
6206000 8
6207000 8
6208000 8
6209000 8
6210000 8
6211000 8
6212000 8
6213000 8
6214000 8
6215000 8
6216000 8
6217000 8
6218000 8
6219000 8
6220000 8
6221000 8
6222000 8
6223000 8
6224000 8
6225000 8
6226000 8
6227000 8
6228000 8
6229000 8
6230000 8
6231000 8
6232000 8
6233000 8
6234000 8
6235000 8
6236000 8
6237000 8
6238000 8
6239000 8
6240000 8
6241000 8
6242000 8
6243000 8
6244000 8
6245000 8
6246000 8
6247000 8
6248000 8
6249000 8
6250000 8
6251000 8
6252000 8
6253000 8
6254000 8
6255000 8
6256000 8
6257000 8
6258000 8
6259000 8
6260000 8
6261000 8
6262000 8
6263000 8
6264000 8
6265000 8
6266000 8
6267000 8
6268000 8
6269000 8
6270000 8
6271000 8
6272000 8
6273000 8
6274000 8
6275000 8
6276000 8
6277000 8
6278000 8
6279000 8
6280000 8
6281000 8
6282000 8
6283000 8
6284000 8
6285000 8
6286000 8
6287000 8
6288000 8
6289000 8
6290000 8
6291000 8
6292000 8
6293000 8
6294000 8
6295000 8
6296000 8
6297000 8
6298000 8
6299000 8
6300000 8
6301000 8
6302000 8
6303000 8
6304000 8
6305000 8
6306000 8
6307000 8
6308000 8
6309000 8
6310000 8
6311000 8
6312000 8
6313000 8
6314000 8
6315000 8
6316000 8
6317000 8
6318000 8
6319000 8
6320000 8
6321000 8
6322000 8
6323000 8
6324000 8
6325000 8
6326000 8
6327000 8
6328000 8
6329000 8
6330000 8
6331000 8
6332000 8
6333000 8
6334000 8
6335000 8
6336000 8
6337000 8
6338000 8
6339000 8
6340000 8
6341000 8
6342000 8
6343000 8
6344000 8
6345000 8
6346000 8
6347000 8
6348000 8
6349000 8
6350000 8
6351000 8
6352000 8
6353000 8
6354000 8
6355000 8
6356000 8
6357000 8
6358000 8
6359000 8
6360000 8
6361000 8
6362000 8
6363000 8
6364000 8
6365000 8
6366000 8
6367000 8
6368000 8
6369000 8
6370000 8
6371000 8
6372000 8
6373000 8
6374000 8
6375000 8
6376000 8
6377000 8
6378000 8
6379000 8
6380000 8
6381000 8
6382000 8
6383000 8
6384000 8
6385000 8
6386000 8
6387000 8
6388000 8
6389000 8
6390000 8
6391000 8
6392000 8
6393000 8
6394000 8
6395000 8
6396000 8
6397000 8
6398000 8
6399000 8
6400000 8
6401000 8
6402000 8
6403000 8
6404000 8
6405000 8
6406000 8
6407000 8
6408000 8
6409000 8
6410000 8
6411000 8
6412000 8
6413000 8
6414000 8
6415000 8
6416000 8
6417000 8
6418000 8
6419000 8
6420000 8
6421000 8
6422000 8
6423000 8
6424000 8
6425000 8
6426000 8
6427000 8
6428000 8
6429000 8
6430000 8
6431000 8
6432000 8
6433000 8
6434000 8
6435000 8
6436000 8
6437000 8
6438000 8
6439000 8
6440000 8
6441000 8
6442000 8
6443000 8
6444000 8
6445000 8
6446000 8
6447000 8
6448000 8
6449000 8
6450000 8
6451000 8
6452000 8
6453000 8
6454000 8
6455000 8
6456000 8
6457000 8
6458000 8
6459000 8
6460000 8
6461000 8
6462000 8
6463000 8
6464000 8
6465000 8
6466000 8
6467000 8
6468000 8
6469000 8
6470000 8
6471000 8
6472000 8
6473000 8
6474000 8
6475000 8
6476000 8
6477000 8
6478000 8
6479000 8
6480000 8
6481000 8
6482000 8
6483000 8
6484000 8
6485000 8
6486000 8
6487000 8
6488000 8
6489000 8
6490000 8
6491000 8
6492000 8
6493000 8
6494000 8
6495000 8
6496000 8
6497000 8
6498000 8
6499000 8
6500000 8
6501000 8
6502000 8
6503000 8
6504000 8
6505000 8
6506000 8
6507000 8
6508000 8
6509000 8
6510000 8
6511000 8
6512000 8
6513000 8
6514000 8
6515000 8
6516000 8
6517000 8
6518000 8
6519000 8
6520000 8
6521000 8
6522000 8
6523000 8
6524000 8
6525000 8
6526000 8
6527000 8
6528000 8
6529000 8
6530000 8
6531000 8
6532000 8
6533000 8
6534000 8
6535000 8
6536000 8
6537000 8
6538000 8
6539000 8
6540000 8
6541000 8
6542000 8
6543000 8
6544000 8
6545000 8
6546000 8
6547000 8
6548000 8
6549000 8
6550000 8
6551000 8
6552000 8
6553000 8
6554000 8
6555000 8
6556000 8
6557000 8
6558000 8
6559000 8
6560000 8
6561000 8
6562000 8
6563000 8
6564000 8
6565000 8
6566000 8
6567000 8
6568000 8
6569000 8
6570000 8
6571000 8
6572000 8
6573000 8
6574000 8
6575000 8
6576000 8
6577000 8
6578000 8
6579000 8
6580000 8
6581000 8
6582000 8
6583000 8
6584000 8
6585000 8
6586000 8
6587000 8
6588000 8
6589000 8
6590000 8
6591000 8
6592000 8
6593000 8
6594000 8
6595000 8
6596000 8
6597000 8
6598000 8
6599000 8
6600000 8
6601000 8
6602000 8
6603000 8
6604000 8
6605000 8
6606000 8
6607000 8
6608000 8
6609000 8
6610000 8
6611000 8
6612000 8
6613000 8
6614000 8
6615000 8
6616000 8
6617000 8
6618000 8
6619000 8
6620000 8
6621000 8
6622000 8
6623000 8
6624000 8
6625000 8
6626000 8
6627000 8
6628000 8
6629000 8
6630000 8
6631000 8
6632000 8
6633000 8
6634000 8
6635000 8
6636000 8
6637000 8
6638000 8
6639000 8
6640000 8
6641000 8
6642000 8
6643000 8
6644000 8
6645000 8
6646000 8
6647000 8
6648000 8
6649000 8
6650000 8
6651000 8
6652000 8
6653000 8
6654000 8
6655000 8
6656000 8
6657000 8
6658000 8
6659000 8
6660000 8
6661000 8
6662000 8
6663000 8
6664000 8
6665000 8
6666000 8
6667000 8
6668000 8
6669000 8
6670000 8
6671000 8
6672000 8
6673000 8
6674000 8
6675000 8
6676000 8
6677000 8
6678000 8
6679000 8
6680000 8
6681000 8
6682000 8
6683000 8
6684000 8
6685000 8
6686000 8
6687000 8
6688000 8
6689000 8
6690000 8
6691000 8
6692000 8
6693000 8
6694000 8
6695000 8
6696000 8
6697000 8
6698000 8
6699000 8
6700000 8
6701000 8
6702000 8
6703000 8
6704000 8
6705000 8
6706000 8
6707000 8
6708000 8
6709000 8
6710000 8
6711000 8
6712000 8
6713000 8
6714000 8
6715000 8
6716000 8
6717000 8
6718000 8
6719000 8
6720000 8
6721000 8
6722000 8
6723000 8
6724000 8
6725000 8
6726000 8
6727000 8
6728000 8
6729000 8
6730000 8
6731000 8
6732000 8
6733000 8
6734000 8
6735000 8
6736000 8
6737000 8
6738000 8
6739000 8
6740000 8
6741000 8
6742000 8
6743000 8
6744000 8
6745000 8
6746000 8
6747000 8
6748000 8
6749000 8
6750000 8
6751000 8
6752000 8
6753000 8
6754000 8
6755000 8
6756000 8
6757000 8
6758000 8
6759000 8
6760000 8
6761000 8
6762000 8
6763000 8
6764000 8
6765000 8
6766000 8
6767000 8
6768000 8
6769000 8
6770000 8
6771000 8
6772000 8
6773000 8
6774000 8
6775000 8
6776000 8
6777000 8
6778000 8
6779000 8
6780000 8
6781000 8
6782000 8
6783000 8
6784000 8
6785000 8
6786000 8
6787000 8
6788000 8
6789000 8
6790000 8
6791000 8
6792000 8
6793000 8
6794000 8
6795000 8
6796000 8
6797000 8
6798000 8
6799000 8
6800000 8
6801000 8
6802000 8
6803000 8
6804000 8
6805000 8
6806000 8
6807000 8
6808000 8
6809000 8
6810000 8
6811000 8
6812000 8
6813000 8
6814000 8
6815000 8
6816000 8
6817000 8
6818000 8
6819000 8
6820000 8
6821000 8
6822000 8
6823000 8
6824000 8
6825000 8
6826000 8
6827000 8
6828000 8
6829000 8
6830000 8
6831000 8
6832000 8
6833000 8
6834000 8
6835000 8
6836000 8
6837000 8
6838000 8
6839000 8
6840000 8
6841000 8
6842000 8
6843000 8
6844000 8
6845000 8
6846000 8
6847000 8
6848000 8
6849000 8
6850000 8
6851000 8
6852000 8
6853000 8
6854000 8
6855000 8
6856000 8
6857000 8
6858000 8
6859000 8
6860000 8
6861000 8
6862000 8
6863000 8
6864000 8
6865000 8
6866000 8
6867000 8
6868000 8
6869000 8
6870000 8
6871000 8
6872000 8
6873000 8
6874000 8
6875000 8
6876000 8
6877000 8
6878000 8
6879000 8
6880000 8
6881000 8
6882000 8
6883000 8
6884000 8
6885000 8
6886000 8
6887000 8
6888000 8
6889000 8
6890000 8
6891000 8
6892000 8
6893000 8
6894000 8
6895000 8
6896000 8
6897000 8
6898000 8
6899000 8
6900000 8
6901000 8
6902000 8
6903000 8
6904000 8
6905000 8
6906000 8
6907000 8
6908000 8
6909000 8
6910000 8
6911000 8
6912000 8
6913000 8
6914000 8
6915000 8
6916000 8
6917000 8
6918000 8
6919000 8
6920000 8
6921000 8
6922000 8
6923000 8
6924000 8
6925000 8
6926000 8
6927000 8
6928000 8
6929000 8
6930000 8
6931000 8
6932000 8
6933000 8
6934000 8
6935000 8
6936000 8
6937000 8
6938000 8
6939000 8
6940000 8
6941000 8
6942000 8
6943000 8
6944000 8
6945000 8
6946000 8
6947000 8
6948000 8
6949000 8
6950000 8
6951000 8
6952000 8
6953000 8
6954000 8
6955000 8
6956000 8
6957000 8
6958000 8
6959000 8
6960000 8
6961000 8
6962000 8
6963000 8
6964000 8
6965000 8
6966000 8
6967000 8
6968000 8
6969000 8
6970000 8
6971000 8
6972000 8
6973000 8
6974000 8
6975000 8
6976000 8
6977000 8
6978000 8
6979000 8
6980000 8
6981000 8
6982000 8
6983000 8
6984000 8
6985000 8
6986000 8
6987000 8
6988000 8
6989000 8
6990000 8
6991000 8
6992000 8
6993000 8
6994000 8
6995000 8
6996000 8
6997000 8
6998000 8
6999000 8
