# frame 	 heights
0 15
1000 15
2000 15
3000 15
4000 15
5000 15
6000 15
7000 15
8000 15
9000 15
10000 15
11000 15
12000 15
13000 15
14000 15
15000 15
16000 15
17000 15
18000 15
19000 15
20000 15
21000 15
22000 15
23000 15
24000 15
25000 15
26000 15
27000 15
28000 15
29000 15
30000 15
31000 15
32000 15
33000 15
34000 15
35000 15
36000 15
37000 15
38000 15
39000 15
40000 15
41000 15
42000 15
43000 15
44000 15
45000 15
46000 15
47000 15
48000 15
49000 15
50000 15
51000 15
52000 15
53000 15
54000 15
55000 15
56000 15
57000 15
58000 15
59000 15
60000 15
61000 15
62000 15
63000 15
64000 15
65000 15
66000 15
67000 15
68000 15
69000 15
70000 15
71000 15
72000 15
73000 15
74000 15
75000 15
76000 15
77000 15
78000 15
79000 15
80000 15
81000 15
82000 15
83000 15
84000 15
85000 15
86000 15
87000 15
88000 15
89000 15
90000 15
91000 15
92000 15
93000 15
94000 15
95000 15
96000 15
97000 15
98000 15
99000 15
100000 15
101000 15
102000 15
103000 15
104000 15
105000 15
106000 15
107000 15
108000 15
109000 15
110000 15
111000 15
112000 15
113000 15
114000 15
115000 15
116000 15
117000 15
118000 15
119000 15
120000 15
121000 15
122000 15
123000 15
124000 15
125000 15
126000 15
127000 15
128000 15
129000 15
130000 15
131000 15
132000 15
133000 15
134000 15
135000 15
136000 15
137000 15
138000 15
139000 15
140000 15
141000 15
142000 15
143000 15
144000 15
145000 15
146000 15
147000 15
148000 15
149000 15
150000 15
151000 15
152000 15
153000 15
154000 15
155000 15
156000 15
157000 15
158000 15
159000 15
160000 15
161000 15
162000 15
163000 15
164000 15
165000 15
166000 15
167000 15
168000 15
169000 15
170000 15
171000 15
172000 15
173000 15
174000 15
175000 15
176000 15
177000 15
178000 15
179000 15
180000 15
181000 15
182000 15
183000 15
184000 15
185000 15
186000 15
187000 15
188000 15
189000 15
190000 15
191000 15
192000 15
193000 15
194000 15
195000 15
196000 15
197000 15
198000 15
199000 15
200000 15
201000 15
202000 15
203000 15
204000 15
205000 15
206000 15
207000 15
208000 15
209000 15
210000 15
211000 15
212000 15
213000 15
214000 15
215000 15
216000 15
217000 15
218000 15
219000 15
220000 15
221000 15
222000 15
223000 15
224000 15
225000 15
226000 15
227000 15
228000 15
229000 15
230000 15
231000 15
232000 15
233000 15
234000 15
235000 15
236000 15
237000 15
238000 15
239000 15
240000 15
241000 15
242000 15
243000 15
244000 15
245000 15
246000 15
247000 15
248000 15
249000 15
250000 15
251000 15
252000 15
253000 15
254000 15
255000 15
256000 15
257000 15
258000 15
259000 15
260000 15
261000 15
262000 15
263000 15
264000 15
265000 15
266000 15
267000 15
268000 15
269000 15
270000 15
271000 15
272000 15
273000 15
274000 15
275000 15
276000 15
277000 15
278000 15
279000 15
280000 15
281000 15
282000 15
283000 15
284000 15
285000 15
286000 15
287000 15
288000 15
289000 15
290000 15
291000 15
292000 15
293000 15
294000 15
295000 15
296000 15
297000 15
298000 15
299000 15
300000 15
301000 15
302000 15
303000 15
304000 15
305000 15
306000 15
307000 15
308000 15
309000 15
310000 15
311000 15
312000 15
313000 15
314000 15
315000 15
316000 15
317000 15
318000 15
319000 15
320000 15
321000 15
322000 15
323000 15
324000 15
325000 15
326000 15
327000 15
328000 15
329000 15
330000 15
331000 15
332000 15
333000 15
334000 15
335000 15
336000 15
337000 15
338000 15
339000 15
340000 15
341000 15
342000 15
343000 15
344000 15
345000 15
346000 15
347000 15
348000 15
349000 15
350000 15
351000 15
352000 15
353000 15
354000 15
355000 15
356000 15
357000 15
358000 15
359000 15
360000 15
361000 15
362000 15
363000 15
364000 15
365000 15
366000 15
367000 15
368000 15
369000 15
370000 15
371000 15
372000 15
373000 15
374000 15
375000 15
376000 15
377000 15
378000 15
379000 15
380000 15
381000 15
382000 15
383000 15
384000 15
385000 15
386000 15
387000 15
388000 15
389000 15
390000 15
391000 15
392000 15
393000 15
394000 15
395000 15
396000 15
397000 15
398000 15
399000 15
400000 15
401000 15
402000 15
403000 15
404000 15
405000 15
406000 15
407000 15
408000 15
409000 15
410000 15
411000 15
412000 15
413000 15
414000 15
415000 15
416000 15
417000 15
418000 15
419000 15
420000 15
421000 15
422000 15
423000 15
424000 15
425000 15
426000 15
427000 15
428000 15
429000 15
430000 15
431000 15
432000 15
433000 15
434000 15
435000 15
436000 15
437000 15
438000 15
439000 15
440000 15
441000 15
442000 15
443000 15
444000 15
445000 15
446000 15
447000 15
448000 15
449000 15
450000 15
451000 15
452000 15
453000 15
454000 15
455000 15
456000 15
457000 15
458000 15
459000 15
460000 15
461000 15
462000 15
463000 15
464000 15
465000 15
466000 15
467000 15
468000 15
469000 15
470000 15
471000 15
472000 15
473000 15
474000 15
475000 15
476000 15
477000 15
478000 15
479000 15
480000 15
481000 15
482000 15
483000 15
484000 15
485000 15
486000 15
487000 15
488000 15
489000 15
490000 15
491000 15
492000 15
493000 15
494000 15
495000 15
496000 15
497000 15
498000 15
499000 15
500000 15
501000 15
502000 15
503000 15
504000 15
505000 15
506000 15
507000 15
508000 15
509000 15
510000 15
511000 15
512000 15
513000 15
514000 15
515000 15
516000 15
517000 15
518000 15
519000 15
520000 15
521000 15
522000 15
523000 15
524000 15
525000 15
526000 15
527000 15
528000 15
529000 15
530000 15
531000 15
532000 15
533000 15
534000 15
535000 15
536000 15
537000 15
538000 15
539000 15
540000 15
541000 15
542000 15
543000 15
544000 15
545000 15
546000 15
547000 15
548000 15
549000 15
550000 15
551000 15
552000 15
553000 15
554000 15
555000 15
556000 15
557000 15
558000 15
559000 15
560000 15
561000 15
562000 15
563000 15
564000 15
565000 15
566000 15
567000 15
568000 15
569000 15
570000 15
571000 15
572000 15
573000 15
574000 15
575000 15
576000 15
577000 15
578000 15
579000 15
580000 15
581000 15
582000 15
583000 15
584000 15
585000 15
586000 15
587000 15
588000 15
589000 15
590000 15
591000 15
592000 15
593000 15
594000 15
595000 15
596000 15
597000 15
598000 15
599000 15
600000 15
601000 15
602000 15
603000 15
604000 15
605000 15
606000 15
607000 15
608000 15
609000 15
610000 15
611000 15
612000 15
613000 15
614000 15
615000 15
616000 15
617000 15
618000 15
619000 15
620000 15
621000 15
622000 15
623000 15
624000 15
625000 15
626000 15
627000 15
628000 15
629000 15
630000 15
631000 15
632000 15
633000 15
634000 15
635000 15
636000 15
637000 15
638000 15
639000 15
640000 15
641000 15
642000 15
643000 15
644000 15
645000 15
646000 15
647000 15
648000 15
649000 15
650000 15
651000 15
652000 15
653000 15
654000 15
655000 15
656000 15
657000 15
658000 15
659000 15
660000 15
661000 15
662000 15
663000 15
664000 15
665000 15
666000 15
667000 15
668000 15
669000 15
670000 15
671000 15
672000 15
673000 15
674000 15
675000 15
676000 15
677000 15
678000 15
679000 15
680000 15
681000 15
682000 15
683000 15
684000 15
685000 15
686000 15
687000 15
688000 15
689000 15
690000 15
691000 15
692000 15
693000 15
694000 15
695000 15
696000 15
697000 15
698000 15
699000 15
700000 15
701000 15
702000 15
703000 15
704000 15
705000 15
706000 15
707000 15
708000 15
709000 15
710000 15
711000 15
712000 15
713000 15
714000 15
715000 15
716000 15
717000 15
718000 15
719000 15
720000 15
721000 15
722000 15
723000 15
724000 15
725000 15
726000 15
727000 15
728000 15
729000 15
730000 15
731000 15
732000 15
733000 15
734000 15
735000 15
736000 15
737000 15
738000 15
739000 15
740000 15
741000 15
742000 15
743000 15
744000 15
745000 15
746000 15
747000 15
748000 15
749000 15
750000 15
751000 15
752000 15
753000 15
754000 15
755000 15
756000 15
757000 15
758000 15
759000 15
760000 15
761000 15
762000 15
763000 15
764000 15
765000 15
766000 15
767000 15
768000 15
769000 15
770000 15
771000 15
772000 15
773000 15
774000 15
775000 15
776000 15
777000 15
778000 15
779000 15
780000 15
781000 15
782000 15
783000 15
784000 15
785000 15
786000 15
787000 15
788000 15
789000 15
790000 15
791000 15
792000 15
793000 15
794000 15
795000 15
796000 15
797000 15
798000 15
799000 15
800000 15
801000 15
802000 15
803000 15
804000 15
805000 15
806000 15
807000 15
808000 15
809000 15
810000 15
811000 15
812000 15
813000 15
814000 15
815000 15
816000 15
817000 15
818000 15
819000 15
820000 15
821000 15
822000 15
823000 15
824000 15
825000 15
826000 15
827000 15
828000 15
829000 15
830000 15
831000 15
832000 15
833000 15
834000 15
835000 15
836000 15
837000 15
838000 15
839000 15
840000 15
841000 15
842000 15
843000 15
844000 15
845000 15
846000 15
847000 15
848000 15
849000 15
850000 15
851000 15
852000 15
853000 15
854000 15
855000 15
856000 15
857000 15
858000 15
859000 15
860000 15
861000 15
862000 15
863000 15
864000 15
865000 15
866000 15
867000 15
868000 15
869000 15
870000 15
871000 15
872000 15
873000 15
874000 15
875000 15
876000 15
877000 15
878000 15
879000 15
880000 15
881000 15
882000 15
883000 15
884000 15
885000 15
886000 15
887000 15
888000 15
889000 15
890000 15
891000 15
892000 15
893000 15
894000 15
895000 15
896000 15
897000 15
898000 15
899000 15
900000 15
901000 15
902000 15
903000 15
904000 15
905000 15
906000 15
907000 15
908000 15
909000 15
910000 15
911000 15
912000 15
913000 15
914000 15
915000 15
916000 15
917000 15
918000 15
919000 15
920000 15
921000 15
922000 15
923000 15
924000 15
925000 15
926000 15
927000 15
928000 15
929000 15
930000 15
931000 15
932000 15
933000 15
934000 15
935000 15
936000 15
937000 15
938000 15
939000 15
940000 15
941000 15
942000 15
943000 15
944000 15
945000 15
946000 15
947000 15
948000 15
949000 15
950000 15
951000 15
952000 15
953000 15
954000 15
955000 15
956000 15
957000 15
958000 15
959000 15
960000 15
961000 15
962000 15
963000 15
964000 15
965000 15
966000 15
967000 15
968000 15
969000 15
970000 15
971000 15
972000 15
973000 15
974000 15
975000 15
976000 15
977000 15
978000 15
979000 15
980000 15
981000 15
982000 15
983000 15
984000 15
985000 15
986000 15
987000 15
988000 15
989000 15
990000 15
991000 15
992000 15
993000 15
994000 15
995000 15
996000 15
997000 15
998000 15
999000 15
1000000 15
1001000 15
1002000 15
1003000 15
1004000 15
1005000 15
1006000 15
1007000 15
1008000 15
1009000 15
1010000 15
1011000 15
1012000 15
1013000 15
1014000 15
1015000 15
1016000 15
1017000 15
1018000 15
1019000 15
1020000 15
1021000 15
1022000 15
1023000 15
1024000 15
1025000 15
1026000 15
1027000 15
1028000 15
1029000 15
1030000 15
1031000 15
1032000 15
1033000 15
1034000 15
1035000 15
1036000 15
1037000 15
1038000 15
1039000 15
1040000 15
1041000 15
1042000 15
1043000 15
1044000 15
1045000 15
1046000 15
1047000 15
1048000 15
1049000 15
1050000 15
1051000 15
1052000 15
1053000 15
1054000 15
1055000 15
1056000 15
1057000 15
1058000 15
1059000 15
1060000 15
1061000 15
1062000 15
1063000 15
1064000 15
1065000 15
1066000 15
1067000 15
1068000 15
1069000 15
1070000 15
1071000 15
1072000 15
1073000 15
1074000 15
1075000 15
1076000 15
1077000 15
1078000 15
1079000 15
1080000 15
1081000 15
1082000 15
1083000 15
1084000 15
1085000 15
1086000 15
1087000 15
1088000 15
1089000 15
1090000 15
1091000 15
1092000 15
1093000 15
1094000 15
1095000 15
1096000 15
1097000 15
1098000 15
1099000 15
1100000 15
1101000 15
1102000 15
1103000 15
1104000 15
1105000 15
1106000 15
1107000 15
1108000 15
1109000 15
1110000 15
1111000 15
1112000 15
1113000 15
1114000 15
1115000 15
1116000 15
1117000 15
1118000 15
1119000 15
1120000 15
1121000 15
1122000 15
1123000 15
1124000 15
1125000 15
1126000 15
1127000 15
1128000 15
1129000 15
1130000 15
1131000 15
1132000 15
1133000 15
1134000 15
1135000 15
1136000 15
1137000 15
1138000 15
1139000 15
1140000 15
1141000 15
1142000 15
1143000 15
1144000 15
1145000 15
1146000 15
1147000 15
1148000 15
1149000 15
1150000 15
1151000 15
1152000 15
1153000 15
1154000 15
1155000 15
1156000 15
1157000 15
1158000 15
1159000 15
1160000 15
1161000 15
1162000 15
1163000 15
1164000 15
1165000 15
1166000 15
1167000 15
1168000 15
1169000 15
1170000 15
1171000 15
1172000 15
1173000 15
1174000 15
1175000 15
1176000 15
1177000 15
1178000 15
1179000 15
1180000 15
1181000 15
1182000 15
1183000 15
1184000 15
1185000 15
1186000 15
1187000 15
1188000 15
1189000 15
1190000 15
1191000 15
1192000 15
1193000 15
1194000 15
1195000 15
1196000 15
1197000 15
1198000 15
1199000 15
1200000 15
1201000 15
1202000 15
1203000 15
1204000 15
1205000 15
1206000 15
1207000 15
1208000 15
1209000 15
1210000 15
1211000 15
1212000 15
1213000 15
1214000 15
1215000 15
1216000 15
1217000 15
1218000 15
1219000 15
1220000 15
1221000 15
1222000 15
1223000 15
1224000 15
1225000 15
1226000 15
1227000 15
1228000 15
1229000 15
1230000 15
1231000 15
1232000 15
1233000 15
1234000 15
1235000 15
1236000 15
1237000 15
1238000 15
1239000 15
1240000 15
1241000 15
1242000 15
1243000 15
1244000 15
1245000 15
1246000 15
1247000 15
1248000 15
1249000 15
1250000 15
1251000 15
1252000 15
1253000 15
1254000 15
1255000 15
1256000 15
1257000 15
1258000 15
1259000 15
1260000 15
1261000 15
1262000 15
1263000 15
1264000 15
1265000 15
1266000 15
1267000 15
1268000 15
1269000 15
1270000 15
1271000 15
1272000 15
1273000 15
1274000 15
1275000 15
1276000 15
1277000 15
1278000 15
1279000 15
1280000 15
1281000 15
1282000 15
1283000 15
1284000 15
1285000 15
1286000 15
1287000 15
1288000 15
1289000 15
1290000 15
1291000 15
1292000 15
1293000 15
1294000 15
1295000 15
1296000 15
1297000 15
1298000 15
1299000 15
1300000 15
1301000 15
1302000 15
1303000 15
1304000 15
1305000 15
1306000 15
1307000 15
1308000 15
1309000 15
1310000 15
1311000 15
1312000 15
1313000 15
1314000 15
1315000 15
1316000 15
1317000 15
1318000 15
1319000 15
1320000 15
1321000 15
1322000 15
1323000 15
1324000 15
1325000 15
1326000 15
1327000 15
1328000 15
1329000 15
1330000 15
1331000 15
1332000 15
1333000 15
1334000 15
1335000 15
1336000 15
1337000 15
1338000 15
1339000 15
1340000 15
1341000 15
1342000 15
1343000 15
1344000 15
1345000 15
1346000 15
1347000 15
1348000 15
1349000 15
1350000 15
1351000 15
1352000 15
1353000 15
1354000 15
1355000 15
1356000 15
1357000 15
1358000 15
1359000 15
1360000 15
1361000 15
1362000 15
1363000 15
1364000 15
1365000 15
1366000 15
1367000 15
1368000 15
1369000 15
1370000 15
1371000 15
1372000 15
1373000 15
1374000 15
1375000 15
1376000 15
1377000 15
1378000 15
1379000 15
1380000 15
1381000 15
1382000 15
1383000 15
1384000 15
1385000 15
1386000 15
1387000 15
1388000 15
1389000 15
1390000 15
1391000 15
1392000 15
1393000 15
1394000 15
1395000 15
1396000 15
1397000 15
1398000 15
1399000 15
1400000 15
1401000 15
1402000 15
1403000 15
1404000 15
1405000 15
1406000 15
1407000 15
1408000 15
1409000 15
1410000 15
1411000 15
1412000 15
1413000 15
1414000 15
1415000 15
1416000 15
1417000 15
1418000 15
1419000 15
1420000 15
1421000 15
1422000 15
1423000 15
1424000 15
1425000 15
1426000 15
1427000 15
1428000 15
1429000 15
1430000 15
1431000 15
1432000 15
1433000 15
1434000 15
1435000 15
1436000 15
1437000 15
1438000 15
1439000 15
1440000 15
1441000 15
1442000 15
1443000 15
1444000 15
1445000 15
1446000 15
1447000 15
1448000 15
1449000 15
1450000 15
1451000 15
1452000 15
1453000 15
1454000 15
1455000 15
1456000 15
1457000 15
1458000 15
1459000 15
1460000 15
1461000 15
1462000 15
1463000 15
1464000 15
1465000 15
1466000 15
1467000 15
1468000 15
1469000 15
1470000 15
1471000 15
1472000 15
1473000 15
1474000 15
1475000 15
1476000 15
1477000 15
1478000 15
1479000 15
1480000 15
1481000 15
1482000 15
1483000 15
1484000 15
1485000 15
1486000 15
1487000 15
1488000 15
1489000 15
1490000 15
1491000 15
1492000 15
1493000 15
1494000 15
1495000 15
1496000 15
1497000 15
1498000 15
1499000 15
1500000 15
1501000 15
1502000 15
1503000 15
1504000 15
1505000 15
1506000 15
1507000 15
1508000 15
1509000 15
1510000 15
1511000 15
1512000 15
1513000 15
1514000 15
1515000 15
1516000 15
1517000 15
1518000 15
1519000 15
1520000 15
1521000 15
1522000 15
1523000 15
1524000 15
1525000 15
1526000 15
1527000 15
1528000 15
1529000 15
1530000 15
1531000 15
1532000 15
1533000 15
1534000 15
1535000 15
1536000 15
1537000 15
1538000 15
1539000 15
1540000 15
1541000 15
1542000 15
1543000 15
1544000 15
1545000 15
1546000 15
1547000 15
1548000 15
1549000 15
1550000 15
1551000 15
1552000 15
1553000 15
1554000 15
1555000 15
1556000 15
1557000 15
1558000 15
1559000 15
1560000 15
1561000 15
1562000 15
1563000 15
1564000 15
1565000 15
1566000 15
1567000 15
1568000 15
1569000 15
1570000 15
1571000 15
1572000 15
1573000 15
1574000 15
1575000 15
1576000 15
1577000 15
1578000 15
1579000 15
1580000 15
1581000 15
1582000 15
1583000 15
1584000 15
1585000 15
1586000 15
1587000 15
1588000 15
1589000 15
1590000 15
1591000 15
1592000 15
1593000 15
1594000 15
1595000 15
1596000 15
1597000 15
1598000 15
1599000 15
1600000 15
1601000 15
1602000 15
1603000 15
1604000 15
1605000 15
1606000 15
1607000 15
1608000 15
1609000 15
1610000 15
1611000 15
1612000 15
1613000 15
1614000 15
1615000 15
1616000 15
1617000 15
1618000 15
1619000 15
1620000 15
1621000 15
1622000 15
1623000 15
1624000 15
1625000 15
1626000 15
1627000 15
1628000 15
1629000 15
1630000 15
1631000 15
1632000 15
1633000 15
1634000 15
1635000 15
1636000 15
1637000 15
1638000 15
1639000 15
1640000 15
1641000 15
1642000 15
1643000 15
1644000 15
1645000 15
1646000 15
1647000 15
1648000 15
1649000 15
1650000 15
1651000 15
1652000 15
1653000 15
1654000 15
1655000 15
1656000 15
1657000 15
1658000 15
1659000 15
1660000 15
1661000 15
1662000 15
1663000 15
1664000 15
1665000 15
1666000 15
1667000 15
1668000 15
1669000 15
1670000 15
1671000 15
1672000 15
1673000 15
1674000 15
1675000 15
1676000 15
1677000 15
1678000 15
1679000 15
1680000 15
1681000 15
1682000 15
1683000 15
1684000 15
1685000 15
1686000 15
1687000 15
1688000 15
1689000 15
1690000 15
1691000 15
1692000 15
1693000 15
1694000 15
1695000 15
1696000 15
1697000 15
1698000 15
1699000 15
1700000 15
1701000 15
1702000 15
1703000 15
1704000 15
1705000 15
1706000 15
1707000 15
1708000 15
1709000 15
1710000 15
1711000 15
1712000 15
1713000 15
1714000 15
1715000 15
1716000 15
1717000 15
1718000 15
1719000 15
1720000 15
1721000 15
1722000 15
1723000 15
1724000 15
1725000 15
1726000 15
1727000 15
1728000 15
1729000 15
1730000 15
1731000 15
1732000 15
1733000 15
1734000 15
1735000 15
1736000 15
1737000 15
1738000 15
1739000 15
1740000 15
1741000 15
1742000 15
1743000 15
1744000 15
1745000 15
1746000 15
1747000 15
1748000 15
1749000 15
1750000 15
1751000 15
1752000 15
1753000 15
1754000 15
1755000 15
1756000 15
1757000 15
1758000 15
1759000 15
1760000 15
1761000 15
1762000 15
1763000 15
1764000 15
1765000 15
1766000 15
1767000 15
1768000 15
1769000 15
1770000 15
1771000 15
1772000 15
1773000 15
1774000 15
1775000 15
1776000 15
1777000 15
1778000 15
1779000 15
1780000 15
1781000 15
1782000 15
1783000 15
1784000 15
1785000 15
1786000 15
1787000 15
1788000 15
1789000 15
1790000 15
1791000 15
1792000 15
1793000 15
1794000 15
1795000 15
1796000 15
1797000 15
1798000 15
1799000 15
1800000 15
1801000 15
1802000 15
1803000 15
1804000 15
1805000 15
1806000 15
1807000 15
1808000 15
1809000 15
1810000 15
1811000 15
1812000 15
1813000 15
1814000 15
1815000 15
1816000 15
1817000 15
1818000 15
1819000 15
1820000 15
1821000 15
1822000 15
1823000 15
1824000 15
1825000 15
1826000 15
1827000 15
1828000 15
1829000 15
1830000 15
1831000 15
1832000 15
1833000 15
1834000 15
1835000 15
1836000 15
1837000 15
1838000 15
1839000 15
1840000 15
1841000 15
1842000 15
1843000 15
1844000 15
1845000 15
1846000 15
1847000 15
1848000 15
1849000 15
1850000 15
1851000 15
1852000 15
1853000 15
1854000 15
1855000 15
1856000 15
1857000 15
1858000 15
1859000 15
1860000 15
1861000 15
1862000 15
1863000 15
1864000 15
1865000 15
1866000 15
1867000 15
1868000 15
1869000 15
1870000 15
1871000 15
1872000 15
1873000 15
1874000 15
1875000 15
1876000 15
1877000 15
1878000 15
1879000 15
1880000 15
1881000 15
1882000 15
1883000 15
1884000 15
1885000 15
1886000 15
1887000 15
1888000 15
1889000 15
1890000 15
1891000 15
1892000 15
1893000 15
1894000 15
1895000 15
1896000 15
1897000 15
1898000 15
1899000 15
1900000 15
1901000 15
1902000 15
1903000 15
1904000 15
1905000 15
1906000 15
1907000 15
1908000 15
1909000 15
1910000 15
1911000 15
1912000 15
1913000 15
1914000 15
1915000 15
1916000 15
1917000 15
1918000 15
1919000 15
1920000 15
1921000 15
1922000 15
1923000 15
1924000 15
1925000 15
1926000 15
1927000 15
1928000 15
1929000 15
1930000 15
1931000 15
1932000 15
1933000 15
1934000 15
1935000 15
1936000 15
1937000 15
1938000 15
1939000 15
1940000 15
1941000 15
1942000 15
1943000 15
1944000 15
1945000 15
1946000 15
1947000 15
1948000 15
1949000 15
1950000 15
1951000 15
1952000 15
1953000 15
1954000 15
1955000 15
1956000 15
1957000 15
1958000 15
1959000 15
1960000 15
1961000 15
1962000 15
1963000 15
1964000 15
1965000 15
1966000 15
1967000 15
1968000 15
1969000 15
1970000 15
1971000 15
1972000 15
1973000 15
1974000 15
1975000 15
1976000 15
1977000 15
1978000 15
1979000 15
1980000 15
1981000 15
1982000 15
1983000 15
1984000 15
1985000 15
1986000 15
1987000 15
1988000 15
1989000 15
1990000 15
1991000 15
1992000 15
1993000 15
1994000 15
1995000 15
1996000 15
1997000 15
1998000 15
1999000 15
2000000 15
2001000 15
2002000 15
2003000 15
2004000 15
2005000 15
2006000 15
2007000 15
2008000 15
2009000 15
2010000 15
2011000 15
2012000 15
2013000 15
2014000 15
2015000 15
2016000 15
2017000 15
2018000 15
2019000 15
2020000 15
2021000 15
2022000 15
2023000 15
2024000 15
2025000 15
2026000 15
2027000 15
2028000 15
2029000 15
2030000 15
2031000 15
2032000 15
2033000 15
2034000 15
2035000 15
2036000 15
2037000 15
2038000 15
2039000 15
2040000 15
2041000 15
2042000 15
2043000 15
2044000 15
2045000 15
2046000 15
2047000 15
2048000 15
2049000 15
2050000 15
2051000 15
2052000 15
2053000 15
2054000 15
2055000 15
2056000 15
2057000 15
2058000 15
2059000 15
2060000 15
2061000 15
2062000 15
2063000 15
2064000 15
2065000 15
2066000 15
2067000 15
2068000 15
2069000 15
2070000 15
2071000 15
2072000 15
2073000 15
2074000 15
2075000 15
2076000 15
2077000 15
2078000 15
2079000 15
2080000 15
2081000 15
2082000 15
2083000 15
2084000 15
2085000 15
2086000 15
2087000 15
2088000 15
2089000 15
2090000 15
2091000 15
2092000 15
2093000 15
2094000 15
2095000 15
2096000 15
2097000 15
2098000 15
2099000 15
2100000 15
2101000 15
2102000 15
2103000 15
2104000 15
2105000 15
2106000 15
2107000 15
2108000 15
2109000 15
2110000 15
2111000 15
2112000 15
2113000 15
2114000 15
2115000 15
2116000 15
2117000 15
2118000 15
2119000 15
2120000 15
2121000 15
2122000 15
2123000 15
2124000 15
2125000 15
2126000 15
2127000 15
2128000 15
2129000 15
2130000 15
2131000 15
2132000 15
2133000 15
2134000 15
2135000 15
2136000 15
2137000 15
2138000 15
2139000 15
2140000 15
2141000 15
2142000 15
2143000 15
2144000 15
2145000 15
2146000 15
2147000 15
2148000 15
2149000 15
2150000 15
2151000 15
2152000 15
2153000 15
2154000 15
2155000 15
2156000 15
2157000 15
2158000 15
2159000 15
2160000 15
2161000 15
2162000 15
2163000 15
2164000 15
2165000 15
2166000 15
2167000 15
2168000 15
2169000 15
2170000 15
2171000 15
2172000 15
2173000 15
2174000 15
2175000 15
2176000 15
2177000 15
2178000 15
2179000 15
2180000 15
2181000 15
2182000 15
2183000 15
2184000 15
2185000 15
2186000 15
2187000 15
2188000 15
2189000 15
2190000 15
2191000 15
2192000 15
2193000 15
2194000 15
2195000 15
2196000 15
2197000 15
2198000 15
2199000 15
2200000 15
2201000 15
2202000 15
2203000 15
2204000 15
2205000 15
2206000 15
2207000 15
2208000 15
2209000 15
2210000 15
2211000 15
2212000 15
2213000 15
2214000 15
2215000 15
2216000 15
2217000 15
2218000 15
2219000 15
2220000 15
2221000 15
2222000 15
2223000 15
2224000 15
2225000 15
2226000 15
2227000 15
2228000 15
2229000 15
2230000 15
2231000 15
2232000 15
2233000 15
2234000 15
2235000 15
2236000 15
2237000 15
2238000 15
2239000 15
2240000 15
2241000 15
2242000 15
2243000 15
2244000 15
2245000 15
2246000 15
2247000 15
2248000 15
2249000 15
2250000 15
2251000 15
2252000 15
2253000 15
2254000 15
2255000 15
2256000 15
2257000 15
2258000 15
2259000 15
2260000 15
2261000 15
2262000 15
2263000 15
2264000 15
2265000 15
2266000 15
2267000 15
2268000 15
2269000 15
2270000 15
2271000 15
2272000 15
2273000 15
2274000 15
2275000 15
2276000 15
2277000 15
2278000 15
2279000 15
2280000 15
2281000 15
2282000 15
2283000 15
2284000 15
2285000 15
2286000 15
2287000 15
2288000 15
2289000 15
2290000 15
2291000 15
2292000 15
2293000 15
2294000 15
2295000 15
2296000 15
2297000 15
2298000 15
2299000 15
2300000 15
2301000 15
2302000 15
2303000 15
2304000 15
2305000 15
2306000 15
2307000 15
2308000 15
2309000 15
2310000 15
2311000 15
2312000 15
2313000 15
2314000 15
2315000 15
2316000 15
2317000 15
2318000 15
2319000 15
2320000 15
2321000 15
2322000 15
2323000 15
2324000 15
2325000 15
2326000 15
2327000 15
2328000 15
2329000 15
2330000 15
2331000 15
2332000 15
2333000 15
2334000 15
2335000 15
2336000 15
2337000 15
2338000 15
2339000 15
2340000 15
2341000 15
2342000 15
2343000 15
2344000 15
2345000 15
2346000 15
2347000 15
2348000 15
2349000 15
2350000 15
2351000 15
2352000 15
2353000 15
2354000 15
2355000 15
2356000 15
2357000 15
2358000 15
2359000 15
2360000 15
2361000 15
2362000 15
2363000 15
2364000 15
2365000 15
2366000 15
2367000 15
2368000 15
2369000 15
2370000 15
2371000 15
2372000 15
2373000 15
2374000 15
2375000 15
2376000 15
2377000 15
2378000 15
2379000 15
2380000 15
2381000 15
2382000 15
2383000 15
2384000 15
2385000 15
2386000 15
2387000 15
2388000 15
2389000 15
2390000 15
2391000 15
2392000 15
2393000 15
2394000 15
2395000 15
2396000 15
2397000 15
2398000 15
2399000 15
2400000 15
2401000 15
2402000 15
2403000 15
2404000 15
2405000 15
2406000 15
2407000 15
2408000 15
2409000 15
2410000 15
2411000 15
2412000 15
2413000 15
2414000 15
2415000 15
2416000 15
2417000 15
2418000 15
2419000 15
2420000 15
2421000 15
2422000 15
2423000 15
2424000 15
2425000 15
2426000 15
2427000 15
2428000 15
2429000 15
2430000 15
2431000 15
2432000 15
2433000 15
2434000 15
2435000 15
2436000 15
2437000 15
2438000 15
2439000 15
2440000 15
2441000 15
2442000 15
2443000 15
2444000 15
2445000 15
2446000 15
2447000 15
2448000 15
2449000 15
2450000 15
2451000 15
2452000 15
2453000 15
2454000 15
2455000 15
2456000 15
2457000 15
2458000 15
2459000 15
2460000 15
2461000 15
2462000 15
2463000 15
2464000 15
2465000 15
2466000 15
2467000 15
2468000 15
2469000 15
2470000 15
2471000 15
2472000 15
2473000 15
2474000 15
2475000 15
2476000 15
2477000 15
2478000 15
2479000 15
2480000 15
2481000 15
2482000 15
2483000 15
2484000 15
2485000 15
2486000 15
2487000 15
2488000 15
2489000 15
2490000 15
2491000 15
2492000 15
2493000 15
2494000 15
2495000 15
2496000 15
2497000 15
2498000 15
2499000 15
2500000 15
2501000 15
2502000 15
2503000 15
2504000 15
2505000 15
2506000 15
2507000 15
2508000 15
2509000 15
2510000 15
2511000 15
2512000 15
2513000 15
2514000 15
2515000 15
2516000 15
2517000 15
2518000 15
2519000 15
2520000 15
2521000 15
2522000 15
2523000 15
2524000 15
2525000 15
2526000 15
2527000 15
2528000 15
2529000 15
2530000 15
2531000 15
2532000 15
2533000 15
2534000 15
2535000 15
2536000 15
2537000 15
2538000 15
2539000 15
2540000 15
2541000 15
2542000 15
2543000 15
2544000 15
2545000 15
2546000 15
2547000 15
2548000 15
2549000 15
2550000 15
2551000 15
2552000 15
2553000 15
2554000 15
2555000 15
2556000 15
2557000 15
2558000 15
2559000 15
2560000 15
2561000 15
2562000 15
2563000 15
2564000 15
2565000 15
2566000 15
2567000 15
2568000 15
2569000 15
2570000 15
2571000 15
2572000 15
2573000 15
2574000 15
2575000 15
2576000 15
2577000 15
2578000 15
2579000 15
2580000 15
2581000 15
2582000 15
2583000 15
2584000 15
2585000 15
2586000 15
2587000 15
2588000 15
2589000 15
2590000 15
2591000 15
2592000 15
2593000 15
2594000 15
2595000 15
2596000 15
2597000 15
2598000 15
2599000 15
2600000 15
2601000 15
2602000 15
2603000 15
2604000 15
2605000 15
2606000 15
2607000 15
2608000 15
2609000 15
2610000 15
2611000 15
2612000 15
2613000 15
2614000 15
2615000 15
2616000 15
2617000 15
2618000 15
2619000 15
2620000 15
2621000 15
2622000 15
2623000 15
2624000 15
2625000 15
2626000 15
2627000 15
2628000 15
2629000 15
2630000 15
2631000 15
2632000 15
2633000 15
2634000 15
2635000 15
2636000 15
2637000 15
2638000 15
2639000 15
2640000 15
2641000 15
2642000 15
2643000 15
2644000 15
2645000 15
2646000 15
2647000 15
2648000 15
2649000 15
2650000 15
2651000 15
2652000 15
2653000 15
2654000 15
2655000 15
2656000 15
2657000 15
2658000 15
2659000 15
2660000 15
2661000 15
2662000 15
2663000 15
2664000 15
2665000 15
2666000 15
2667000 15
2668000 15
2669000 15
2670000 15
2671000 15
2672000 15
2673000 15
2674000 15
2675000 15
2676000 15
2677000 15
2678000 15
2679000 15
2680000 15
2681000 15
2682000 15
2683000 15
2684000 15
2685000 15
2686000 15
2687000 15
2688000 15
2689000 15
2690000 15
2691000 15
2692000 15
2693000 15
2694000 15
2695000 15
2696000 15
2697000 15
2698000 15
2699000 15
2700000 15
2701000 15
2702000 15
2703000 15
2704000 15
2705000 15
2706000 15
2707000 15
2708000 15
2709000 15
2710000 15
2711000 15
2712000 15
2713000 15
2714000 15
2715000 15
2716000 15
2717000 15
2718000 15
2719000 15
2720000 15
2721000 15
2722000 15
2723000 15
2724000 15
2725000 15
2726000 15
2727000 15
2728000 15
2729000 15
2730000 15
2731000 15
2732000 15
2733000 15
2734000 15
2735000 15
2736000 15
2737000 15
2738000 15
2739000 15
2740000 15
2741000 15
2742000 15
2743000 15
2744000 15
2745000 15
2746000 15
2747000 15
2748000 15
2749000 15
2750000 15
2751000 15
2752000 15
2753000 15
2754000 15
2755000 15
2756000 15
2757000 15
2758000 15
2759000 15
2760000 15
2761000 15
2762000 15
2763000 15
2764000 15
2765000 15
2766000 15
2767000 15
2768000 15
2769000 15
2770000 15
2771000 15
2772000 15
2773000 15
2774000 15
2775000 15
2776000 15
2777000 15
2778000 15
2779000 15
2780000 15
2781000 15
2782000 15
2783000 15
2784000 15
2785000 15
2786000 15
2787000 15
2788000 15
2789000 15
2790000 15
2791000 15
2792000 15
2793000 15
2794000 15
2795000 15
2796000 15
2797000 15
2798000 15
2799000 15
2800000 15
2801000 15
2802000 15
2803000 15
2804000 15
2805000 15
2806000 15
2807000 15
2808000 15
2809000 15
2810000 15
2811000 15
2812000 15
2813000 15
2814000 15
2815000 15
2816000 15
2817000 15
2818000 15
2819000 15
2820000 15
2821000 15
2822000 15
2823000 15
2824000 15
2825000 15
2826000 15
2827000 15
2828000 15
2829000 15
2830000 15
2831000 15
2832000 15
2833000 15
2834000 15
2835000 15
2836000 15
2837000 15
2838000 15
2839000 15
2840000 15
2841000 15
2842000 15
2843000 15
2844000 15
2845000 15
2846000 15
2847000 15
2848000 15
2849000 15
2850000 15
2851000 15
2852000 15
2853000 15
2854000 15
2855000 15
2856000 15
2857000 15
2858000 15
2859000 15
2860000 15
2861000 15
2862000 15
2863000 15
2864000 15
2865000 15
2866000 15
2867000 15
2868000 15
2869000 15
2870000 15
2871000 15
2872000 15
2873000 15
2874000 15
2875000 15
2876000 15
2877000 15
2878000 15
2879000 15
2880000 15
2881000 15
2882000 15
2883000 15
2884000 15
2885000 15
2886000 15
2887000 15
2888000 15
2889000 15
2890000 15
2891000 15
2892000 15
2893000 15
2894000 15
2895000 15
2896000 15
2897000 15
2898000 15
2899000 15
2900000 15
2901000 15
2902000 15
2903000 15
2904000 15
2905000 15
2906000 15
2907000 15
2908000 15
2909000 15
2910000 15
2911000 15
2912000 15
2913000 15
2914000 15
2915000 15
2916000 15
2917000 15
2918000 15
2919000 15
2920000 15
2921000 15
2922000 15
2923000 15
2924000 15
2925000 15
2926000 15
2927000 15
2928000 15
2929000 15
2930000 15
2931000 15
2932000 15
2933000 15
2934000 15
2935000 15
2936000 15
2937000 15
2938000 15
2939000 15
2940000 15
2941000 15
2942000 15
2943000 15
2944000 15
2945000 15
2946000 15
2947000 15
2948000 15
2949000 15
2950000 15
2951000 15
2952000 15
2953000 15
2954000 15
2955000 15
2956000 15
2957000 15
2958000 15
2959000 15
2960000 15
2961000 15
2962000 15
2963000 15
2964000 15
2965000 15
2966000 15
2967000 15
2968000 15
2969000 15
2970000 15
2971000 15
2972000 15
2973000 15
2974000 15
2975000 15
2976000 15
2977000 15
2978000 15
2979000 15
2980000 15
2981000 15
2982000 15
2983000 15
2984000 15
2985000 15
2986000 15
2987000 15
2988000 15
2989000 15
2990000 15
2991000 15
2992000 15
2993000 15
2994000 15
2995000 15
2996000 15
2997000 15
2998000 15
2999000 15
3000000 15
3001000 15
3002000 15
3003000 15
3004000 15
3005000 15
3006000 15
3007000 15
3008000 15
3009000 15
3010000 15
3011000 15
3012000 15
3013000 15
3014000 15
3015000 15
3016000 15
3017000 15
3018000 15
3019000 15
3020000 15
3021000 15
3022000 15
3023000 15
3024000 15
3025000 15
3026000 15
3027000 15
3028000 15
3029000 15
3030000 15
3031000 15
3032000 15
3033000 15
3034000 15
3035000 15
3036000 15
3037000 15
3038000 15
3039000 15
3040000 15
3041000 15
3042000 15
3043000 15
3044000 15
3045000 15
3046000 15
3047000 15
3048000 15
3049000 15
3050000 15
3051000 15
3052000 15
3053000 15
3054000 15
3055000 15
3056000 15
3057000 15
3058000 15
3059000 15
3060000 15
3061000 15
3062000 15
3063000 15
3064000 15
3065000 15
3066000 15
3067000 15
3068000 15
3069000 15
3070000 15
3071000 15
3072000 15
3073000 15
3074000 15
3075000 15
3076000 15
3077000 15
3078000 15
3079000 15
3080000 15
3081000 15
3082000 15
3083000 15
3084000 15
3085000 15
3086000 15
3087000 15
3088000 15
3089000 15
3090000 15
3091000 15
3092000 15
3093000 15
3094000 15
3095000 15
3096000 15
3097000 15
3098000 15
3099000 15
3100000 15
3101000 15
3102000 15
3103000 15
3104000 15
3105000 15
3106000 15
3107000 15
3108000 15
3109000 15
3110000 15
3111000 15
3112000 15
3113000 15
3114000 15
3115000 15
3116000 15
3117000 15
3118000 15
3119000 15
3120000 15
3121000 15
3122000 15
3123000 15
3124000 15
3125000 15
3126000 15
3127000 15
3128000 15
3129000 15
3130000 15
3131000 15
3132000 15
3133000 15
3134000 15
3135000 15
3136000 15
3137000 15
3138000 15
3139000 15
3140000 15
3141000 15
3142000 15
3143000 15
3144000 15
3145000 15
3146000 15
3147000 15
3148000 15
3149000 15
3150000 15
3151000 15
3152000 15
3153000 15
3154000 15
3155000 15
3156000 15
3157000 15
3158000 15
3159000 15
3160000 15
3161000 15
3162000 15
3163000 15
3164000 15
3165000 15
3166000 15
3167000 15
3168000 15
3169000 15
3170000 15
3171000 15
3172000 15
3173000 15
3174000 15
3175000 15
3176000 15
3177000 15
3178000 15
3179000 15
3180000 15
3181000 15
3182000 15
3183000 15
3184000 15
3185000 15
3186000 15
3187000 15
3188000 15
3189000 15
3190000 15
3191000 15
3192000 15
3193000 15
3194000 15
3195000 15
3196000 15
3197000 15
3198000 15
3199000 15
3200000 15
3201000 15
3202000 15
3203000 15
3204000 15
3205000 15
3206000 15
3207000 15
3208000 15
3209000 15
3210000 15
3211000 15
3212000 15
3213000 15
3214000 15
3215000 15
3216000 15
3217000 15
3218000 15
3219000 15
3220000 15
3221000 15
3222000 15
3223000 15
3224000 15
3225000 15
3226000 15
3227000 15
3228000 15
3229000 15
3230000 15
3231000 15
3232000 15
3233000 15
3234000 15
3235000 15
3236000 15
3237000 15
3238000 15
3239000 15
3240000 15
3241000 15
3242000 15
3243000 15
3244000 15
3245000 15
3246000 15
3247000 15
3248000 15
3249000 15
3250000 15
3251000 15
3252000 15
3253000 15
3254000 15
3255000 15
3256000 15
3257000 15
3258000 15
3259000 15
3260000 15
3261000 15
3262000 15
3263000 15
3264000 15
3265000 15
3266000 15
3267000 15
3268000 15
3269000 15
3270000 15
3271000 15
3272000 15
3273000 15
3274000 15
3275000 15
3276000 15
3277000 15
3278000 15
3279000 15
3280000 15
3281000 15
3282000 15
3283000 15
3284000 15
3285000 15
3286000 15
3287000 15
3288000 15
3289000 15
3290000 15
3291000 15
3292000 15
3293000 15
3294000 15
3295000 15
3296000 15
3297000 15
3298000 15
3299000 15
3300000 15
3301000 15
3302000 15
3303000 15
3304000 15
3305000 15
3306000 15
3307000 15
3308000 15
3309000 15
3310000 15
3311000 15
3312000 15
3313000 15
3314000 15
3315000 15
3316000 15
3317000 15
3318000 15
3319000 15
3320000 15
3321000 15
3322000 15
3323000 15
3324000 15
3325000 15
3326000 15
3327000 15
3328000 15
3329000 15
3330000 15
3331000 15
3332000 15
3333000 15
3334000 15
3335000 15
3336000 15
3337000 15
3338000 15
3339000 15
3340000 15
3341000 15
3342000 15
3343000 15
3344000 15
3345000 15
3346000 15
3347000 15
3348000 15
3349000 15
3350000 15
3351000 15
3352000 15
3353000 15
3354000 15
3355000 15
3356000 15
3357000 15
3358000 15
3359000 15
3360000 15
3361000 15
3362000 15
3363000 15
3364000 15
3365000 15
3366000 15
3367000 15
3368000 15
3369000 15
3370000 15
3371000 15
3372000 15
3373000 15
3374000 15
3375000 15
3376000 15
3377000 15
3378000 15
3379000 15
3380000 15
3381000 15
3382000 15
3383000 15
3384000 15
3385000 15
3386000 15
3387000 15
3388000 15
3389000 15
3390000 15
3391000 15
3392000 15
3393000 15
3394000 15
3395000 15
3396000 15
3397000 15
3398000 15
3399000 15
3400000 15
3401000 15
3402000 15
3403000 15
3404000 15
3405000 15
3406000 15
3407000 15
3408000 15
3409000 15
3410000 15
3411000 15
3412000 15
3413000 15
3414000 15
3415000 15
3416000 15
3417000 15
3418000 15
3419000 15
3420000 15
3421000 15
3422000 15
3423000 15
3424000 15
3425000 15
3426000 15
3427000 15
3428000 15
3429000 15
3430000 15
3431000 15
3432000 15
3433000 15
3434000 15
3435000 15
3436000 15
3437000 15
3438000 15
3439000 15
3440000 15
3441000 15
3442000 15
3443000 15
3444000 15
3445000 15
3446000 15
3447000 15
3448000 15
3449000 15
3450000 15
3451000 15
3452000 15
3453000 15
3454000 15
3455000 15
3456000 15
3457000 15
3458000 15
3459000 15
3460000 15
3461000 15
3462000 15
3463000 15
3464000 15
3465000 15
3466000 15
3467000 15
3468000 15
3469000 15
3470000 15
3471000 15
3472000 15
3473000 15
3474000 15
3475000 15
3476000 15
3477000 15
3478000 15
3479000 15
3480000 15
3481000 15
3482000 15
3483000 15
3484000 15
3485000 15
3486000 15
3487000 15
3488000 15
3489000 15
3490000 15
3491000 15
3492000 15
3493000 15
3494000 15
3495000 15
3496000 15
3497000 15
3498000 15
3499000 15
3500000 15
3501000 15
3502000 15
3503000 15
3504000 15
3505000 15
3506000 15
3507000 15
3508000 15
3509000 15
3510000 15
3511000 15
3512000 15
3513000 15
3514000 15
3515000 15
3516000 15
3517000 15
3518000 15
3519000 15
3520000 15
3521000 15
3522000 15
3523000 15
3524000 15
3525000 15
3526000 15
3527000 15
3528000 15
3529000 15
3530000 15
3531000 15
3532000 15
3533000 15
3534000 15
3535000 15
3536000 15
3537000 15
3538000 15
3539000 15
3540000 15
3541000 15
3542000 15
3543000 15
3544000 15
3545000 15
3546000 15
3547000 15
3548000 15
3549000 15
3550000 15
3551000 15
3552000 15
3553000 15
3554000 15
3555000 15
3556000 15
3557000 15
3558000 15
3559000 15
3560000 15
3561000 15
3562000 15
3563000 15
3564000 15
3565000 15
3566000 15
3567000 15
3568000 15
3569000 15
3570000 15
3571000 15
3572000 15
3573000 15
3574000 15
3575000 15
3576000 15
3577000 15
3578000 15
3579000 15
3580000 15
3581000 15
3582000 15
3583000 15
3584000 15
3585000 15
3586000 15
3587000 15
3588000 15
3589000 15
3590000 15
3591000 15
3592000 15
3593000 15
3594000 15
3595000 15
3596000 15
3597000 15
3598000 15
3599000 15
3600000 15
3601000 15
3602000 15
3603000 15
3604000 15
3605000 15
3606000 15
3607000 15
3608000 15
3609000 15
3610000 15
3611000 15
3612000 15
3613000 15
3614000 15
3615000 15
3616000 15
3617000 15
3618000 15
3619000 15
3620000 15
3621000 15
3622000 15
3623000 15
3624000 15
3625000 15
3626000 15
3627000 15
3628000 15
3629000 15
3630000 15
3631000 15
3632000 15
3633000 15
3634000 15
3635000 15
3636000 15
3637000 15
3638000 15
3639000 15
3640000 15
3641000 15
3642000 15
3643000 15
3644000 15
3645000 15
3646000 15
3647000 15
3648000 15
3649000 15
3650000 15
3651000 15
3652000 15
3653000 15
3654000 15
3655000 15
3656000 15
3657000 15
3658000 15
3659000 15
3660000 15
3661000 15
3662000 15
3663000 15
3664000 15
3665000 15
3666000 15
3667000 15
3668000 15
3669000 15
3670000 15
3671000 15
3672000 15
3673000 15
3674000 15
3675000 15
3676000 15
3677000 15
3678000 15
3679000 15
3680000 15
3681000 15
3682000 15
3683000 15
3684000 15
3685000 15
3686000 15
3687000 15
3688000 15
3689000 15
3690000 15
3691000 15
3692000 15
3693000 15
3694000 15
3695000 15
3696000 15
3697000 15
3698000 15
3699000 15
3700000 15
3701000 15
3702000 15
3703000 15
3704000 15
3705000 15
3706000 15
3707000 15
3708000 15
3709000 15
3710000 15
3711000 15
3712000 15
3713000 15
3714000 15
3715000 15
3716000 15
3717000 15
3718000 15
3719000 15
3720000 15
3721000 15
3722000 15
3723000 15
3724000 15
3725000 15
3726000 15
3727000 15
3728000 15
3729000 15
3730000 15
3731000 15
3732000 15
3733000 15
3734000 15
3735000 15
3736000 15
3737000 15
3738000 15
3739000 15
3740000 15
3741000 15
3742000 15
3743000 15
3744000 15
3745000 15
3746000 15
3747000 15
3748000 15
3749000 15
3750000 15
3751000 15
3752000 15
3753000 15
3754000 15
3755000 15
3756000 15
3757000 15
3758000 15
3759000 15
3760000 15
3761000 15
3762000 15
3763000 15
3764000 15
3765000 15
3766000 15
3767000 15
3768000 15
3769000 15
3770000 15
3771000 15
3772000 15
3773000 15
3774000 15
3775000 15
3776000 15
3777000 15
3778000 15
3779000 15
3780000 15
3781000 15
3782000 15
3783000 15
3784000 15
3785000 15
3786000 15
3787000 15
3788000 15
3789000 15
3790000 15
3791000 15
3792000 15
3793000 15
3794000 15
3795000 15
3796000 15
3797000 15
3798000 15
3799000 15
3800000 15
3801000 15
3802000 15
3803000 15
3804000 15
3805000 15
3806000 15
3807000 15
3808000 15
3809000 15
3810000 15
3811000 15
3812000 15
3813000 15
3814000 15
3815000 15
3816000 15
3817000 15
3818000 15
3819000 15
3820000 15
3821000 15
3822000 15
3823000 15
3824000 15
3825000 15
3826000 15
3827000 15
3828000 15
3829000 15
3830000 15
3831000 15
3832000 15
3833000 15
3834000 15
3835000 15
3836000 15
3837000 15
3838000 15
3839000 15
3840000 15
3841000 15
3842000 15
3843000 15
3844000 15
3845000 15
3846000 15
3847000 15
3848000 15
3849000 15
3850000 15
3851000 15
3852000 15
3853000 15
3854000 15
3855000 15
3856000 15
3857000 15
3858000 15
3859000 15
3860000 15
3861000 15
3862000 15
3863000 15
3864000 15
3865000 15
3866000 15
3867000 15
3868000 15
3869000 15
3870000 15
3871000 15
3872000 15
3873000 15
3874000 15
3875000 15
3876000 15
3877000 15
3878000 15
3879000 15
3880000 15
3881000 15
3882000 15
3883000 15
3884000 15
3885000 15
3886000 15
3887000 15
3888000 15
3889000 15
3890000 15
3891000 15
3892000 15
3893000 15
3894000 15
3895000 15
3896000 15
3897000 15
3898000 15
3899000 15
3900000 15
3901000 15
3902000 15
3903000 15
3904000 15
3905000 15
3906000 15
3907000 15
3908000 15
3909000 15
3910000 15
3911000 15
3912000 15
3913000 15
3914000 15
3915000 15
3916000 15
3917000 15
3918000 15
3919000 15
3920000 15
3921000 15
3922000 15
3923000 15
3924000 15
3925000 15
3926000 15
3927000 15
3928000 15
3929000 15
3930000 15
3931000 15
3932000 15
3933000 15
3934000 15
3935000 15
3936000 15
3937000 15
3938000 15
3939000 15
3940000 15
3941000 15
3942000 15
3943000 15
3944000 15
3945000 15
3946000 15
3947000 15
3948000 15
3949000 15
3950000 15
3951000 15
3952000 15
3953000 15
3954000 15
3955000 15
3956000 15
3957000 15
3958000 15
3959000 15
3960000 15
3961000 15
3962000 15
3963000 15
3964000 15
3965000 15
3966000 15
3967000 15
3968000 15
3969000 15
3970000 15
3971000 15
3972000 15
3973000 15
3974000 15
3975000 15
3976000 15
3977000 15
3978000 15
3979000 15
3980000 15
3981000 15
3982000 15
3983000 15
3984000 15
3985000 15
3986000 15
3987000 15
3988000 15
3989000 15
3990000 15
3991000 15
3992000 15
3993000 15
3994000 15
3995000 15
3996000 15
3997000 15
3998000 15
3999000 15
4000000 15
4001000 15
4002000 15
4003000 15
4004000 15
4005000 15
4006000 15
4007000 15
4008000 15
4009000 15
4010000 15
4011000 15
4012000 15
4013000 15
4014000 15
4015000 15
4016000 15
4017000 15
4018000 15
4019000 15
4020000 15
4021000 15
4022000 15
4023000 15
4024000 15
4025000 15
4026000 15
4027000 15
4028000 15
4029000 15
4030000 15
4031000 15
4032000 15
4033000 15
4034000 15
4035000 15
4036000 15
4037000 15
4038000 15
4039000 15
4040000 15
4041000 15
4042000 15
4043000 15
4044000 15
4045000 15
4046000 15
4047000 15
4048000 15
4049000 15
4050000 15
4051000 15
4052000 15
4053000 15
4054000 15
4055000 15
4056000 15
4057000 15
4058000 15
4059000 15
4060000 15
4061000 15
4062000 15
4063000 15
4064000 15
4065000 15
4066000 15
4067000 15
4068000 15
4069000 15
4070000 15
4071000 15
4072000 15
4073000 15
4074000 15
4075000 15
4076000 15
4077000 15
4078000 15
4079000 15
4080000 15
4081000 15
4082000 15
4083000 15
4084000 15
4085000 15
4086000 15
4087000 15
4088000 15
4089000 15
4090000 15
4091000 15
4092000 15
4093000 15
4094000 15
4095000 15
4096000 15
4097000 15
4098000 15
4099000 15
4100000 15
4101000 15
4102000 15
4103000 15
4104000 15
4105000 15
4106000 15
4107000 15
4108000 15
4109000 15
4110000 15
4111000 15
4112000 15
4113000 15
4114000 15
4115000 15
4116000 15
4117000 15
4118000 15
4119000 15
4120000 15
4121000 15
4122000 15
4123000 15
4124000 15
4125000 15
4126000 15
4127000 15
4128000 15
4129000 15
4130000 15
4131000 15
4132000 15
4133000 15
4134000 15
4135000 15
4136000 15
4137000 15
4138000 15
4139000 15
4140000 15
4141000 15
4142000 15
4143000 15
4144000 15
4145000 15
4146000 15
4147000 15
4148000 15
4149000 15
4150000 15
4151000 15
4152000 15
4153000 15
4154000 15
4155000 15
4156000 15
4157000 15
4158000 15
4159000 15
4160000 15
4161000 15
4162000 15
4163000 15
4164000 15
4165000 15
4166000 15
4167000 15
4168000 15
4169000 15
4170000 15
4171000 15
4172000 15
4173000 15
4174000 15
4175000 15
4176000 15
4177000 15
4178000 15
4179000 15
4180000 15
4181000 15
4182000 15
4183000 15
4184000 15
4185000 15
4186000 15
4187000 15
4188000 15
4189000 15
4190000 15
4191000 15
4192000 15
4193000 15
4194000 15
4195000 15
4196000 15
4197000 15
4198000 15
4199000 15
4200000 15
4201000 15
4202000 15
4203000 15
4204000 15
4205000 15
4206000 15
4207000 15
4208000 15
4209000 15
4210000 15
4211000 15
4212000 15
4213000 15
4214000 15
4215000 15
4216000 15
4217000 15
4218000 15
4219000 15
4220000 15
4221000 15
4222000 15
4223000 15
4224000 15
4225000 15
4226000 15
4227000 15
4228000 15
4229000 15
4230000 15
4231000 15
4232000 15
4233000 15
4234000 15
4235000 15
4236000 15
4237000 15
4238000 15
4239000 15
4240000 15
4241000 15
4242000 15
4243000 15
4244000 15
4245000 15
4246000 15
4247000 15
4248000 15
4249000 15
4250000 15
4251000 15
4252000 15
4253000 15
4254000 15
4255000 15
4256000 15
4257000 15
4258000 15
4259000 15
4260000 15
4261000 15
4262000 15
4263000 15
4264000 15
4265000 15
4266000 15
4267000 15
4268000 15
4269000 15
4270000 15
4271000 15
4272000 15
4273000 15
4274000 15
4275000 15
4276000 15
4277000 15
4278000 15
4279000 15
4280000 15
4281000 15
4282000 15
4283000 15
4284000 15
4285000 15
4286000 15
4287000 15
4288000 15
4289000 15
4290000 15
4291000 15
4292000 15
4293000 15
4294000 15
4295000 15
4296000 15
4297000 15
4298000 15
4299000 15
4300000 15
4301000 15
4302000 15
4303000 15
4304000 15
4305000 15
4306000 15
4307000 15
4308000 15
4309000 15
4310000 15
4311000 15
4312000 15
4313000 15
4314000 15
4315000 15
4316000 15
4317000 15
4318000 15
4319000 15
4320000 15
4321000 15
4322000 15
4323000 15
4324000 15
4325000 15
4326000 15
4327000 15
4328000 15
4329000 15
4330000 15
4331000 15
4332000 15
4333000 15
4334000 15
4335000 15
4336000 15
4337000 15
4338000 15
4339000 15
4340000 15
4341000 15
4342000 15
4343000 15
4344000 15
4345000 15
4346000 15
4347000 15
4348000 15
4349000 15
4350000 15
4351000 15
4352000 15
4353000 15
4354000 15
4355000 15
4356000 15
4357000 15
4358000 15
4359000 15
4360000 15
4361000 15
4362000 15
4363000 15
4364000 15
4365000 15
4366000 15
4367000 15
4368000 15
4369000 15
4370000 15
4371000 15
4372000 15
4373000 15
4374000 15
4375000 15
4376000 15
4377000 15
4378000 15
4379000 15
4380000 15
4381000 15
4382000 15
4383000 15
4384000 15
4385000 15
4386000 15
4387000 15
4388000 15
4389000 15
4390000 15
4391000 15
4392000 15
4393000 15
4394000 15
4395000 15
4396000 15
4397000 15
4398000 15
4399000 15
4400000 15
4401000 15
4402000 15
4403000 15
4404000 15
4405000 15
4406000 15
4407000 15
4408000 15
4409000 15
4410000 15
4411000 15
4412000 15
4413000 15
4414000 15
4415000 15
4416000 15
4417000 15
4418000 15
4419000 15
4420000 15
4421000 15
4422000 15
4423000 15
4424000 15
4425000 15
4426000 15
4427000 15
4428000 15
4429000 15
4430000 15
4431000 15
4432000 15
4433000 15
4434000 15
4435000 15
4436000 15
4437000 15
4438000 15
4439000 15
4440000 15
4441000 15
4442000 15
4443000 15
4444000 15
4445000 15
4446000 15
4447000 15
4448000 15
4449000 15
4450000 15
4451000 15
4452000 15
4453000 15
4454000 15
4455000 15
4456000 15
4457000 15
4458000 15
4459000 15
4460000 15
4461000 15
4462000 15
4463000 15
4464000 15
4465000 15
4466000 15
4467000 15
4468000 15
4469000 15
4470000 15
4471000 15
4472000 15
4473000 15
4474000 15
4475000 15
4476000 15
4477000 15
4478000 15
4479000 15
4480000 15
4481000 15
4482000 15
4483000 15
4484000 15
4485000 15
4486000 15
4487000 15
4488000 15
4489000 15
4490000 15
4491000 15
4492000 15
4493000 15
4494000 15
4495000 15
4496000 15
4497000 15
4498000 15
4499000 15
4500000 15
4501000 15
4502000 15
4503000 15
4504000 15
4505000 15
4506000 15
4507000 15
4508000 15
4509000 15
4510000 15
4511000 15
4512000 15
4513000 15
4514000 15
4515000 15
4516000 15
4517000 15
4518000 15
4519000 15
4520000 15
4521000 15
4522000 15
4523000 15
4524000 15
4525000 15
4526000 15
4527000 15
4528000 15
4529000 15
4530000 15
4531000 15
4532000 15
4533000 15
4534000 15
4535000 15
4536000 15
4537000 15
4538000 15
4539000 15
4540000 15
4541000 15
4542000 15
4543000 15
4544000 15
4545000 15
4546000 15
4547000 15
4548000 15
4549000 15
4550000 15
4551000 15
4552000 15
4553000 15
4554000 15
4555000 15
4556000 15
4557000 15
4558000 15
4559000 15
4560000 15
4561000 15
4562000 15
4563000 15
4564000 15
4565000 15
4566000 15
4567000 15
4568000 15
4569000 15
4570000 15
4571000 15
4572000 15
4573000 15
4574000 15
4575000 15
4576000 15
4577000 15
4578000 15
4579000 15
4580000 15
4581000 15
4582000 15
4583000 15
4584000 15
4585000 15
4586000 15
4587000 15
4588000 15
4589000 15
4590000 15
4591000 15
4592000 15
4593000 15
4594000 15
4595000 15
4596000 15
4597000 15
4598000 15
4599000 15
4600000 15
4601000 15
4602000 15
4603000 15
4604000 15
4605000 15
4606000 15
4607000 15
4608000 15
4609000 15
4610000 15
4611000 15
4612000 15
4613000 15
4614000 15
4615000 15
4616000 15
4617000 15
4618000 15
4619000 15
4620000 15
4621000 15
4622000 15
4623000 15
4624000 15
4625000 15
4626000 15
4627000 15
4628000 15
4629000 15
4630000 15
4631000 15
4632000 15
4633000 15
4634000 15
4635000 15
4636000 15
4637000 15
4638000 15
4639000 15
4640000 15
4641000 15
4642000 15
4643000 15
4644000 15
4645000 15
4646000 15
4647000 15
4648000 15
4649000 15
4650000 15
4651000 15
4652000 15
4653000 15
4654000 15
4655000 15
4656000 15
4657000 15
4658000 15
4659000 15
4660000 15
4661000 15
4662000 15
4663000 15
4664000 15
4665000 15
4666000 15
4667000 15
4668000 15
4669000 15
4670000 15
4671000 15
4672000 15
4673000 15
4674000 15
4675000 15
4676000 15
4677000 15
4678000 15
4679000 15
4680000 15
4681000 15
4682000 15
4683000 15
4684000 15
4685000 15
4686000 15
4687000 15
4688000 15
4689000 15
4690000 15
4691000 15
4692000 15
4693000 15
4694000 15
4695000 15
4696000 15
4697000 15
4698000 15
4699000 15
4700000 15
4701000 15
4702000 15
4703000 15
4704000 15
4705000 15
4706000 15
4707000 15
4708000 15
4709000 15
4710000 15
4711000 15
4712000 15
4713000 15
4714000 15
4715000 15
4716000 15
4717000 15
4718000 15
4719000 15
4720000 15
4721000 15
4722000 15
4723000 15
4724000 15
4725000 15
4726000 15
4727000 15
4728000 15
4729000 15
4730000 15
4731000 15
4732000 15
4733000 15
4734000 15
4735000 15
4736000 15
4737000 15
4738000 15
4739000 15
4740000 15
4741000 15
4742000 15
4743000 15
4744000 15
4745000 15
4746000 15
4747000 15
4748000 15
4749000 15
4750000 15
4751000 15
4752000 15
4753000 15
4754000 15
4755000 15
4756000 15
4757000 15
4758000 15
4759000 15
4760000 15
4761000 15
4762000 15
4763000 15
4764000 15
4765000 15
4766000 15
4767000 15
4768000 15
4769000 15
4770000 15
4771000 15
4772000 15
4773000 15
4774000 15
4775000 15
4776000 15
4777000 15
4778000 15
4779000 15
4780000 15
4781000 15
4782000 15
4783000 15
4784000 15
4785000 15
4786000 15
4787000 15
4788000 15
4789000 15
4790000 15
4791000 15
4792000 15
4793000 15
4794000 15
4795000 15
4796000 15
4797000 15
4798000 15
4799000 15
4800000 15
4801000 15
4802000 15
4803000 15
4804000 15
4805000 15
4806000 15
4807000 15
4808000 15
4809000 15
4810000 15
4811000 15
4812000 15
4813000 15
4814000 15
4815000 15
4816000 15
4817000 15
4818000 15
4819000 15
4820000 15
4821000 15
4822000 15
4823000 15
4824000 15
4825000 15
4826000 15
4827000 15
4828000 15
4829000 15
4830000 15
4831000 15
4832000 15
4833000 15
4834000 15
4835000 15
4836000 15
4837000 15
4838000 15
4839000 15
4840000 15
4841000 15
4842000 15
4843000 15
4844000 15
4845000 15
4846000 15
4847000 15
4848000 15
4849000 15
4850000 15
4851000 15
4852000 15
4853000 15
4854000 15
4855000 15
4856000 15
4857000 15
4858000 15
4859000 15
4860000 15
4861000 15
4862000 15
4863000 15
4864000 15
4865000 15
4866000 15
4867000 15
4868000 15
4869000 15
4870000 15
4871000 15
4872000 15
4873000 15
4874000 15
4875000 15
4876000 15
4877000 15
4878000 15
4879000 15
4880000 15
4881000 15
4882000 15
4883000 15
4884000 15
4885000 15
4886000 15
4887000 15
4888000 15
4889000 15
4890000 15
4891000 15
4892000 15
4893000 15
4894000 15
4895000 15
4896000 15
4897000 15
4898000 15
4899000 15
4900000 15
4901000 15
4902000 15
4903000 15
4904000 15
4905000 15
4906000 15
4907000 15
4908000 15
4909000 15
4910000 15
4911000 15
4912000 15
4913000 15
4914000 15
4915000 15
4916000 15
4917000 15
4918000 15
4919000 15
4920000 15
4921000 15
4922000 15
4923000 15
4924000 15
4925000 15
4926000 15
4927000 15
4928000 15
4929000 15
4930000 15
4931000 15
4932000 15
4933000 15
4934000 15
4935000 15
4936000 15
4937000 15
4938000 15
4939000 15
4940000 15
4941000 15
4942000 15
4943000 15
4944000 15
4945000 15
4946000 15
4947000 15
4948000 15
4949000 15
4950000 15
4951000 15
4952000 15
4953000 15
4954000 15
4955000 15
4956000 15
4957000 15
4958000 15
4959000 15
4960000 15
4961000 15
4962000 15
4963000 15
4964000 15
4965000 15
4966000 15
4967000 15
4968000 15
4969000 15
4970000 15
4971000 15
4972000 15
4973000 15
4974000 15
4975000 15
4976000 15
4977000 15
4978000 15
4979000 15
4980000 15
4981000 15
4982000 15
4983000 15
4984000 15
4985000 15
4986000 15
4987000 15
4988000 15
4989000 15
4990000 15
4991000 15
4992000 15
4993000 15
4994000 15
4995000 15
4996000 15
4997000 15
4998000 15
4999000 15
5000000 15
5001000 15
5002000 15
5003000 15
5004000 15
5005000 15
5006000 15
5007000 15
5008000 15
5009000 15
5010000 15
5011000 15
5012000 15
5013000 15
5014000 15
5015000 15
5016000 15
5017000 15
5018000 15
5019000 15
5020000 15
5021000 15
5022000 15
5023000 15
5024000 15
5025000 15
5026000 15
5027000 15
5028000 15
5029000 15
5030000 15
5031000 15
5032000 15
5033000 15
5034000 15
5035000 15
5036000 15
5037000 15
5038000 15
5039000 15
5040000 15
5041000 15
5042000 15
5043000 15
5044000 15
5045000 15
5046000 15
5047000 15
5048000 15
5049000 15
5050000 15
5051000 15
5052000 15
5053000 15
5054000 15
5055000 15
5056000 15
5057000 15
5058000 15
5059000 15
5060000 15
5061000 15
5062000 15
5063000 15
5064000 15
5065000 15
5066000 15
5067000 15
5068000 15
5069000 15
5070000 15
5071000 15
5072000 15
5073000 15
5074000 15
5075000 15
5076000 15
5077000 15
5078000 15
5079000 15
5080000 15
5081000 15
5082000 15
5083000 15
5084000 15
5085000 15
5086000 15
5087000 15
5088000 15
5089000 15
5090000 15
5091000 15
5092000 15
5093000 15
5094000 15
5095000 15
5096000 15
5097000 15
5098000 15
5099000 15
5100000 15
5101000 15
5102000 15
5103000 15
5104000 15
5105000 15
5106000 15
5107000 15
5108000 15
5109000 15
5110000 15
5111000 15
5112000 15
5113000 15
5114000 15
5115000 15
5116000 15
5117000 15
5118000 15
5119000 15
5120000 15
5121000 15
5122000 15
5123000 15
5124000 15
5125000 15
5126000 15
5127000 15
5128000 15
5129000 15
5130000 15
5131000 15
5132000 15
5133000 15
5134000 15
5135000 15
5136000 15
5137000 15
5138000 15
5139000 15
5140000 15
5141000 15
5142000 15
5143000 15
5144000 15
5145000 15
5146000 15
5147000 15
5148000 15
5149000 15
5150000 15
5151000 15
5152000 15
5153000 15
5154000 15
5155000 15
5156000 15
5157000 15
5158000 15
5159000 15
5160000 15
5161000 15
5162000 15
5163000 15
5164000 15
5165000 15
5166000 15
5167000 15
5168000 15
5169000 15
5170000 15
5171000 15
5172000 15
5173000 15
5174000 15
5175000 15
5176000 15
5177000 15
5178000 15
5179000 15
5180000 15
5181000 15
5182000 15
5183000 15
5184000 15
5185000 15
5186000 15
5187000 15
5188000 15
5189000 15
5190000 15
5191000 15
5192000 15
5193000 15
5194000 15
5195000 15
5196000 15
5197000 15
5198000 15
5199000 15
5200000 15
5201000 15
5202000 15
5203000 15
5204000 15
5205000 15
5206000 15
5207000 15
5208000 15
5209000 15
5210000 15
5211000 15
5212000 15
5213000 15
5214000 15
5215000 15
5216000 15
5217000 15
5218000 15
5219000 15
5220000 15
5221000 15
5222000 15
5223000 15
5224000 15
5225000 15
5226000 15
5227000 15
5228000 15
5229000 15
5230000 15
5231000 15
5232000 15
5233000 15
5234000 15
5235000 15
5236000 15
5237000 15
5238000 15
5239000 15
5240000 15
5241000 15
5242000 15
5243000 15
5244000 15
5245000 15
5246000 15
5247000 15
5248000 15
5249000 15
5250000 15
5251000 15
5252000 15
5253000 15
5254000 15
5255000 15
5256000 15
5257000 15
5258000 15
5259000 15
5260000 15
5261000 15
5262000 15
5263000 15
5264000 15
5265000 15
5266000 15
5267000 15
5268000 15
5269000 15
5270000 15
5271000 15
5272000 15
5273000 15
5274000 15
5275000 15
5276000 15
5277000 15
5278000 15
5279000 15
5280000 15
5281000 15
5282000 15
5283000 15
5284000 15
5285000 15
5286000 15
5287000 15
5288000 15
5289000 15
5290000 15
5291000 15
5292000 15
5293000 15
5294000 15
5295000 15
5296000 15
5297000 15
5298000 15
5299000 15
5300000 15
5301000 15
5302000 15
5303000 15
5304000 15
5305000 15
5306000 15
5307000 15
5308000 15
5309000 15
5310000 15
5311000 15
5312000 15
5313000 15
5314000 15
5315000 15
5316000 15
5317000 15
5318000 15
5319000 15
5320000 15
5321000 15
5322000 15
5323000 15
5324000 15
5325000 15
5326000 15
5327000 15
5328000 15
5329000 15
5330000 15
5331000 15
5332000 15
5333000 15
5334000 15
5335000 15
5336000 15
5337000 15
5338000 15
5339000 15
5340000 15
5341000 15
5342000 15
5343000 15
5344000 15
5345000 15
5346000 15
5347000 15
5348000 15
5349000 15
5350000 15
5351000 15
5352000 15
5353000 15
5354000 15
5355000 15
5356000 15
5357000 15
5358000 15
5359000 15
5360000 15
5361000 15
5362000 15
5363000 15
5364000 15
5365000 15
5366000 15
5367000 15
5368000 15
5369000 15
5370000 15
5371000 15
5372000 15
5373000 15
5374000 15
5375000 15
5376000 15
5377000 15
5378000 15
5379000 15
5380000 15
5381000 15
5382000 15
5383000 15
5384000 15
5385000 15
5386000 15
5387000 15
5388000 15
5389000 15
5390000 15
5391000 15
5392000 15
5393000 15
5394000 15
5395000 15
5396000 15
5397000 15
5398000 15
5399000 15
5400000 15
5401000 15
5402000 15
5403000 15
5404000 15
5405000 15
5406000 15
5407000 15
5408000 15
5409000 15
5410000 15
5411000 15
5412000 15
5413000 15
5414000 15
5415000 15
5416000 15
5417000 15
5418000 15
5419000 15
5420000 15
5421000 15
5422000 15
5423000 15
5424000 15
5425000 15
5426000 15
5427000 15
5428000 15
5429000 15
5430000 15
5431000 15
5432000 15
5433000 15
5434000 15
5435000 15
5436000 15
5437000 15
5438000 15
5439000 15
5440000 15
5441000 15
5442000 15
5443000 15
5444000 15
5445000 15
5446000 15
5447000 15
5448000 15
5449000 15
5450000 15
5451000 15
5452000 15
5453000 15
5454000 15
5455000 15
5456000 15
5457000 15
5458000 15
5459000 15
5460000 15
5461000 15
5462000 15
5463000 15
5464000 15
5465000 15
5466000 15
5467000 15
5468000 15
5469000 15
5470000 15
5471000 15
5472000 15
5473000 15
5474000 15
5475000 15
5476000 15
5477000 15
5478000 15
5479000 15
5480000 15
5481000 15
5482000 15
5483000 15
5484000 15
5485000 15
5486000 15
5487000 15
5488000 15
5489000 15
5490000 15
5491000 15
5492000 15
5493000 15
5494000 15
5495000 15
5496000 15
5497000 15
5498000 15
5499000 15
5500000 15
5501000 15
5502000 15
5503000 15
5504000 15
5505000 15
5506000 15
5507000 15
5508000 15
5509000 15
5510000 15
5511000 15
5512000 15
5513000 15
5514000 15
5515000 15
5516000 15
5517000 15
5518000 15
5519000 15
5520000 15
5521000 15
5522000 15
5523000 15
5524000 15
5525000 15
5526000 15
5527000 15
5528000 15
5529000 15
5530000 15
5531000 15
5532000 15
5533000 15
5534000 15
5535000 15
5536000 15
5537000 15
5538000 15
5539000 15
5540000 15
5541000 15
5542000 15
5543000 15
5544000 15
5545000 15
5546000 15
5547000 15
5548000 15
5549000 15
5550000 15
5551000 15
5552000 15
5553000 15
5554000 15
5555000 15
5556000 15
5557000 15
5558000 15
5559000 15
5560000 15
5561000 15
5562000 15
5563000 15
5564000 15
5565000 15
5566000 15
5567000 15
5568000 15
5569000 15
5570000 15
5571000 15
5572000 15
5573000 15
5574000 15
5575000 15
5576000 15
5577000 15
5578000 15
5579000 15
5580000 15
5581000 15
5582000 15
5583000 15
5584000 15
5585000 15
5586000 15
5587000 15
5588000 15
5589000 15
5590000 15
5591000 15
5592000 15
5593000 15
5594000 15
5595000 15
5596000 15
5597000 15
5598000 15
5599000 15
5600000 15
5601000 15
5602000 15
5603000 15
5604000 15
5605000 15
5606000 15
5607000 15
5608000 15
5609000 15
5610000 15
5611000 15
5612000 15
5613000 15
5614000 15
5615000 15
5616000 15
5617000 15
5618000 15
5619000 15
5620000 15
5621000 15
5622000 15
5623000 15
5624000 15
5625000 15
5626000 15
5627000 15
5628000 15
5629000 15
5630000 15
5631000 15
5632000 15
5633000 15
5634000 15
5635000 15
5636000 15
5637000 15
5638000 15
5639000 15
5640000 15
5641000 15
5642000 15
5643000 15
5644000 15
5645000 15
5646000 15
5647000 15
5648000 15
5649000 15
5650000 15
5651000 15
5652000 15
5653000 15
5654000 15
5655000 15
5656000 15
5657000 15
5658000 15
5659000 15
5660000 15
5661000 15
5662000 15
5663000 15
5664000 15
5665000 15
5666000 15
5667000 15
5668000 15
5669000 15
5670000 15
5671000 15
5672000 15
5673000 15
5674000 15
5675000 15
5676000 15
5677000 15
5678000 15
5679000 15
5680000 15
5681000 15
5682000 15
5683000 15
5684000 15
5685000 15
5686000 15
5687000 15
5688000 15
5689000 15
5690000 15
5691000 15
5692000 15
5693000 15
5694000 15
5695000 15
5696000 15
5697000 15
5698000 15
5699000 15
5700000 15
5701000 15
5702000 15
5703000 15
5704000 15
5705000 15
5706000 15
5707000 15
5708000 15
5709000 15
5710000 15
5711000 15
5712000 15
5713000 15
5714000 15
5715000 15
5716000 15
5717000 15
5718000 15
5719000 15
5720000 15
5721000 15
5722000 15
5723000 15
5724000 15
5725000 15
5726000 15
5727000 15
5728000 15
5729000 15
5730000 15
5731000 15
5732000 15
5733000 15
5734000 15
5735000 15
5736000 15
5737000 15
5738000 15
5739000 15
5740000 15
5741000 15
5742000 15
5743000 15
5744000 15
5745000 15
5746000 15
5747000 15
5748000 15
5749000 15
5750000 15
5751000 15
5752000 15
5753000 15
5754000 15
5755000 15
5756000 15
5757000 15
5758000 15
5759000 15
5760000 15
5761000 15
5762000 15
5763000 15
5764000 15
5765000 15
5766000 15
5767000 15
5768000 15
5769000 15
5770000 15
5771000 15
5772000 15
5773000 15
5774000 15
5775000 15
5776000 15
5777000 15
5778000 15
5779000 15
5780000 15
5781000 15
5782000 15
5783000 15
5784000 15
5785000 15
5786000 15
5787000 15
5788000 15
5789000 15
5790000 15
5791000 15
5792000 15
5793000 15
5794000 15
5795000 15
5796000 15
5797000 15
5798000 15
5799000 15
5800000 15
5801000 15
5802000 15
5803000 15
5804000 15
5805000 15
5806000 15
5807000 15
5808000 15
5809000 15
5810000 15
5811000 15
5812000 15
5813000 15
5814000 15
5815000 15
5816000 15
5817000 15
5818000 15
5819000 15
5820000 15
5821000 15
5822000 15
5823000 15
5824000 15
5825000 15
5826000 15
5827000 15
5828000 15
5829000 15
5830000 15
5831000 15
5832000 15
5833000 15
5834000 15
5835000 15
5836000 15
5837000 15
5838000 15
5839000 15
5840000 15
5841000 15
5842000 15
5843000 15
5844000 15
5845000 15
5846000 15
5847000 15
5848000 15
5849000 15
5850000 15
5851000 15
5852000 15
5853000 15
5854000 15
5855000 15
5856000 15
5857000 15
5858000 15
5859000 15
5860000 15
5861000 15
5862000 15
5863000 15
5864000 15
5865000 15
5866000 15
5867000 15
5868000 15
5869000 15
5870000 15
5871000 15
5872000 15
5873000 15
5874000 15
5875000 15
5876000 15
5877000 15
5878000 15
5879000 15
5880000 15
5881000 15
5882000 15
5883000 15
5884000 15
5885000 15
5886000 15
5887000 15
5888000 15
5889000 15
5890000 15
5891000 15
5892000 15
5893000 15
5894000 15
5895000 15
5896000 15
5897000 15
5898000 15
5899000 15
5900000 15
5901000 15
5902000 15
5903000 15
5904000 15
5905000 15
5906000 15
5907000 15
5908000 15
5909000 15
5910000 15
5911000 15
5912000 15
5913000 15
5914000 15
5915000 15
5916000 15
5917000 15
5918000 15
5919000 15
5920000 15
5921000 15
5922000 15
5923000 15
5924000 15
5925000 15
5926000 15
5927000 15
5928000 15
5929000 15
5930000 15
5931000 15
5932000 15
5933000 15
5934000 15
5935000 15
5936000 15
5937000 15
5938000 15
5939000 15
5940000 15
5941000 15
5942000 15
5943000 15
5944000 15
5945000 15
5946000 15
5947000 15
5948000 15
5949000 15
5950000 15
5951000 15
5952000 15
5953000 15
5954000 15
5955000 15
5956000 15
5957000 15
5958000 15
5959000 15
5960000 15
5961000 15
5962000 15
5963000 15
5964000 15
5965000 15
5966000 15
5967000 15
5968000 15
5969000 15
5970000 15
5971000 15
5972000 15
5973000 15
5974000 15
5975000 15
5976000 15
5977000 15
5978000 15
5979000 15
5980000 15
5981000 15
5982000 15
5983000 15
5984000 15
5985000 15
5986000 15
5987000 15
5988000 15
5989000 15
5990000 15
5991000 15
5992000 15
5993000 15
5994000 15
5995000 15
5996000 15
5997000 15
5998000 15
5999000 15
6000000 15
6001000 15
6002000 15
6003000 15
6004000 15
6005000 15
6006000 15
6007000 15
6008000 15
6009000 15
6010000 15
6011000 15
6012000 15
6013000 15
6014000 15
6015000 15
6016000 15
6017000 15
6018000 15
6019000 15
6020000 15
6021000 15
6022000 15
6023000 15
6024000 15
6025000 15
6026000 15
6027000 15
6028000 15
6029000 15
6030000 15
6031000 15
6032000 15
6033000 15
6034000 15
6035000 15
6036000 15
6037000 15
6038000 15
6039000 15
6040000 15
6041000 15
6042000 15
6043000 15
6044000 15
6045000 15
6046000 15
6047000 15
6048000 15
6049000 15
6050000 15
6051000 15
6052000 15
6053000 15
6054000 15
6055000 15
6056000 15
6057000 15
6058000 15
6059000 15
6060000 15
6061000 15
6062000 15
6063000 15
6064000 15
6065000 15
6066000 15
6067000 15
6068000 15
6069000 15
6070000 15
6071000 15
6072000 15
6073000 15
6074000 15
6075000 15
6076000 15
6077000 15
6078000 15
6079000 15
6080000 15
6081000 15
6082000 15
6083000 15
6084000 15
6085000 15
6086000 15
6087000 15
6088000 15
6089000 15
6090000 15
6091000 15
6092000 15
6093000 15
6094000 15
6095000 15
6096000 15
6097000 15
6098000 15
6099000 15
6100000 15
6101000 15
6102000 15
6103000 15
6104000 15
6105000 15
6106000 15
6107000 15
6108000 15
6109000 15
6110000 15
6111000 15
6112000 15
6113000 15
6114000 15
6115000 15
6116000 15
6117000 15
6118000 15
6119000 15
6120000 15
6121000 15
6122000 15
6123000 15
6124000 15
6125000 15
6126000 15
6127000 15
6128000 15
6129000 15
6130000 15
6131000 15
6132000 15
6133000 15
6134000 15
6135000 15
6136000 15
6137000 15
6138000 15
6139000 15
6140000 15
6141000 15
6142000 15
6143000 15
6144000 15
6145000 15
6146000 15
6147000 15
6148000 15
6149000 15
6150000 15
6151000 15
6152000 15
6153000 15
6154000 15
6155000 15
6156000 15
6157000 15
6158000 15
6159000 15
6160000 15
6161000 15
6162000 15
6163000 15
6164000 15
6165000 15
6166000 15
6167000 15
6168000 15
6169000 15
6170000 15
6171000 15
6172000 15
6173000 15
6174000 15
6175000 15
6176000 15
6177000 15
6178000 15
6179000 15
6180000 15
6181000 15
6182000 15
6183000 15
6184000 15
6185000 15
6186000 15
6187000 15
6188000 15
6189000 15
6190000 15
6191000 15
6192000 15
6193000 15
6194000 15
6195000 15
6196000 15
6197000 15
