# frame 	 heights
0 21
1000 21
2000 21
3000 21
4000 21
5000 21
6000 21
7000 21
8000 21
9000 21
10000 21
11000 21
12000 21
13000 21
14000 21
15000 21
16000 21
17000 21
18000 21
19000 21
20000 21
21000 21
22000 21
23000 21
24000 21
25000 21
26000 21
27000 21
28000 21
29000 21
30000 21
31000 21
32000 21
33000 21
34000 21
35000 21
36000 21
37000 21
38000 21
39000 21
40000 21
41000 21
42000 21
43000 21
44000 21
45000 21
46000 21
47000 21
48000 21
49000 21
50000 21
51000 21
52000 21
53000 21
54000 21
55000 21
56000 21
57000 21
58000 21
59000 21
60000 21
61000 21
62000 21
63000 21
64000 21
65000 21
66000 21
67000 21
68000 21
69000 21
70000 21
71000 21
72000 21
73000 21
74000 21
75000 21
76000 21
77000 21
78000 21
79000 21
80000 21
81000 21
82000 21
83000 21
84000 21
85000 21
86000 21
87000 21
88000 21
89000 21
90000 21
91000 21
92000 21
93000 21
94000 21
95000 21
96000 21
97000 21
98000 21
99000 21
100000 21
101000 21
102000 21
103000 21
104000 21
105000 21
106000 21
107000 21
108000 21
109000 21
110000 21
111000 21
112000 21
113000 21
114000 21
115000 21
116000 21
117000 21
118000 21
119000 21
120000 21
121000 21
122000 21
123000 21
124000 21
125000 21
126000 21
127000 21
128000 21
129000 21
130000 21
131000 21
132000 21
133000 21
134000 21
135000 21
136000 21
137000 21
138000 21
139000 21
140000 21
141000 21
142000 21
143000 21
144000 21
145000 21
146000 21
147000 21
148000 21
149000 21
150000 21
151000 21
152000 21
153000 21
154000 21
155000 21
156000 21
157000 21
158000 21
159000 21
160000 21
161000 21
162000 21
163000 21
164000 21
165000 21
166000 21
167000 21
168000 21
169000 21
170000 21
171000 21
172000 21
173000 21
174000 21
175000 21
176000 21
177000 21
178000 21
179000 21
180000 21
181000 21
182000 21
183000 21
184000 21
185000 21
186000 21
187000 21
188000 21
189000 21
190000 21
191000 21
192000 21
193000 21
194000 21
195000 21
196000 21
197000 21
198000 21
199000 21
200000 21
201000 21
202000 21
203000 21
204000 21
205000 21
206000 21
207000 21
208000 21
209000 21
210000 21
211000 21
212000 21
213000 21
214000 21
215000 21
216000 21
217000 21
218000 21
219000 21
220000 21
221000 21
222000 21
223000 21
224000 21
225000 21
226000 21
227000 21
228000 21
229000 21
230000 21
231000 21
232000 21
233000 21
234000 21
235000 21
236000 21
237000 21
238000 21
239000 21
240000 21
241000 21
242000 21
243000 21
244000 21
245000 21
246000 21
247000 21
248000 21
249000 21
250000 21
251000 21
252000 21
253000 21
254000 21
255000 21
256000 21
257000 21
258000 21
259000 21
260000 21
261000 21
262000 21
263000 21
264000 21
265000 21
266000 21
267000 21
268000 21
269000 21
270000 21
271000 21
272000 21
273000 21
274000 21
275000 21
276000 21
277000 21
278000 21
279000 21
280000 21
281000 21
282000 21
283000 21
284000 21
285000 21
286000 21
287000 21
288000 21
289000 21
290000 21
291000 21
292000 21
293000 21
294000 21
295000 21
296000 21
297000 21
298000 21
299000 21
300000 21
301000 21
302000 21
303000 21
304000 21
305000 21
306000 21
307000 21
308000 21
309000 21
310000 21
311000 21
312000 21
313000 21
314000 21
315000 21
316000 21
317000 21
318000 21
319000 21
320000 21
321000 21
322000 21
323000 21
324000 21
325000 21
326000 21
327000 21
328000 21
329000 21
330000 21
331000 21
332000 21
333000 21
334000 21
335000 21
336000 21
337000 21
338000 21
339000 21
340000 21
341000 21
342000 21
343000 21
344000 21
345000 21
346000 21
347000 21
348000 21
349000 21
350000 21
351000 21
352000 21
353000 21
354000 21
355000 21
356000 21
357000 21
358000 21
359000 21
360000 21
361000 21
362000 21
363000 21
364000 21
365000 21
366000 21
367000 21
368000 21
369000 21
370000 21
371000 21
372000 21
373000 21
374000 21
375000 21
376000 21
377000 21
378000 21
379000 21
380000 21
381000 21
382000 21
383000 21
384000 21
385000 21
386000 21
387000 21
388000 21
389000 21
390000 21
391000 21
392000 21
393000 21
394000 21
395000 21
396000 21
397000 21
398000 21
399000 21
400000 21
401000 21
402000 21
403000 21
404000 21
405000 21
406000 21
407000 21
408000 21
409000 21
410000 21
411000 21
412000 21
413000 21
414000 21
415000 21
416000 21
417000 21
418000 21
419000 21
420000 21
421000 21
422000 21
423000 21
424000 21
425000 21
426000 21
427000 21
428000 21
429000 21
430000 21
431000 21
432000 21
433000 21
434000 21
435000 21
436000 21
437000 21
438000 21
439000 21
440000 21
441000 21
442000 21
443000 21
444000 21
445000 21
446000 21
447000 21
448000 21
449000 21
450000 21
451000 21
452000 21
453000 21
454000 21
455000 21
456000 21
457000 21
458000 21
459000 21
460000 21
461000 21
462000 21
463000 21
464000 21
465000 21
466000 21
467000 21
468000 21
469000 21
470000 21
471000 21
472000 21
473000 21
474000 21
475000 21
476000 21
477000 21
478000 21
479000 21
480000 21
481000 21
482000 21
483000 21
484000 21
485000 21
486000 21
487000 21
488000 21
489000 21
490000 21
491000 21
492000 21
493000 21
494000 21
495000 21
496000 21
497000 21
498000 21
499000 21
500000 21
501000 21
502000 21
503000 21
504000 21
505000 21
506000 21
507000 21
508000 21
509000 21
510000 21
511000 21
512000 21
513000 21
514000 21
515000 21
516000 21
517000 21
518000 21
519000 21
520000 21
521000 21
522000 21
523000 21
524000 21
525000 21
526000 21
527000 21
528000 21
529000 21
530000 21
531000 21
532000 21
533000 21
534000 21
535000 21
536000 21
537000 21
538000 21
539000 21
540000 21
541000 21
542000 21
543000 21
544000 21
545000 21
546000 21
547000 21
548000 21
549000 21
550000 21
551000 21
552000 21
553000 21
554000 21
555000 21
556000 21
557000 21
558000 21
559000 21
560000 21
561000 21
562000 21
563000 21
564000 21
565000 21
566000 21
567000 21
568000 21
569000 21
570000 21
571000 21
572000 21
573000 21
574000 21
575000 21
576000 21
577000 21
578000 21
579000 21
580000 21
581000 21
582000 21
583000 21
584000 21
585000 21
586000 21
587000 21
588000 21
589000 21
590000 21
591000 21
592000 21
593000 21
594000 21
595000 21
596000 21
597000 21
598000 21
599000 21
600000 21
601000 21
602000 21
603000 21
604000 21
605000 21
606000 21
607000 21
608000 21
609000 21
610000 21
611000 21
612000 21
613000 21
614000 21
615000 21
616000 21
617000 21
618000 21
619000 21
620000 21
621000 21
622000 21
623000 21
624000 21
625000 21
626000 21
627000 21
628000 21
629000 21
630000 21
631000 21
632000 21
633000 21
634000 21
635000 21
636000 21
637000 21
638000 21
639000 21
640000 21
641000 21
642000 21
643000 21
644000 21
645000 21
646000 21
647000 21
648000 21
649000 21
650000 21
651000 21
652000 21
653000 21
654000 21
655000 21
656000 21
657000 21
658000 21
659000 21
660000 21
661000 21
662000 21
663000 21
664000 21
665000 21
666000 21
667000 21
668000 21
669000 21
670000 21
671000 21
672000 21
673000 21
674000 21
675000 21
676000 21
677000 21
678000 21
679000 21
680000 21
681000 21
682000 21
683000 21
684000 21
685000 21
686000 21
687000 21
688000 21
689000 21
690000 21
691000 21
692000 21
693000 21
694000 21
695000 21
696000 21
697000 21
698000 21
699000 21
700000 21
701000 21
702000 21
703000 21
704000 21
705000 21
706000 21
707000 21
708000 21
709000 21
710000 21
711000 21
712000 21
713000 21
714000 21
715000 21
716000 21
717000 21
718000 21
719000 21
720000 21
721000 21
722000 21
723000 21
724000 21
725000 21
726000 21
727000 21
728000 21
729000 21
730000 21
731000 21
732000 21
733000 21
734000 21
735000 21
736000 21
737000 21
738000 21
739000 21
740000 21
741000 21
742000 21
743000 21
744000 21
745000 21
746000 21
747000 21
748000 21
749000 21
750000 21
751000 21
752000 21
753000 21
754000 21
755000 21
756000 21
757000 21
758000 21
759000 21
760000 21
761000 21
762000 21
763000 21
764000 21
765000 21
766000 21
767000 21
768000 21
769000 21
770000 21
771000 21
772000 21
773000 21
774000 21
775000 21
776000 21
777000 21
778000 21
779000 21
780000 21
781000 21
782000 21
783000 21
784000 21
785000 21
786000 21
787000 21
788000 21
789000 21
790000 21
791000 21
792000 21
793000 21
794000 21
795000 21
796000 21
797000 21
798000 21
799000 21
800000 21
801000 21
802000 21
803000 21
804000 21
805000 21
806000 21
807000 21
808000 21
809000 21
810000 21
811000 21
812000 21
813000 21
814000 21
815000 21
816000 21
817000 21
818000 21
819000 21
820000 21
821000 21
822000 21
823000 21
824000 21
825000 21
826000 21
827000 21
828000 21
829000 21
830000 21
831000 21
832000 21
833000 21
834000 21
835000 21
836000 21
837000 21
838000 21
839000 21
840000 21
841000 21
842000 21
843000 21
844000 21
845000 21
846000 21
847000 21
848000 21
849000 21
850000 21
851000 21
852000 21
853000 21
854000 21
855000 21
856000 21
857000 21
858000 21
859000 21
860000 21
861000 21
862000 21
863000 21
864000 21
865000 21
866000 21
867000 21
868000 21
869000 21
870000 21
871000 21
872000 21
873000 21
874000 21
875000 21
876000 21
877000 21
878000 21
879000 21
880000 21
881000 21
882000 21
883000 21
884000 21
885000 21
886000 21
887000 21
888000 21
889000 21
890000 21
891000 21
892000 21
893000 21
894000 21
895000 21
896000 21
897000 21
898000 21
899000 21
900000 21
901000 21
902000 21
903000 21
904000 21
905000 21
906000 21
907000 21
908000 21
909000 21
910000 21
911000 21
912000 21
913000 21
914000 21
915000 21
916000 21
917000 21
918000 21
919000 21
920000 21
921000 21
922000 21
923000 21
924000 21
925000 21
926000 21
927000 21
928000 21
929000 21
930000 21
931000 21
932000 21
933000 21
934000 21
935000 21
936000 21
937000 21
938000 21
939000 21
940000 21
941000 21
942000 21
943000 21
944000 21
945000 21
946000 21
947000 21
948000 21
949000 21
950000 21
951000 21
952000 21
953000 21
954000 21
955000 21
956000 21
957000 21
958000 21
959000 21
960000 21
961000 21
962000 21
963000 21
964000 21
965000 21
966000 21
967000 21
968000 21
969000 21
970000 21
971000 21
972000 21
973000 21
974000 21
975000 21
976000 21
977000 21
978000 21
979000 21
980000 21
981000 21
982000 21
983000 21
984000 21
985000 21
986000 21
987000 21
988000 21
989000 21
990000 21
991000 21
992000 21
993000 21
994000 21
995000 21
996000 21
997000 21
998000 21
999000 21
1000000 21
1001000 21
1002000 21
1003000 21
1004000 21
1005000 21
1006000 21
1007000 21
1008000 21
1009000 21
1010000 21
1011000 21
1012000 21
1013000 21
1014000 21
1015000 21
1016000 21
1017000 21
1018000 21
1019000 21
1020000 21
1021000 21
1022000 21
1023000 21
1024000 21
1025000 21
1026000 21
1027000 21
1028000 21
1029000 21
1030000 21
1031000 21
1032000 21
1033000 21
1034000 21
1035000 21
1036000 21
1037000 21
1038000 21
1039000 21
1040000 21
1041000 21
1042000 21
1043000 21
1044000 21
1045000 21
1046000 21
1047000 21
1048000 21
1049000 21
1050000 21
1051000 21
1052000 21
1053000 21
1054000 21
1055000 21
1056000 21
1057000 21
1058000 21
1059000 21
1060000 21
1061000 21
1062000 21
1063000 21
1064000 21
1065000 21
1066000 21
1067000 21
1068000 21
1069000 21
1070000 21
1071000 21
1072000 21
1073000 21
1074000 21
1075000 21
1076000 21
1077000 21
1078000 21
1079000 21
1080000 21
1081000 21
1082000 21
1083000 21
1084000 21
1085000 21
1086000 21
1087000 21
1088000 21
1089000 21
1090000 21
1091000 21
1092000 21
1093000 21
1094000 21
1095000 21
1096000 21
1097000 21
1098000 21
1099000 21
1100000 21
1101000 21
1102000 21
1103000 21
1104000 21
1105000 21
1106000 21
1107000 21
1108000 21
1109000 21
1110000 21
1111000 21
1112000 21
1113000 21
1114000 21
1115000 21
1116000 21
1117000 21
1118000 21
1119000 21
1120000 21
1121000 21
1122000 21
1123000 21
1124000 21
1125000 21
1126000 21
1127000 21
1128000 21
1129000 21
1130000 21
1131000 21
1132000 21
1133000 21
1134000 21
1135000 21
1136000 21
1137000 21
1138000 21
1139000 21
1140000 21
1141000 21
1142000 21
1143000 21
1144000 21
1145000 21
1146000 21
1147000 21
1148000 21
1149000 21
1150000 21
1151000 21
1152000 21
1153000 21
1154000 21
1155000 21
1156000 21
1157000 21
1158000 21
1159000 21
1160000 21
1161000 21
1162000 21
1163000 21
1164000 21
1165000 21
1166000 21
1167000 21
1168000 21
1169000 21
1170000 21
1171000 21
1172000 21
1173000 21
1174000 21
1175000 21
1176000 21
1177000 21
1178000 21
1179000 21
1180000 21
1181000 21
1182000 21
1183000 21
1184000 21
1185000 21
1186000 21
1187000 21
1188000 21
1189000 21
1190000 21
1191000 21
1192000 21
1193000 21
1194000 21
1195000 21
1196000 21
1197000 21
1198000 21
1199000 21
1200000 21
1201000 21
1202000 21
1203000 21
1204000 21
1205000 21
1206000 21
1207000 21
1208000 21
1209000 21
1210000 21
1211000 21
1212000 21
1213000 21
1214000 21
1215000 21
1216000 21
1217000 21
1218000 21
1219000 21
1220000 21
1221000 21
1222000 21
1223000 21
1224000 21
1225000 21
1226000 21
1227000 21
1228000 21
1229000 21
1230000 21
1231000 21
1232000 21
1233000 21
1234000 21
1235000 21
1236000 21
1237000 21
1238000 21
1239000 21
1240000 21
1241000 21
1242000 21
1243000 21
1244000 21
1245000 21
1246000 21
1247000 21
1248000 21
1249000 21
1250000 21
1251000 21
1252000 21
1253000 21
1254000 21
1255000 21
1256000 21
1257000 21
1258000 21
1259000 21
1260000 21
1261000 21
1262000 21
1263000 21
1264000 21
1265000 21
1266000 21
1267000 21
1268000 21
1269000 21
1270000 21
1271000 21
1272000 21
1273000 21
1274000 21
1275000 21
1276000 21
1277000 21
1278000 21
1279000 21
1280000 21
1281000 21
1282000 21
1283000 21
1284000 21
1285000 21
1286000 21
1287000 21
1288000 21
1289000 21
1290000 21
1291000 21
1292000 21
1293000 21
1294000 21
1295000 21
1296000 21
1297000 21
1298000 21
1299000 21
1300000 21
1301000 21
1302000 21
1303000 21
1304000 21
1305000 21
1306000 21
1307000 21
1308000 21
1309000 21
1310000 21
1311000 21
1312000 21
1313000 21
1314000 21
1315000 21
1316000 21
1317000 21
1318000 21
1319000 21
1320000 21
1321000 21
1322000 21
1323000 21
1324000 21
1325000 21
1326000 21
1327000 21
1328000 21
1329000 21
1330000 21
1331000 21
1332000 21
1333000 21
1334000 21
1335000 21
1336000 21
1337000 21
1338000 21
1339000 21
1340000 21
1341000 21
1342000 21
1343000 21
1344000 21
1345000 21
1346000 21
1347000 21
1348000 21
1349000 21
1350000 21
1351000 21
1352000 21
1353000 21
1354000 21
1355000 21
1356000 21
1357000 21
1358000 21
1359000 21
1360000 21
1361000 21
1362000 21
1363000 21
1364000 21
1365000 21
1366000 21
1367000 21
1368000 21
1369000 21
1370000 21
1371000 21
1372000 21
1373000 21
1374000 21
1375000 21
1376000 21
1377000 21
1378000 21
1379000 21
1380000 21
1381000 21
1382000 21
1383000 21
1384000 21
1385000 21
1386000 21
1387000 21
1388000 21
1389000 21
1390000 21
1391000 21
1392000 21
1393000 21
1394000 21
1395000 21
1396000 21
1397000 21
1398000 21
1399000 21
1400000 21
1401000 21
1402000 21
1403000 21
1404000 21
1405000 21
1406000 21
1407000 21
1408000 21
1409000 21
1410000 21
1411000 21
1412000 21
1413000 21
1414000 21
1415000 21
1416000 21
1417000 21
1418000 21
1419000 21
1420000 21
1421000 21
1422000 21
1423000 21
1424000 21
1425000 21
1426000 21
1427000 21
1428000 21
1429000 21
1430000 21
1431000 21
1432000 21
1433000 21
1434000 21
1435000 21
1436000 21
1437000 21
1438000 21
1439000 21
1440000 21
1441000 21
1442000 21
1443000 21
1444000 21
1445000 21
1446000 21
1447000 21
1448000 21
1449000 21
1450000 21
1451000 21
1452000 21
1453000 21
1454000 21
1455000 21
1456000 21
1457000 21
1458000 21
1459000 21
1460000 21
1461000 21
1462000 21
1463000 21
1464000 21
1465000 21
1466000 21
1467000 21
1468000 21
1469000 21
1470000 21
1471000 21
1472000 21
1473000 21
1474000 21
1475000 21
1476000 21
1477000 21
1478000 21
1479000 21
1480000 21
1481000 21
1482000 21
1483000 21
1484000 21
1485000 21
1486000 21
1487000 21
1488000 21
1489000 21
1490000 21
1491000 21
1492000 21
1493000 21
1494000 21
1495000 21
1496000 21
1497000 21
1498000 21
1499000 21
1500000 21
1501000 21
1502000 21
1503000 21
1504000 21
1505000 21
1506000 21
1507000 21
1508000 21
1509000 21
1510000 21
1511000 21
1512000 21
1513000 21
1514000 21
1515000 21
1516000 21
1517000 21
1518000 21
1519000 21
1520000 21
1521000 21
1522000 21
1523000 21
1524000 21
1525000 21
1526000 21
1527000 21
1528000 21
1529000 21
1530000 21
1531000 21
1532000 21
1533000 21
1534000 21
1535000 21
1536000 21
1537000 21
1538000 21
1539000 21
1540000 21
1541000 21
1542000 21
1543000 21
1544000 21
1545000 21
1546000 21
1547000 21
1548000 21
1549000 21
1550000 21
1551000 21
1552000 21
1553000 21
1554000 21
1555000 21
1556000 21
1557000 21
1558000 21
1559000 21
1560000 21
1561000 21
1562000 21
1563000 21
1564000 21
1565000 21
1566000 21
1567000 21
1568000 21
1569000 21
1570000 21
1571000 21
1572000 21
1573000 21
1574000 21
1575000 21
1576000 21
1577000 21
1578000 21
1579000 21
1580000 21
1581000 21
1582000 21
1583000 21
1584000 21
1585000 21
1586000 21
1587000 21
1588000 21
1589000 21
1590000 21
1591000 21
1592000 21
1593000 21
1594000 21
1595000 21
1596000 21
1597000 21
1598000 21
1599000 21
1600000 21
1601000 21
1602000 21
1603000 21
1604000 21
1605000 21
1606000 21
1607000 21
1608000 21
1609000 21
1610000 21
1611000 21
1612000 21
1613000 21
1614000 21
1615000 21
1616000 21
1617000 21
1618000 21
1619000 21
1620000 21
1621000 21
1622000 21
1623000 21
1624000 21
1625000 21
1626000 21
1627000 21
1628000 21
1629000 21
1630000 21
1631000 21
1632000 21
1633000 21
1634000 21
1635000 21
1636000 21
1637000 21
1638000 21
1639000 21
1640000 21
1641000 21
1642000 21
1643000 21
1644000 21
1645000 21
1646000 21
1647000 21
1648000 21
1649000 21
1650000 21
1651000 21
1652000 21
1653000 21
1654000 21
1655000 21
1656000 21
1657000 21
1658000 21
1659000 21
1660000 21
1661000 21
1662000 21
1663000 21
1664000 21
1665000 21
1666000 21
1667000 21
1668000 21
1669000 21
1670000 21
1671000 21
1672000 21
1673000 21
1674000 21
1675000 21
1676000 21
1677000 21
1678000 21
1679000 21
1680000 21
1681000 21
1682000 21
1683000 21
1684000 21
1685000 21
1686000 21
1687000 21
1688000 21
1689000 21
1690000 21
1691000 21
1692000 21
1693000 21
1694000 21
1695000 21
1696000 21
1697000 21
1698000 21
1699000 21
1700000 21
1701000 21
1702000 21
1703000 21
1704000 21
1705000 21
1706000 21
1707000 21
1708000 21
1709000 21
1710000 21
1711000 21
1712000 21
1713000 21
1714000 21
1715000 21
1716000 21
1717000 21
1718000 21
1719000 21
1720000 21
1721000 21
1722000 21
1723000 21
1724000 21
1725000 21
1726000 21
1727000 21
1728000 21
1729000 21
1730000 21
1731000 21
1732000 21
1733000 21
1734000 21
1735000 21
1736000 21
1737000 21
1738000 21
1739000 21
1740000 21
1741000 21
1742000 21
1743000 21
1744000 21
1745000 21
1746000 21
1747000 21
1748000 21
1749000 21
1750000 21
1751000 21
1752000 21
1753000 21
1754000 21
1755000 21
1756000 21
1757000 21
1758000 21
1759000 21
1760000 21
1761000 21
1762000 21
1763000 21
1764000 21
1765000 21
1766000 21
1767000 21
1768000 21
1769000 21
1770000 21
1771000 21
1772000 21
1773000 21
1774000 21
1775000 21
1776000 21
1777000 21
1778000 21
1779000 21
1780000 21
1781000 21
1782000 21
1783000 21
1784000 21
1785000 21
1786000 21
1787000 21
1788000 21
1789000 21
1790000 21
1791000 21
1792000 21
1793000 21
1794000 21
1795000 21
1796000 21
1797000 21
1798000 21
1799000 21
1800000 21
1801000 21
1802000 21
1803000 21
1804000 21
1805000 21
1806000 21
1807000 21
1808000 21
1809000 21
1810000 21
1811000 21
1812000 21
1813000 21
1814000 21
1815000 21
1816000 21
1817000 21
1818000 21
1819000 21
1820000 21
1821000 21
1822000 21
1823000 21
1824000 21
1825000 21
1826000 21
1827000 21
1828000 21
1829000 21
1830000 21
1831000 21
1832000 21
1833000 21
1834000 21
1835000 21
1836000 21
1837000 21
1838000 21
1839000 21
1840000 21
1841000 21
1842000 21
1843000 21
1844000 21
1845000 21
1846000 21
1847000 21
1848000 21
1849000 21
1850000 21
1851000 21
1852000 21
1853000 21
1854000 21
1855000 21
1856000 21
1857000 21
1858000 21
1859000 21
1860000 21
1861000 21
1862000 21
1863000 21
1864000 21
1865000 21
1866000 21
1867000 21
1868000 21
1869000 21
1870000 21
1871000 21
1872000 21
1873000 21
1874000 21
1875000 21
1876000 21
1877000 21
1878000 21
1879000 21
1880000 21
1881000 21
1882000 21
1883000 21
1884000 21
1885000 21
1886000 21
1887000 21
1888000 21
1889000 21
1890000 21
1891000 21
1892000 21
1893000 21
1894000 21
1895000 21
1896000 21
1897000 21
1898000 21
1899000 21
1900000 21
1901000 21
1902000 21
1903000 21
1904000 21
1905000 21
1906000 21
1907000 21
1908000 21
1909000 21
1910000 21
1911000 21
1912000 21
1913000 21
1914000 21
1915000 21
1916000 21
1917000 21
1918000 21
1919000 21
1920000 21
1921000 21
1922000 21
1923000 21
1924000 21
1925000 21
1926000 21
1927000 21
1928000 21
1929000 21
1930000 21
1931000 21
1932000 21
1933000 21
1934000 21
1935000 21
1936000 21
1937000 21
1938000 21
1939000 21
1940000 21
1941000 21
1942000 21
1943000 21
1944000 21
1945000 21
1946000 21
1947000 21
1948000 21
1949000 21
1950000 21
1951000 21
1952000 21
1953000 21
1954000 21
1955000 21
1956000 21
1957000 21
1958000 21
1959000 21
1960000 21
1961000 21
1962000 21
1963000 21
1964000 21
1965000 21
1966000 21
1967000 21
1968000 21
1969000 21
1970000 21
1971000 21
1972000 21
1973000 21
1974000 21
1975000 21
1976000 21
1977000 21
1978000 21
1979000 21
1980000 21
1981000 21
1982000 21
1983000 21
1984000 21
1985000 21
1986000 21
1987000 21
1988000 21
1989000 21
1990000 21
1991000 21
1992000 21
1993000 21
1994000 21
1995000 21
1996000 21
1997000 21
1998000 21
1999000 21
2000000 21
2001000 21
2002000 21
2003000 21
2004000 21
2005000 21
2006000 21
2007000 21
2008000 21
2009000 21
2010000 21
2011000 21
2012000 21
2013000 21
2014000 21
2015000 21
2016000 21
2017000 21
2018000 21
2019000 21
2020000 21
2021000 21
2022000 21
2023000 21
2024000 21
2025000 21
2026000 21
2027000 21
2028000 21
2029000 21
2030000 21
2031000 21
2032000 21
2033000 21
2034000 21
2035000 21
2036000 21
2037000 21
2038000 21
2039000 21
2040000 21
2041000 21
2042000 21
2043000 21
2044000 21
2045000 21
2046000 21
2047000 21
2048000 21
2049000 21
2050000 21
2051000 21
2052000 21
2053000 21
2054000 21
2055000 21
2056000 21
2057000 21
2058000 21
2059000 21
2060000 21
2061000 21
2062000 21
2063000 21
2064000 21
2065000 21
2066000 21
2067000 21
2068000 21
2069000 21
2070000 21
2071000 21
2072000 21
2073000 21
2074000 21
2075000 21
2076000 21
2077000 21
2078000 21
2079000 21
2080000 21
2081000 21
2082000 21
2083000 21
2084000 21
2085000 21
2086000 21
2087000 21
2088000 21
2089000 21
2090000 21
2091000 21
2092000 21
2093000 21
2094000 21
2095000 21
2096000 21
2097000 21
2098000 21
2099000 21
2100000 21
2101000 21
2102000 21
2103000 21
2104000 21
2105000 21
2106000 21
2107000 21
2108000 21
2109000 21
2110000 21
2111000 21
2112000 21
2113000 21
2114000 21
2115000 21
2116000 21
2117000 21
2118000 21
2119000 21
2120000 21
2121000 21
2122000 21
2123000 21
2124000 21
2125000 21
2126000 21
2127000 21
2128000 21
2129000 21
2130000 21
2131000 21
2132000 21
2133000 21
2134000 21
2135000 21
2136000 21
2137000 21
2138000 21
2139000 21
2140000 21
2141000 21
2142000 21
2143000 21
2144000 21
2145000 21
2146000 21
2147000 21
2148000 21
2149000 21
2150000 21
2151000 21
2152000 21
2153000 21
2154000 21
2155000 21
2156000 21
2157000 21
2158000 21
2159000 21
2160000 21
2161000 21
2162000 21
2163000 21
2164000 21
2165000 21
2166000 21
2167000 21
2168000 21
2169000 21
2170000 21
2171000 21
2172000 21
2173000 21
2174000 21
2175000 21
2176000 21
2177000 21
2178000 21
2179000 21
2180000 21
2181000 21
2182000 21
2183000 21
2184000 21
2185000 21
2186000 21
2187000 21
2188000 21
2189000 21
2190000 21
2191000 21
2192000 21
2193000 21
2194000 21
2195000 21
2196000 21
2197000 21
2198000 21
2199000 21
2200000 21
2201000 21
2202000 21
2203000 21
2204000 21
2205000 21
2206000 21
2207000 21
2208000 21
2209000 21
2210000 21
2211000 21
2212000 21
2213000 21
2214000 21
2215000 21
2216000 21
2217000 21
2218000 21
2219000 21
2220000 21
2221000 21
2222000 21
2223000 21
2224000 21
2225000 21
2226000 21
2227000 21
2228000 21
2229000 21
2230000 21
2231000 21
2232000 21
2233000 21
2234000 21
2235000 21
2236000 21
2237000 21
2238000 21
2239000 21
2240000 21
2241000 21
2242000 21
2243000 21
2244000 21
2245000 21
2246000 21
2247000 21
2248000 21
2249000 21
2250000 21
2251000 21
2252000 21
2253000 21
2254000 21
2255000 21
2256000 21
2257000 21
2258000 21
2259000 21
2260000 21
2261000 21
2262000 21
2263000 21
2264000 21
2265000 21
2266000 21
2267000 21
2268000 21
2269000 21
2270000 21
2271000 21
2272000 21
2273000 21
2274000 21
2275000 21
2276000 21
2277000 21
2278000 21
2279000 21
2280000 21
2281000 21
2282000 21
2283000 21
2284000 21
2285000 21
2286000 21
2287000 21
2288000 21
2289000 21
2290000 21
2291000 21
2292000 21
2293000 21
2294000 21
2295000 21
2296000 21
2297000 21
2298000 21
2299000 21
2300000 21
2301000 21
2302000 21
2303000 21
2304000 21
2305000 21
2306000 21
2307000 21
2308000 21
2309000 21
2310000 21
2311000 21
2312000 21
2313000 21
2314000 21
2315000 21
2316000 21
2317000 21
2318000 21
2319000 21
2320000 21
2321000 21
2322000 21
2323000 21
2324000 21
2325000 21
2326000 21
2327000 21
2328000 21
2329000 21
2330000 21
2331000 21
2332000 21
2333000 21
2334000 21
2335000 21
2336000 21
2337000 21
2338000 21
2339000 21
2340000 21
2341000 21
2342000 21
2343000 21
2344000 21
2345000 21
2346000 21
2347000 21
2348000 21
2349000 21
2350000 21
2351000 21
2352000 21
2353000 21
2354000 21
2355000 21
2356000 21
2357000 21
2358000 21
2359000 21
2360000 21
2361000 21
2362000 21
2363000 21
2364000 21
2365000 21
2366000 21
2367000 21
2368000 21
2369000 21
2370000 21
2371000 21
2372000 21
2373000 21
2374000 21
2375000 21
2376000 21
2377000 21
2378000 21
2379000 21
2380000 21
2381000 21
2382000 21
2383000 21
2384000 21
2385000 21
2386000 21
2387000 21
2388000 21
2389000 21
2390000 21
2391000 21
2392000 21
2393000 21
2394000 21
2395000 21
2396000 21
2397000 21
2398000 21
2399000 21
2400000 21
2401000 21
2402000 21
2403000 21
2404000 21
2405000 21
2406000 21
2407000 21
2408000 21
2409000 21
2410000 21
2411000 21
2412000 21
2413000 21
2414000 21
2415000 21
2416000 21
2417000 21
2418000 21
2419000 21
2420000 21
2421000 21
2422000 21
2423000 21
2424000 21
2425000 21
2426000 21
2427000 21
2428000 21
2429000 21
2430000 21
2431000 21
2432000 21
2433000 21
2434000 21
2435000 21
2436000 21
2437000 21
2438000 21
2439000 21
2440000 21
2441000 21
2442000 21
2443000 21
2444000 21
2445000 21
2446000 21
2447000 21
2448000 21
2449000 21
2450000 21
2451000 21
2452000 21
2453000 21
2454000 21
2455000 21
2456000 21
2457000 21
2458000 21
2459000 21
2460000 21
2461000 21
2462000 21
2463000 21
2464000 21
2465000 21
2466000 21
2467000 21
2468000 21
2469000 21
2470000 21
2471000 21
2472000 21
2473000 21
2474000 21
2475000 21
2476000 21
2477000 21
2478000 21
2479000 21
2480000 21
2481000 21
2482000 21
2483000 21
2484000 21
2485000 21
2486000 21
2487000 21
2488000 21
2489000 21
2490000 21
2491000 21
2492000 21
2493000 21
2494000 21
2495000 21
2496000 21
2497000 21
2498000 21
2499000 21
2500000 21
2501000 21
2502000 21
2503000 21
2504000 21
2505000 21
2506000 21
2507000 21
2508000 21
2509000 21
2510000 21
2511000 21
2512000 21
2513000 21
2514000 21
2515000 21
2516000 21
2517000 21
2518000 21
2519000 21
2520000 21
2521000 21
2522000 21
2523000 21
2524000 21
2525000 21
2526000 21
2527000 21
2528000 21
2529000 21
2530000 21
2531000 21
2532000 21
2533000 21
2534000 21
2535000 21
2536000 21
2537000 21
2538000 21
2539000 21
2540000 21
2541000 21
2542000 21
2543000 21
2544000 21
2545000 21
2546000 21
2547000 21
2548000 21
2549000 21
2550000 21
2551000 21
2552000 21
2553000 21
2554000 21
2555000 21
2556000 21
2557000 21
2558000 21
2559000 21
2560000 21
2561000 21
2562000 21
2563000 21
2564000 21
2565000 21
2566000 21
2567000 21
2568000 21
2569000 21
2570000 21
2571000 21
2572000 21
2573000 21
2574000 21
2575000 21
2576000 21
2577000 21
2578000 21
2579000 21
2580000 21
2581000 21
2582000 21
2583000 21
2584000 21
2585000 21
2586000 21
2587000 21
2588000 21
2589000 21
2590000 21
2591000 21
2592000 21
2593000 21
2594000 21
2595000 21
2596000 21
2597000 21
2598000 21
2599000 21
2600000 21
2601000 21
2602000 21
2603000 21
2604000 21
2605000 21
2606000 21
2607000 21
2608000 21
2609000 21
2610000 21
2611000 21
2612000 21
2613000 21
2614000 21
2615000 21
2616000 21
2617000 21
2618000 21
2619000 21
2620000 21
2621000 21
2622000 21
2623000 21
2624000 21
2625000 21
2626000 21
2627000 21
2628000 21
2629000 21
2630000 21
2631000 21
2632000 21
2633000 21
2634000 21
2635000 21
2636000 21
2637000 21
2638000 21
2639000 21
2640000 21
2641000 21
2642000 21
2643000 21
2644000 21
2645000 21
2646000 21
2647000 21
2648000 21
2649000 21
2650000 21
2651000 21
2652000 21
2653000 21
2654000 21
2655000 21
2656000 21
2657000 21
2658000 21
2659000 21
2660000 21
2661000 21
2662000 21
2663000 21
2664000 21
2665000 21
2666000 21
2667000 21
2668000 21
2669000 21
2670000 21
2671000 21
2672000 21
2673000 21
2674000 21
2675000 21
2676000 21
2677000 21
2678000 21
2679000 21
2680000 21
2681000 21
2682000 21
2683000 21
2684000 21
2685000 21
2686000 21
2687000 21
2688000 21
2689000 21
2690000 21
2691000 21
2692000 21
2693000 21
2694000 21
2695000 21
2696000 21
2697000 21
2698000 21
2699000 21
2700000 21
2701000 21
2702000 21
2703000 21
2704000 21
2705000 21
2706000 21
2707000 21
2708000 21
2709000 21
2710000 21
2711000 21
2712000 21
2713000 21
2714000 21
2715000 21
2716000 21
2717000 21
2718000 21
2719000 21
2720000 21
2721000 21
2722000 21
2723000 21
2724000 21
2725000 21
2726000 21
2727000 21
2728000 21
2729000 21
2730000 21
2731000 21
2732000 21
2733000 21
2734000 21
2735000 21
2736000 21
2737000 21
2738000 21
2739000 21
2740000 21
2741000 21
2742000 21
2743000 21
2744000 21
2745000 21
2746000 21
2747000 21
2748000 21
2749000 21
2750000 21
2751000 21
2752000 21
2753000 21
2754000 21
2755000 21
2756000 21
2757000 21
2758000 21
2759000 21
2760000 21
2761000 21
2762000 21
2763000 21
2764000 21
2765000 21
2766000 21
2767000 21
2768000 21
2769000 21
2770000 21
2771000 21
2772000 21
2773000 21
2774000 21
2775000 21
2776000 21
2777000 21
2778000 21
2779000 21
2780000 21
2781000 21
2782000 21
2783000 21
2784000 21
2785000 21
2786000 21
2787000 21
2788000 21
2789000 21
2790000 21
2791000 21
2792000 21
2793000 21
2794000 21
2795000 21
2796000 21
2797000 21
2798000 21
2799000 21
2800000 21
2801000 21
2802000 21
2803000 21
2804000 21
2805000 21
2806000 21
2807000 21
2808000 21
2809000 21
2810000 21
2811000 21
2812000 21
2813000 21
2814000 21
2815000 21
2816000 21
2817000 21
2818000 21
2819000 21
2820000 21
2821000 21
2822000 21
2823000 21
2824000 21
2825000 21
2826000 21
2827000 21
2828000 21
2829000 21
2830000 21
2831000 21
2832000 21
2833000 21
2834000 21
2835000 21
2836000 21
2837000 21
2838000 21
2839000 21
2840000 21
2841000 21
2842000 21
2843000 21
2844000 21
2845000 21
2846000 21
2847000 21
2848000 21
2849000 21
2850000 21
2851000 21
2852000 21
2853000 21
2854000 21
2855000 21
2856000 21
2857000 21
2858000 21
2859000 21
2860000 21
2861000 21
2862000 21
2863000 21
2864000 21
2865000 21
2866000 21
2867000 21
2868000 21
2869000 21
2870000 21
2871000 21
2872000 21
2873000 21
2874000 21
2875000 21
2876000 21
2877000 21
2878000 21
2879000 21
2880000 21
2881000 21
2882000 21
2883000 21
2884000 21
2885000 21
2886000 21
2887000 21
2888000 21
2889000 21
2890000 21
2891000 21
2892000 21
2893000 21
2894000 21
2895000 21
2896000 21
2897000 21
2898000 21
2899000 21
2900000 21
2901000 21
2902000 21
2903000 21
2904000 21
2905000 21
2906000 21
2907000 21
2908000 21
2909000 21
2910000 21
2911000 21
2912000 21
2913000 21
2914000 21
2915000 21
2916000 21
2917000 21
2918000 21
2919000 21
2920000 21
2921000 21
2922000 21
2923000 21
2924000 21
2925000 21
2926000 21
2927000 21
2928000 21
2929000 21
2930000 21
2931000 21
2932000 21
2933000 21
2934000 21
2935000 21
2936000 21
2937000 21
2938000 21
2939000 21
2940000 21
2941000 21
2942000 21
2943000 21
2944000 21
2945000 21
2946000 21
2947000 21
2948000 21
2949000 21
2950000 21
2951000 21
2952000 21
2953000 21
2954000 21
2955000 21
2956000 21
2957000 21
2958000 21
2959000 21
2960000 21
2961000 21
2962000 21
2963000 21
2964000 21
2965000 21
2966000 21
2967000 21
2968000 21
2969000 21
2970000 21
2971000 21
2972000 21
2973000 21
2974000 21
2975000 21
2976000 21
2977000 21
2978000 21
2979000 21
2980000 21
2981000 21
2982000 21
2983000 21
2984000 21
2985000 21
2986000 21
2987000 21
2988000 21
2989000 21
2990000 21
2991000 21
2992000 21
2993000 21
2994000 21
2995000 21
2996000 21
2997000 21
2998000 21
2999000 21
3000000 21
3001000 21
3002000 21
3003000 21
3004000 21
3005000 21
3006000 21
3007000 21
3008000 21
3009000 21
3010000 21
3011000 21
3012000 21
3013000 21
3014000 21
3015000 21
3016000 21
3017000 21
3018000 21
3019000 21
3020000 21
3021000 21
3022000 21
3023000 21
3024000 21
3025000 21
3026000 21
3027000 21
3028000 21
3029000 21
3030000 21
3031000 21
3032000 21
3033000 21
3034000 21
3035000 21
3036000 21
3037000 21
3038000 21
3039000 21
3040000 21
3041000 21
3042000 21
3043000 21
3044000 21
3045000 21
3046000 21
3047000 21
3048000 21
3049000 21
3050000 21
3051000 21
3052000 21
3053000 21
3054000 21
3055000 21
3056000 21
3057000 21
3058000 21
3059000 21
3060000 21
3061000 21
3062000 21
3063000 21
3064000 21
3065000 21
3066000 21
3067000 21
3068000 21
3069000 21
3070000 21
3071000 21
3072000 21
3073000 21
3074000 21
3075000 21
3076000 21
3077000 21
3078000 21
3079000 21
3080000 21
3081000 21
3082000 21
3083000 21
3084000 21
3085000 21
3086000 21
3087000 21
3088000 21
3089000 21
3090000 21
3091000 21
3092000 21
3093000 21
3094000 21
3095000 21
3096000 21
3097000 21
3098000 21
3099000 21
3100000 21
3101000 21
3102000 21
3103000 21
3104000 21
3105000 21
3106000 21
3107000 21
3108000 21
3109000 21
3110000 21
3111000 21
3112000 21
3113000 21
3114000 21
3115000 21
3116000 21
3117000 21
3118000 21
3119000 21
3120000 21
3121000 21
3122000 21
3123000 21
3124000 21
3125000 21
3126000 21
3127000 21
3128000 21
3129000 21
3130000 21
3131000 21
3132000 21
3133000 21
3134000 21
3135000 21
3136000 21
3137000 21
3138000 21
3139000 21
3140000 21
3141000 21
3142000 21
3143000 21
3144000 21
3145000 21
3146000 21
3147000 21
3148000 21
3149000 21
3150000 21
3151000 21
3152000 21
3153000 21
3154000 21
3155000 21
3156000 21
3157000 21
3158000 21
3159000 21
3160000 21
3161000 21
3162000 21
3163000 21
3164000 21
3165000 21
3166000 21
3167000 21
3168000 21
3169000 21
3170000 21
3171000 21
3172000 21
3173000 21
3174000 21
3175000 21
3176000 21
3177000 21
3178000 21
3179000 21
3180000 21
3181000 21
3182000 21
3183000 21
3184000 21
3185000 21
3186000 21
3187000 21
3188000 21
3189000 21
3190000 21
3191000 21
3192000 21
3193000 21
3194000 21
3195000 21
3196000 21
3197000 21
3198000 21
3199000 21
3200000 21
3201000 21
3202000 21
3203000 21
3204000 21
3205000 21
3206000 21
3207000 21
3208000 21
3209000 21
3210000 21
3211000 21
3212000 21
3213000 21
3214000 21
3215000 21
3216000 21
3217000 21
3218000 21
3219000 21
3220000 21
3221000 21
3222000 21
3223000 21
3224000 21
3225000 21
3226000 21
3227000 21
3228000 21
3229000 21
3230000 21
3231000 21
3232000 21
3233000 21
3234000 21
3235000 21
3236000 21
3237000 21
3238000 21
3239000 21
3240000 21
3241000 21
3242000 21
3243000 21
3244000 21
3245000 21
3246000 21
3247000 21
3248000 21
3249000 21
3250000 21
3251000 21
3252000 21
3253000 21
3254000 21
3255000 21
3256000 21
3257000 21
3258000 21
3259000 21
3260000 21
3261000 21
3262000 21
3263000 21
3264000 21
3265000 21
3266000 21
3267000 21
3268000 21
3269000 21
3270000 21
3271000 21
3272000 21
3273000 21
3274000 21
3275000 21
3276000 21
3277000 21
3278000 21
3279000 21
3280000 21
3281000 21
3282000 21
3283000 21
3284000 21
3285000 21
3286000 21
3287000 21
3288000 21
3289000 21
3290000 21
3291000 21
3292000 21
3293000 21
3294000 21
3295000 21
3296000 21
3297000 21
3298000 21
3299000 21
3300000 21
3301000 21
3302000 21
3303000 21
3304000 21
3305000 21
3306000 21
3307000 21
3308000 21
3309000 21
3310000 21
3311000 21
3312000 21
3313000 21
3314000 21
3315000 21
3316000 21
3317000 21
3318000 21
3319000 21
3320000 21
3321000 21
3322000 21
3323000 21
3324000 21
3325000 21
3326000 21
3327000 21
3328000 21
3329000 21
3330000 21
3331000 21
3332000 21
3333000 21
3334000 21
3335000 21
3336000 21
3337000 21
3338000 21
3339000 21
3340000 21
3341000 21
3342000 21
3343000 21
3344000 21
3345000 21
3346000 21
3347000 21
3348000 21
3349000 21
3350000 21
3351000 21
3352000 21
3353000 21
3354000 21
3355000 21
3356000 21
3357000 21
3358000 21
3359000 21
3360000 21
3361000 21
3362000 21
3363000 21
3364000 21
3365000 21
3366000 21
3367000 21
3368000 21
3369000 21
3370000 21
3371000 21
3372000 21
3373000 21
3374000 21
3375000 21
3376000 21
3377000 21
3378000 21
3379000 21
3380000 21
3381000 21
3382000 21
3383000 21
3384000 21
3385000 21
3386000 21
3387000 21
3388000 21
3389000 21
3390000 21
3391000 21
3392000 21
3393000 21
3394000 21
3395000 21
3396000 21
3397000 21
3398000 21
3399000 21
3400000 21
3401000 21
3402000 21
3403000 21
3404000 21
3405000 21
3406000 21
3407000 21
3408000 21
3409000 21
3410000 21
3411000 21
3412000 21
3413000 21
3414000 21
3415000 21
3416000 21
3417000 21
3418000 21
3419000 21
3420000 21
3421000 21
3422000 21
3423000 21
3424000 21
3425000 21
3426000 21
3427000 21
3428000 21
3429000 21
3430000 21
3431000 21
3432000 21
3433000 21
3434000 21
3435000 21
3436000 21
3437000 21
3438000 21
3439000 21
3440000 21
3441000 21
3442000 21
3443000 21
3444000 21
3445000 21
3446000 21
3447000 21
3448000 21
3449000 21
3450000 21
3451000 21
3452000 21
3453000 21
3454000 21
3455000 21
3456000 21
3457000 21
3458000 21
3459000 21
3460000 21
3461000 21
3462000 21
3463000 21
3464000 21
3465000 21
3466000 21
3467000 21
3468000 21
3469000 21
3470000 21
3471000 21
3472000 21
3473000 21
3474000 21
3475000 21
3476000 21
3477000 21
3478000 21
3479000 21
3480000 21
3481000 21
3482000 21
3483000 21
3484000 21
3485000 21
3486000 21
3487000 21
3488000 21
3489000 21
3490000 21
3491000 21
3492000 21
3493000 21
3494000 21
3495000 21
3496000 21
3497000 21
3498000 21
3499000 21
3500000 21
3501000 21
3502000 21
3503000 21
3504000 21
3505000 21
3506000 21
3507000 21
3508000 21
3509000 21
3510000 21
3511000 21
3512000 21
3513000 21
3514000 21
3515000 21
3516000 21
3517000 21
3518000 21
3519000 21
3520000 21
3521000 21
3522000 21
3523000 21
3524000 21
3525000 21
3526000 21
3527000 21
3528000 21
3529000 21
3530000 21
3531000 21
3532000 21
3533000 21
3534000 21
3535000 21
3536000 21
3537000 21
3538000 21
3539000 21
3540000 21
3541000 21
3542000 21
3543000 21
3544000 21
3545000 21
3546000 21
3547000 21
3548000 21
3549000 21
3550000 21
3551000 21
3552000 21
3553000 21
3554000 21
3555000 21
3556000 21
3557000 21
3558000 21
3559000 21
3560000 21
3561000 21
3562000 21
3563000 21
3564000 21
3565000 21
3566000 21
3567000 21
3568000 21
3569000 21
3570000 21
3571000 21
3572000 21
3573000 21
3574000 21
3575000 21
3576000 21
3577000 21
3578000 21
3579000 21
3580000 21
3581000 21
3582000 21
3583000 21
3584000 21
3585000 21
3586000 21
3587000 21
3588000 21
3589000 21
3590000 21
3591000 21
3592000 21
3593000 21
3594000 21
3595000 21
3596000 21
3597000 21
3598000 21
3599000 21
3600000 21
3601000 21
3602000 21
3603000 21
3604000 21
3605000 21
3606000 21
3607000 21
3608000 21
3609000 21
3610000 21
3611000 21
3612000 21
3613000 21
3614000 21
3615000 21
3616000 21
3617000 21
3618000 21
3619000 21
3620000 21
3621000 21
3622000 21
3623000 21
3624000 21
3625000 21
3626000 21
3627000 21
3628000 21
3629000 21
3630000 21
3631000 21
3632000 21
3633000 21
3634000 21
3635000 21
3636000 21
3637000 21
3638000 21
3639000 21
3640000 21
3641000 21
3642000 21
3643000 21
3644000 21
3645000 21
3646000 21
3647000 21
3648000 21
3649000 21
3650000 21
3651000 21
3652000 21
3653000 21
3654000 21
3655000 21
3656000 21
3657000 21
3658000 21
3659000 21
3660000 21
3661000 21
3662000 21
3663000 21
3664000 21
3665000 21
3666000 21
3667000 21
3668000 21
3669000 21
3670000 21
3671000 21
3672000 21
3673000 21
3674000 21
3675000 21
3676000 21
3677000 21
3678000 21
3679000 21
3680000 21
3681000 21
3682000 21
3683000 21
3684000 21
3685000 21
3686000 21
3687000 21
3688000 21
3689000 21
3690000 21
3691000 21
3692000 21
3693000 21
3694000 21
3695000 21
3696000 21
3697000 21
3698000 21
3699000 21
3700000 21
3701000 21
3702000 21
3703000 21
3704000 21
3705000 21
3706000 21
3707000 21
3708000 21
3709000 21
3710000 21
3711000 21
3712000 21
3713000 21
3714000 21
3715000 21
3716000 21
3717000 21
3718000 21
3719000 21
3720000 21
3721000 21
3722000 21
3723000 21
3724000 21
3725000 21
3726000 21
3727000 21
3728000 21
3729000 21
3730000 21
3731000 21
3732000 21
3733000 21
3734000 21
3735000 21
3736000 21
3737000 21
3738000 21
3739000 21
3740000 21
3741000 21
3742000 21
3743000 21
3744000 21
3745000 21
3746000 21
3747000 21
3748000 21
3749000 21
3750000 21
3751000 21
3752000 21
3753000 21
3754000 21
3755000 21
3756000 21
3757000 21
3758000 21
3759000 21
3760000 21
3761000 21
3762000 21
3763000 21
3764000 21
3765000 21
3766000 21
3767000 21
3768000 21
3769000 21
3770000 21
3771000 21
3772000 21
3773000 21
3774000 21
3775000 21
3776000 21
3777000 21
3778000 21
3779000 21
3780000 21
3781000 21
3782000 21
3783000 21
3784000 21
3785000 21
3786000 21
3787000 21
3788000 21
3789000 21
3790000 21
3791000 21
3792000 21
3793000 21
3794000 21
3795000 21
3796000 21
3797000 21
3798000 21
3799000 21
3800000 21
3801000 21
3802000 21
3803000 21
3804000 21
3805000 21
3806000 21
3807000 21
3808000 21
3809000 21
3810000 21
3811000 21
3812000 21
3813000 21
3814000 21
3815000 21
3816000 21
3817000 21
3818000 21
3819000 21
3820000 21
3821000 21
3822000 21
3823000 21
3824000 21
3825000 21
3826000 21
3827000 21
3828000 21
3829000 21
3830000 21
3831000 21
3832000 21
3833000 21
3834000 21
3835000 21
3836000 21
3837000 21
3838000 21
3839000 21
3840000 21
3841000 21
3842000 21
3843000 21
3844000 21
3845000 21
3846000 21
3847000 21
3848000 21
3849000 21
3850000 21
3851000 21
3852000 21
3853000 21
3854000 21
3855000 21
3856000 21
3857000 21
3858000 21
3859000 21
3860000 21
3861000 21
3862000 21
3863000 21
3864000 21
3865000 21
3866000 21
3867000 21
3868000 21
3869000 21
3870000 21
3871000 21
3872000 21
3873000 21
3874000 21
3875000 21
3876000 21
3877000 21
3878000 21
3879000 21
3880000 21
3881000 21
3882000 21
3883000 21
3884000 21
3885000 21
3886000 21
3887000 21
3888000 21
3889000 21
3890000 21
3891000 21
3892000 21
3893000 21
3894000 21
3895000 21
3896000 21
3897000 21
3898000 21
3899000 21
3900000 21
3901000 21
3902000 21
3903000 21
3904000 21
3905000 21
3906000 21
3907000 21
3908000 21
3909000 21
3910000 21
3911000 21
3912000 21
3913000 21
3914000 21
3915000 21
3916000 21
3917000 21
3918000 21
3919000 21
3920000 21
3921000 21
3922000 21
3923000 21
3924000 21
3925000 21
3926000 21
3927000 21
3928000 21
3929000 21
3930000 21
3931000 21
3932000 21
3933000 21
3934000 21
3935000 21
3936000 21
3937000 21
3938000 21
3939000 21
3940000 21
3941000 21
3942000 21
3943000 21
3944000 21
3945000 21
3946000 21
3947000 21
3948000 21
3949000 21
3950000 21
3951000 21
3952000 21
3953000 21
3954000 21
3955000 21
3956000 21
3957000 21
3958000 21
3959000 21
3960000 21
3961000 21
3962000 21
3963000 21
3964000 21
3965000 21
3966000 21
3967000 21
3968000 21
3969000 21
3970000 21
3971000 21
3972000 21
3973000 21
3974000 21
3975000 21
3976000 21
3977000 21
3978000 21
3979000 21
3980000 21
3981000 21
3982000 21
3983000 21
3984000 21
3985000 21
3986000 21
3987000 21
3988000 21
3989000 21
3990000 21
3991000 21
3992000 21
3993000 21
3994000 21
3995000 21
3996000 21
3997000 21
3998000 21
3999000 21
4000000 21
4001000 21
4002000 21
4003000 21
4004000 21
4005000 21
4006000 21
4007000 21
4008000 21
4009000 21
4010000 21
4011000 21
4012000 21
4013000 21
4014000 21
4015000 21
4016000 21
4017000 21
4018000 21
4019000 21
4020000 21
4021000 21
4022000 21
4023000 21
4024000 21
4025000 21
4026000 21
4027000 21
4028000 21
4029000 21
4030000 21
4031000 21
4032000 21
4033000 21
4034000 21
4035000 21
4036000 21
4037000 21
4038000 21
4039000 21
4040000 21
4041000 21
4042000 21
4043000 21
4044000 21
4045000 21
4046000 21
4047000 21
4048000 21
4049000 21
4050000 21
4051000 21
4052000 21
4053000 21
4054000 21
4055000 21
4056000 21
4057000 21
4058000 21
4059000 21
4060000 21
4061000 21
4062000 21
4063000 21
4064000 21
4065000 21
4066000 21
4067000 21
4068000 21
4069000 21
4070000 21
4071000 21
4072000 21
4073000 21
4074000 21
4075000 21
4076000 21
4077000 21
4078000 21
4079000 21
4080000 21
4081000 21
4082000 21
4083000 21
4084000 21
4085000 21
4086000 21
4087000 21
4088000 21
4089000 21
4090000 21
4091000 21
4092000 21
4093000 21
4094000 21
4095000 21
4096000 21
4097000 21
4098000 21
4099000 21
4100000 21
4101000 21
4102000 21
4103000 21
4104000 21
4105000 21
4106000 21
4107000 21
4108000 21
4109000 21
4110000 21
4111000 21
4112000 21
4113000 21
4114000 21
4115000 21
4116000 21
4117000 21
4118000 21
4119000 21
4120000 21
4121000 21
4122000 21
4123000 21
4124000 21
4125000 21
4126000 21
4127000 21
4128000 21
4129000 21
4130000 21
4131000 21
4132000 21
4133000 21
4134000 21
4135000 21
4136000 21
4137000 21
4138000 21
4139000 21
4140000 21
4141000 21
4142000 21
4143000 21
4144000 21
4145000 21
4146000 21
4147000 21
4148000 21
4149000 21
4150000 21
4151000 21
4152000 21
4153000 21
4154000 21
4155000 21
4156000 21
4157000 21
4158000 21
4159000 21
4160000 21
4161000 21
4162000 21
4163000 21
4164000 21
4165000 21
4166000 21
4167000 21
4168000 21
4169000 21
4170000 21
4171000 21
4172000 21
4173000 21
4174000 21
4175000 21
4176000 21
4177000 21
4178000 21
4179000 21
4180000 21
4181000 21
4182000 21
4183000 21
4184000 21
4185000 21
4186000 21
4187000 21
4188000 21
4189000 21
4190000 21
4191000 21
4192000 21
4193000 21
4194000 21
4195000 21
4196000 21
4197000 21
4198000 21
4199000 21
4200000 21
4201000 21
4202000 21
4203000 21
4204000 21
4205000 21
4206000 21
4207000 21
4208000 21
4209000 21
4210000 21
4211000 21
4212000 21
4213000 21
4214000 21
4215000 21
4216000 21
4217000 21
4218000 21
4219000 21
4220000 21
4221000 21
4222000 21
4223000 21
4224000 21
4225000 21
4226000 21
4227000 21
4228000 21
4229000 21
4230000 21
4231000 21
4232000 21
4233000 21
4234000 21
4235000 21
4236000 21
4237000 21
4238000 21
4239000 21
4240000 21
4241000 21
4242000 21
4243000 21
4244000 21
4245000 21
4246000 21
4247000 21
4248000 21
4249000 21
4250000 21
4251000 21
4252000 21
4253000 21
4254000 21
4255000 21
4256000 21
4257000 21
4258000 21
4259000 21
4260000 21
4261000 21
4262000 21
4263000 21
4264000 21
4265000 21
4266000 21
4267000 21
4268000 21
4269000 21
4270000 21
4271000 21
4272000 21
4273000 21
4274000 21
4275000 21
4276000 21
4277000 21
4278000 21
4279000 21
4280000 21
4281000 21
4282000 21
4283000 21
4284000 21
4285000 21
4286000 21
4287000 21
4288000 21
4289000 21
4290000 21
4291000 21
4292000 21
4293000 21
4294000 21
4295000 21
4296000 21
4297000 21
4298000 21
4299000 21
4300000 21
4301000 21
4302000 21
4303000 21
4304000 21
4305000 21
4306000 21
4307000 21
4308000 21
4309000 21
4310000 21
4311000 21
4312000 21
4313000 21
4314000 21
4315000 21
4316000 21
4317000 21
4318000 21
4319000 21
4320000 21
4321000 21
4322000 21
4323000 21
4324000 21
4325000 21
4326000 21
4327000 21
4328000 21
4329000 21
4330000 21
4331000 21
4332000 21
4333000 21
4334000 21
4335000 21
4336000 21
4337000 21
4338000 21
4339000 21
4340000 21
4341000 21
4342000 21
4343000 21
4344000 21
4345000 21
4346000 21
4347000 21
4348000 21
4349000 21
4350000 21
4351000 21
4352000 21
4353000 21
4354000 21
4355000 21
4356000 21
4357000 21
4358000 21
4359000 21
4360000 21
4361000 21
4362000 21
4363000 21
4364000 21
4365000 21
4366000 21
4367000 21
4368000 21
4369000 21
4370000 21
4371000 21
4372000 21
4373000 21
4374000 21
4375000 21
4376000 21
4377000 21
4378000 21
4379000 21
4380000 21
4381000 21
4382000 21
4383000 21
4384000 21
4385000 21
4386000 21
4387000 21
4388000 21
4389000 21
4390000 21
4391000 21
4392000 21
4393000 21
4394000 21
4395000 21
4396000 21
4397000 21
4398000 21
4399000 21
4400000 21
4401000 21
4402000 21
4403000 21
4404000 21
4405000 21
4406000 21
4407000 21
4408000 21
4409000 21
4410000 21
4411000 21
4412000 21
4413000 21
4414000 21
4415000 21
4416000 21
4417000 21
4418000 21
4419000 21
4420000 21
4421000 21
4422000 21
4423000 21
4424000 21
4425000 21
4426000 21
4427000 21
4428000 21
4429000 21
4430000 21
4431000 21
4432000 21
4433000 21
4434000 21
4435000 21
4436000 21
4437000 21
4438000 21
4439000 21
4440000 21
4441000 21
4442000 21
4443000 21
4444000 21
4445000 21
4446000 21
4447000 21
4448000 21
4449000 21
4450000 21
4451000 21
4452000 21
4453000 21
4454000 21
4455000 21
4456000 21
4457000 21
4458000 21
4459000 21
4460000 21
4461000 21
4462000 21
4463000 21
4464000 21
4465000 21
4466000 21
4467000 21
4468000 21
4469000 21
4470000 21
4471000 21
4472000 21
4473000 21
4474000 21
4475000 21
4476000 21
4477000 21
4478000 21
4479000 21
4480000 21
4481000 21
4482000 21
4483000 21
4484000 21
4485000 21
4486000 21
4487000 21
4488000 21
4489000 21
4490000 21
4491000 21
4492000 21
4493000 21
4494000 21
4495000 21
4496000 21
4497000 21
4498000 21
4499000 21
4500000 21
4501000 21
4502000 21
4503000 21
4504000 21
4505000 21
4506000 21
4507000 21
4508000 21
4509000 21
4510000 21
4511000 21
4512000 21
4513000 21
4514000 21
4515000 21
4516000 21
4517000 21
4518000 21
4519000 21
4520000 21
4521000 21
4522000 21
4523000 21
4524000 21
4525000 21
4526000 21
4527000 21
4528000 21
4529000 21
4530000 21
4531000 21
4532000 21
4533000 21
4534000 21
4535000 21
4536000 21
4537000 21
4538000 21
4539000 21
4540000 21
4541000 21
4542000 21
4543000 21
4544000 21
4545000 21
4546000 21
4547000 21
4548000 21
4549000 21
4550000 21
4551000 21
4552000 21
4553000 21
4554000 21
4555000 21
4556000 21
4557000 21
4558000 21
4559000 21
4560000 21
4561000 21
4562000 21
4563000 21
4564000 21
4565000 21
4566000 21
4567000 21
4568000 21
4569000 21
4570000 21
4571000 21
4572000 21
4573000 21
4574000 21
4575000 21
4576000 21
4577000 21
4578000 21
4579000 21
4580000 21
4581000 21
4582000 21
4583000 21
4584000 21
4585000 21
4586000 21
4587000 21
4588000 21
4589000 21
4590000 21
4591000 21
4592000 21
4593000 21
4594000 21
4595000 21
4596000 21
4597000 21
4598000 21
4599000 21
4600000 21
4601000 21
4602000 21
4603000 21
4604000 21
4605000 21
4606000 21
4607000 21
4608000 21
4609000 21
4610000 21
4611000 21
4612000 21
4613000 21
4614000 21
4615000 21
4616000 21
4617000 21
4618000 21
4619000 21
4620000 21
4621000 21
4622000 21
4623000 21
4624000 21
4625000 21
4626000 21
4627000 21
4628000 21
4629000 21
4630000 21
4631000 21
4632000 21
4633000 21
4634000 21
4635000 21
4636000 21
4637000 21
4638000 21
4639000 21
4640000 21
4641000 21
4642000 21
4643000 21
4644000 21
4645000 21
4646000 21
4647000 21
4648000 21
4649000 21
4650000 21
4651000 21
4652000 21
4653000 21
4654000 21
4655000 21
4656000 21
4657000 21
4658000 21
4659000 21
4660000 21
4661000 21
4662000 21
4663000 21
4664000 21
4665000 21
4666000 21
4667000 21
4668000 21
4669000 21
4670000 21
4671000 21
4672000 21
4673000 21
4674000 21
4675000 21
4676000 21
4677000 21
4678000 21
4679000 21
4680000 21
4681000 21
4682000 21
4683000 21
4684000 21
4685000 21
4686000 21
4687000 21
4688000 21
4689000 21
4690000 21
4691000 21
4692000 21
4693000 21
4694000 21
4695000 21
4696000 21
4697000 21
4698000 21
4699000 21
4700000 21
4701000 21
4702000 21
4703000 21
4704000 21
4705000 21
4706000 21
4707000 21
4708000 21
4709000 21
4710000 21
4711000 21
4712000 21
4713000 21
4714000 21
4715000 21
4716000 21
4717000 21
4718000 21
4719000 21
4720000 21
4721000 21
4722000 21
4723000 21
4724000 21
4725000 21
4726000 21
4727000 21
4728000 21
4729000 21
4730000 21
4731000 21
4732000 21
4733000 21
4734000 21
4735000 21
4736000 21
4737000 21
4738000 21
4739000 21
4740000 21
4741000 21
4742000 21
4743000 21
4744000 21
4745000 21
4746000 21
4747000 21
4748000 21
4749000 21
4750000 21
4751000 21
4752000 21
4753000 21
4754000 21
4755000 21
4756000 21
4757000 21
4758000 21
4759000 21
4760000 21
4761000 21
4762000 21
4763000 21
4764000 21
4765000 21
4766000 21
4767000 21
4768000 21
4769000 21
4770000 21
4771000 21
4772000 21
4773000 21
4774000 21
4775000 21
4776000 21
4777000 21
4778000 21
4779000 21
4780000 21
4781000 21
4782000 21
4783000 21
4784000 21
4785000 21
4786000 21
4787000 21
4788000 21
4789000 21
4790000 21
4791000 21
4792000 21
4793000 21
4794000 21
4795000 21
4796000 21
4797000 21
4798000 21
4799000 21
4800000 21
4801000 21
4802000 21
4803000 21
4804000 21
4805000 21
4806000 21
4807000 21
4808000 21
4809000 21
4810000 21
4811000 21
4812000 21
4813000 21
4814000 21
4815000 21
4816000 21
4817000 21
4818000 21
4819000 21
4820000 21
4821000 21
4822000 21
4823000 21
4824000 21
4825000 21
4826000 21
4827000 21
4828000 21
4829000 21
4830000 21
4831000 21
4832000 21
4833000 21
4834000 21
4835000 21
4836000 21
4837000 21
4838000 21
4839000 21
4840000 21
4841000 21
4842000 21
4843000 21
4844000 21
4845000 21
4846000 21
4847000 21
4848000 21
4849000 21
4850000 21
4851000 21
4852000 21
4853000 21
4854000 21
4855000 21
4856000 21
4857000 21
4858000 21
4859000 21
4860000 21
4861000 21
4862000 21
4863000 21
4864000 21
4865000 21
4866000 21
4867000 21
4868000 21
4869000 21
4870000 21
4871000 21
4872000 21
4873000 21
4874000 21
4875000 21
4876000 21
4877000 21
4878000 21
4879000 21
4880000 21
4881000 21
4882000 21
4883000 21
4884000 21
4885000 21
4886000 21
4887000 21
4888000 21
4889000 21
4890000 21
4891000 21
4892000 21
4893000 21
4894000 21
4895000 21
4896000 21
4897000 21
4898000 21
4899000 21
4900000 21
4901000 21
4902000 21
4903000 21
4904000 21
4905000 21
4906000 21
4907000 21
4908000 21
4909000 21
4910000 21
4911000 21
4912000 21
4913000 21
4914000 21
4915000 21
4916000 21
4917000 21
4918000 21
4919000 21
4920000 21
4921000 21
4922000 21
4923000 21
4924000 21
4925000 21
4926000 21
4927000 21
4928000 21
4929000 21
4930000 21
4931000 21
4932000 21
4933000 21
4934000 21
4935000 21
4936000 21
4937000 21
4938000 21
4939000 21
4940000 21
4941000 21
4942000 21
4943000 21
4944000 21
4945000 21
4946000 21
4947000 21
4948000 21
4949000 21
4950000 21
4951000 21
4952000 21
4953000 21
4954000 21
4955000 21
4956000 21
4957000 21
4958000 21
4959000 21
4960000 21
4961000 21
4962000 21
4963000 21
4964000 21
4965000 21
4966000 21
4967000 21
4968000 21
4969000 21
4970000 21
4971000 21
4972000 21
4973000 21
4974000 21
4975000 21
4976000 21
4977000 21
4978000 21
4979000 21
4980000 21
4981000 21
4982000 21
4983000 21
4984000 21
4985000 21
4986000 21
4987000 21
4988000 21
4989000 21
4990000 21
4991000 21
4992000 21
4993000 21
4994000 21
4995000 21
4996000 21
4997000 21
4998000 21
4999000 21
5000000 21
5001000 21
5002000 21
5003000 21
5004000 21
5005000 21
5006000 21
5007000 21
5008000 21
5009000 21
5010000 21
5011000 21
5012000 21
5013000 21
5014000 21
5015000 21
5016000 21
5017000 21
5018000 21
5019000 21
5020000 21
5021000 21
5022000 21
5023000 21
5024000 21
5025000 21
5026000 21
5027000 21
5028000 21
5029000 21
5030000 21
5031000 21
5032000 21
5033000 21
5034000 21
5035000 21
5036000 21
5037000 21
5038000 21
5039000 21
5040000 21
5041000 21
5042000 21
5043000 21
5044000 21
5045000 21
5046000 21
5047000 21
5048000 21
5049000 21
5050000 21
5051000 21
5052000 21
5053000 21
5054000 21
5055000 21
5056000 21
5057000 21
5058000 21
5059000 21
5060000 21
5061000 21
5062000 21
5063000 21
5064000 21
5065000 21
5066000 21
5067000 21
5068000 21
5069000 21
5070000 21
5071000 21
5072000 21
5073000 21
5074000 21
5075000 21
5076000 21
5077000 21
5078000 21
5079000 21
5080000 21
5081000 21
5082000 21
5083000 21
5084000 21
5085000 21
5086000 21
5087000 21
5088000 21
5089000 21
5090000 21
5091000 21
5092000 21
5093000 21
5094000 21
5095000 21
5096000 21
5097000 21
5098000 21
5099000 21
5100000 21
5101000 21
5102000 21
5103000 21
5104000 21
5105000 21
5106000 21
5107000 21
5108000 21
5109000 21
5110000 21
5111000 21
5112000 21
5113000 21
5114000 21
5115000 21
5116000 21
5117000 21
5118000 21
5119000 21
5120000 21
5121000 21
5122000 21
5123000 21
5124000 21
5125000 21
5126000 21
5127000 21
5128000 21
5129000 21
5130000 21
5131000 21
5132000 21
5133000 21
5134000 21
5135000 21
5136000 21
5137000 21
5138000 21
5139000 21
5140000 21
5141000 21
5142000 21
5143000 21
5144000 21
5145000 21
5146000 21
5147000 21
5148000 21
5149000 21
5150000 21
5151000 21
5152000 21
5153000 21
5154000 21
5155000 21
5156000 21
5157000 21
5158000 21
5159000 21
5160000 21
5161000 21
5162000 21
5163000 21
5164000 21
5165000 21
5166000 21
5167000 21
5168000 21
5169000 21
5170000 21
5171000 21
5172000 21
5173000 21
5174000 21
5175000 21
5176000 21
5177000 21
5178000 21
5179000 21
5180000 21
5181000 21
5182000 21
5183000 21
5184000 21
5185000 21
5186000 21
5187000 21
5188000 21
5189000 21
5190000 21
5191000 21
5192000 21
5193000 21
5194000 21
5195000 21
5196000 21
5197000 21
5198000 21
5199000 21
5200000 21
5201000 21
5202000 21
5203000 21
5204000 21
5205000 21
5206000 21
5207000 21
5208000 21
5209000 21
5210000 21
5211000 21
5212000 21
5213000 21
5214000 21
5215000 21
5216000 21
5217000 21
5218000 21
5219000 21
5220000 21
5221000 21
5222000 21
5223000 21
5224000 21
5225000 21
5226000 21
5227000 21
5228000 21
5229000 21
5230000 21
5231000 21
5232000 21
5233000 21
5234000 21
5235000 21
5236000 21
5237000 21
5238000 21
5239000 21
5240000 21
5241000 21
5242000 21
5243000 21
5244000 21
5245000 21
5246000 21
5247000 21
5248000 21
5249000 21
5250000 21
5251000 21
5252000 21
5253000 21
5254000 21
5255000 21
5256000 21
5257000 21
5258000 21
5259000 21
5260000 21
5261000 21
5262000 21
5263000 21
5264000 21
5265000 21
5266000 21
5267000 21
5268000 21
5269000 21
5270000 21
5271000 21
5272000 21
5273000 21
5274000 21
5275000 21
5276000 21
5277000 21
5278000 21
5279000 21
5280000 21
5281000 21
5282000 21
5283000 21
5284000 21
5285000 21
5286000 21
5287000 21
5288000 21
5289000 21
5290000 21
5291000 21
5292000 21
5293000 21
5294000 21
5295000 21
5296000 21
5297000 21
5298000 21
5299000 21
5300000 21
5301000 21
5302000 21
5303000 21
5304000 21
5305000 21
5306000 21
5307000 21
5308000 21
5309000 21
5310000 21
5311000 21
5312000 21
5313000 21
5314000 21
5315000 21
5316000 21
5317000 21
5318000 21
5319000 21
5320000 21
5321000 21
5322000 21
5323000 21
5324000 21
5325000 21
5326000 21
5327000 21
5328000 21
5329000 21
5330000 21
5331000 21
5332000 21
5333000 21
5334000 21
5335000 21
5336000 21
5337000 21
5338000 21
5339000 21
5340000 21
5341000 21
5342000 21
5343000 21
5344000 21
5345000 21
5346000 21
5347000 21
5348000 21
5349000 21
5350000 21
5351000 21
5352000 21
5353000 21
5354000 21
5355000 21
5356000 21
5357000 21
5358000 21
5359000 21
5360000 21
5361000 21
5362000 21
5363000 21
5364000 21
5365000 21
5366000 21
5367000 21
5368000 21
5369000 21
5370000 21
5371000 21
5372000 21
5373000 21
5374000 21
5375000 21
5376000 21
5377000 21
5378000 21
5379000 21
5380000 21
5381000 21
5382000 21
5383000 21
5384000 21
5385000 21
5386000 21
5387000 21
5388000 21
5389000 21
5390000 21
5391000 21
5392000 21
5393000 21
5394000 21
5395000 21
5396000 21
5397000 21
5398000 21
5399000 21
5400000 21
5401000 21
5402000 21
5403000 21
5404000 21
5405000 21
5406000 21
5407000 21
5408000 21
5409000 21
5410000 21
5411000 21
5412000 21
5413000 21
5414000 21
5415000 21
5416000 21
5417000 21
5418000 21
5419000 21
5420000 21
5421000 21
5422000 21
5423000 21
5424000 21
5425000 21
5426000 21
5427000 21
5428000 21
5429000 21
5430000 21
5431000 21
5432000 21
5433000 21
5434000 21
5435000 21
5436000 21
5437000 21
5438000 21
5439000 21
5440000 21
5441000 21
5442000 21
5443000 21
5444000 21
5445000 21
5446000 21
5447000 21
5448000 21
5449000 21
5450000 21
5451000 21
5452000 21
5453000 21
5454000 21
5455000 21
5456000 21
5457000 21
5458000 21
5459000 21
5460000 21
5461000 21
5462000 21
5463000 21
5464000 21
5465000 21
5466000 21
5467000 21
5468000 21
5469000 21
5470000 21
5471000 21
5472000 21
5473000 21
5474000 21
5475000 21
5476000 21
5477000 21
5478000 21
5479000 21
5480000 21
5481000 21
5482000 21
5483000 21
5484000 21
5485000 21
5486000 21
5487000 21
5488000 21
5489000 21
5490000 21
5491000 21
5492000 21
5493000 21
5494000 21
5495000 21
5496000 21
5497000 21
5498000 21
5499000 21
5500000 21
5501000 21
5502000 21
5503000 21
5504000 21
5505000 21
5506000 21
5507000 21
5508000 21
5509000 21
5510000 21
5511000 21
5512000 21
5513000 21
5514000 21
5515000 21
5516000 21
5517000 21
5518000 21
5519000 21
5520000 21
5521000 21
5522000 21
5523000 21
5524000 21
5525000 21
5526000 21
5527000 21
5528000 21
5529000 21
5530000 21
5531000 21
5532000 21
5533000 21
5534000 21
5535000 21
5536000 21
5537000 21
5538000 21
5539000 21
5540000 21
5541000 21
5542000 21
5543000 21
5544000 21
5545000 21
5546000 21
5547000 21
5548000 21
5549000 21
5550000 21
5551000 21
5552000 21
5553000 21
5554000 21
5555000 21
5556000 21
5557000 21
5558000 21
5559000 21
5560000 21
5561000 21
5562000 21
5563000 21
5564000 21
5565000 21
5566000 21
5567000 21
5568000 21
5569000 21
5570000 21
5571000 21
5572000 21
5573000 21
5574000 21
5575000 21
5576000 21
5577000 21
5578000 21
5579000 21
5580000 21
5581000 21
5582000 21
5583000 21
5584000 21
5585000 21
5586000 21
5587000 21
5588000 21
5589000 21
5590000 21
5591000 21
5592000 21
5593000 21
5594000 21
5595000 21
5596000 21
5597000 21
5598000 21
5599000 21
5600000 21
5601000 21
5602000 21
5603000 21
5604000 21
5605000 21
5606000 21
5607000 21
5608000 21
5609000 21
5610000 21
5611000 21
5612000 21
5613000 21
5614000 21
5615000 21
5616000 21
5617000 21
5618000 21
5619000 21
5620000 21
5621000 21
5622000 21
5623000 21
5624000 21
5625000 21
5626000 21
5627000 21
5628000 21
5629000 21
5630000 21
5631000 21
5632000 21
5633000 21
5634000 21
5635000 21
5636000 21
5637000 21
5638000 21
5639000 21
5640000 21
5641000 21
5642000 21
5643000 21
5644000 21
5645000 21
5646000 21
5647000 21
5648000 21
5649000 21
5650000 21
5651000 21
5652000 21
5653000 21
5654000 21
5655000 21
5656000 21
5657000 21
5658000 21
5659000 21
5660000 21
5661000 21
5662000 21
5663000 21
5664000 21
5665000 21
5666000 21
5667000 21
5668000 21
5669000 21
5670000 21
5671000 21
5672000 21
5673000 21
5674000 21
5675000 21
5676000 21
5677000 21
5678000 21
5679000 21
5680000 21
5681000 21
5682000 21
5683000 21
5684000 21
5685000 21
5686000 21
5687000 21
5688000 21
5689000 21
5690000 21
5691000 21
5692000 21
5693000 21
5694000 21
5695000 21
5696000 21
5697000 21
5698000 21
5699000 21
5700000 21
5701000 21
5702000 21
5703000 21
5704000 21
5705000 21
5706000 21
5707000 21
5708000 21
5709000 21
5710000 21
5711000 21
5712000 21
5713000 21
5714000 21
5715000 21
5716000 21
5717000 21
5718000 21
5719000 21
5720000 21
5721000 21
5722000 21
5723000 21
5724000 21
5725000 21
5726000 21
5727000 21
5728000 21
5729000 21
5730000 21
5731000 21
5732000 21
5733000 21
5734000 21
5735000 21
5736000 21
5737000 21
5738000 21
5739000 21
5740000 21
5741000 21
5742000 21
5743000 21
5744000 21
5745000 21
5746000 21
5747000 21
5748000 21
5749000 21
5750000 21
5751000 21
5752000 21
5753000 21
5754000 21
5755000 21
5756000 21
5757000 21
5758000 21
5759000 21
5760000 21
5761000 21
5762000 21
5763000 21
5764000 21
5765000 21
5766000 21
5767000 21
5768000 21
5769000 21
5770000 21
5771000 21
5772000 21
5773000 21
5774000 21
5775000 21
5776000 21
5777000 21
5778000 21
5779000 21
5780000 21
5781000 21
5782000 21
5783000 21
5784000 21
5785000 21
5786000 21
5787000 21
5788000 21
5789000 21
5790000 21
5791000 21
5792000 21
5793000 21
5794000 21
5795000 21
5796000 21
5797000 21
5798000 21
5799000 21
5800000 21
5801000 21
5802000 21
5803000 21
5804000 21
5805000 21
5806000 21
5807000 21
5808000 21
5809000 21
5810000 21
5811000 21
5812000 21
5813000 21
5814000 21
5815000 21
5816000 21
5817000 21
5818000 21
5819000 21
5820000 21
5821000 21
5822000 21
5823000 21
5824000 21
5825000 21
5826000 21
5827000 21
5828000 21
5829000 21
5830000 21
5831000 21
5832000 21
5833000 21
5834000 21
5835000 21
5836000 21
5837000 21
5838000 21
5839000 21
5840000 21
5841000 21
5842000 21
5843000 21
5844000 21
5845000 21
5846000 21
5847000 21
5848000 21
5849000 21
5850000 21
5851000 21
5852000 21
5853000 21
5854000 21
5855000 21
5856000 21
5857000 21
5858000 21
5859000 21
5860000 21
5861000 21
5862000 21
5863000 21
5864000 21
5865000 21
5866000 21
5867000 21
5868000 21
5869000 21
5870000 21
5871000 21
5872000 21
5873000 21
5874000 21
5875000 21
5876000 21
5877000 21
5878000 21
5879000 21
5880000 21
5881000 21
5882000 21
