# frame 	 heights
0 19
1000 19
2000 19
3000 19
4000 19
5000 19
6000 19
7000 19
8000 19
9000 19
10000 19
11000 19
12000 19
13000 19
14000 19
15000 19
16000 19
17000 19
18000 19
19000 19
20000 19
21000 19
22000 19
23000 19
24000 19
25000 19
26000 19
27000 19
28000 19
29000 19
30000 19
31000 19
32000 19
33000 19
34000 19
35000 19
36000 19
37000 19
38000 19
39000 19
40000 19
41000 19
42000 19
43000 19
44000 19
45000 19
46000 19
47000 19
48000 19
49000 19
50000 19
51000 19
52000 19
53000 19
54000 19
55000 19
56000 19
57000 19
58000 19
59000 19
60000 19
61000 19
62000 19
63000 19
64000 19
65000 19
66000 19
67000 19
68000 19
69000 19
70000 19
71000 19
72000 19
73000 19
74000 19
75000 19
76000 19
77000 19
78000 19
79000 19
80000 19
81000 19
82000 19
83000 19
84000 19
85000 19
86000 19
87000 19
88000 19
89000 19
90000 19
91000 19
92000 19
93000 19
94000 19
95000 19
96000 19
97000 19
98000 19
99000 19
100000 19
101000 19
102000 19
103000 19
104000 19
105000 19
106000 19
107000 19
108000 19
109000 19
110000 19
111000 19
112000 19
113000 19
114000 19
115000 19
116000 19
117000 19
118000 19
119000 19
120000 19
121000 19
122000 19
123000 19
124000 19
125000 19
126000 19
127000 19
128000 19
129000 19
130000 19
131000 19
132000 19
133000 19
134000 19
135000 19
136000 19
137000 19
138000 19
139000 19
140000 19
141000 19
142000 19
143000 19
144000 19
145000 19
146000 19
147000 19
148000 19
149000 19
150000 19
151000 19
152000 19
153000 19
154000 19
155000 19
156000 19
157000 19
158000 19
159000 19
160000 19
161000 19
162000 19
163000 19
164000 19
165000 19
166000 19
167000 19
168000 19
169000 19
170000 19
171000 19
172000 19
173000 19
174000 19
175000 19
176000 19
177000 19
178000 19
179000 19
180000 19
181000 19
182000 19
183000 19
184000 19
185000 19
186000 19
187000 19
188000 19
189000 19
190000 19
191000 19
192000 19
193000 19
194000 19
195000 19
196000 19
197000 19
198000 19
199000 19
200000 19
201000 19
202000 19
203000 19
204000 19
205000 19
206000 19
207000 19
208000 19
209000 19
210000 19
211000 19
212000 19
213000 19
214000 19
215000 19
216000 19
217000 19
218000 19
219000 19
220000 19
221000 19
222000 19
223000 19
224000 19
225000 19
226000 19
227000 19
228000 19
229000 19
230000 19
231000 19
232000 19
233000 19
234000 19
235000 19
236000 19
237000 19
238000 19
239000 19
240000 19
241000 19
242000 19
243000 19
244000 19
245000 19
246000 19
247000 19
248000 19
249000 19
250000 19
251000 19
252000 19
253000 19
254000 19
255000 19
256000 19
257000 19
258000 19
259000 19
260000 19
261000 19
262000 19
263000 19
264000 19
265000 19
266000 19
267000 19
268000 19
269000 19
270000 19
271000 19
272000 19
273000 19
274000 19
275000 19
276000 19
277000 19
278000 19
279000 19
280000 19
281000 19
282000 19
283000 19
284000 19
285000 19
286000 19
287000 19
288000 19
289000 19
290000 19
291000 19
292000 19
293000 19
294000 19
295000 19
296000 19
297000 19
298000 19
299000 19
300000 19
301000 19
302000 19
303000 19
304000 19
305000 19
306000 19
307000 19
308000 19
309000 19
310000 19
311000 19
312000 19
313000 19
314000 19
315000 19
316000 19
317000 19
318000 19
319000 19
320000 19
321000 19
322000 19
323000 19
324000 19
325000 19
326000 19
327000 19
328000 19
329000 19
330000 19
331000 19
332000 19
333000 19
334000 19
335000 19
336000 19
337000 19
338000 19
339000 19
340000 19
341000 19
342000 19
343000 19
344000 19
345000 19
346000 19
347000 19
348000 19
349000 19
350000 19
351000 19
352000 19
353000 19
354000 19
355000 19
356000 19
357000 19
358000 19
359000 19
360000 19
361000 19
362000 19
363000 19
364000 19
365000 19
366000 19
367000 19
368000 19
369000 19
370000 19
371000 19
372000 19
373000 19
374000 19
375000 19
376000 19
377000 19
378000 19
379000 19
380000 19
381000 19
382000 19
383000 19
384000 19
385000 19
386000 19
387000 19
388000 19
389000 19
390000 19
391000 19
392000 19
393000 19
394000 19
395000 19
396000 19
397000 19
398000 19
399000 19
400000 19
401000 19
402000 19
403000 19
404000 19
405000 19
406000 19
407000 19
408000 19
409000 19
410000 19
411000 19
412000 19
413000 19
414000 19
415000 19
416000 19
417000 19
418000 19
419000 19
420000 19
421000 19
422000 19
423000 19
424000 19
425000 19
426000 19
427000 19
428000 19
429000 19
430000 19
431000 19
432000 19
433000 19
434000 19
435000 19
436000 19
437000 19
438000 19
439000 19
440000 19
441000 19
442000 19
443000 19
444000 19
445000 19
446000 19
447000 19
448000 19
449000 19
450000 19
451000 19
452000 19
453000 19
454000 19
455000 19
456000 19
457000 19
458000 19
459000 19
460000 19
461000 19
462000 19
463000 19
464000 19
465000 19
466000 19
467000 19
468000 19
469000 19
470000 19
471000 19
472000 19
473000 19
474000 19
475000 19
476000 19
477000 19
478000 19
479000 19
480000 19
481000 19
482000 19
483000 19
484000 19
485000 19
486000 19
487000 19
488000 19
489000 19
490000 19
491000 19
492000 19
493000 19
494000 19
495000 19
496000 19
497000 19
498000 19
499000 19
500000 19
501000 19
502000 19
503000 19
504000 19
505000 19
506000 19
507000 19
508000 19
509000 19
510000 19
511000 19
512000 19
513000 19
514000 19
515000 19
516000 19
517000 19
518000 19
519000 19
520000 19
521000 19
522000 19
523000 19
524000 19
525000 19
526000 19
527000 19
528000 19
529000 19
530000 19
531000 19
532000 19
533000 19
534000 19
535000 19
536000 19
537000 19
538000 19
539000 19
540000 19
541000 19
542000 19
543000 19
544000 19
545000 19
546000 19
547000 19
548000 19
549000 19
550000 19
551000 19
552000 19
553000 19
554000 19
555000 19
556000 19
557000 19
558000 19
559000 19
560000 19
561000 19
562000 19
563000 19
564000 19
565000 19
566000 19
567000 19
568000 19
569000 19
570000 19
571000 19
572000 19
573000 19
574000 19
575000 19
576000 19
577000 19
578000 19
579000 19
580000 19
581000 19
582000 19
583000 19
584000 19
585000 19
586000 19
587000 19
588000 19
589000 19
590000 19
591000 19
592000 19
593000 19
594000 19
595000 19
596000 19
597000 19
598000 19
599000 19
600000 19
601000 19
602000 19
603000 19
604000 19
605000 19
606000 19
607000 19
608000 19
609000 19
610000 19
611000 19
612000 19
613000 19
614000 19
615000 19
616000 19
617000 19
618000 19
619000 19
620000 19
621000 19
622000 19
623000 19
624000 19
625000 19
626000 19
627000 19
628000 19
629000 19
630000 19
631000 19
632000 19
633000 19
634000 19
635000 19
636000 19
637000 19
638000 19
639000 19
640000 19
641000 19
642000 19
643000 19
644000 19
645000 19
646000 19
647000 19
648000 19
649000 19
650000 19
651000 19
652000 19
653000 19
654000 19
655000 19
656000 19
657000 19
658000 19
659000 19
660000 19
661000 19
662000 19
663000 19
664000 19
665000 19
666000 19
667000 19
668000 19
669000 19
670000 19
671000 19
672000 19
673000 19
674000 19
675000 19
676000 19
677000 19
678000 19
679000 19
680000 19
681000 19
682000 19
683000 19
684000 19
685000 19
686000 19
687000 19
688000 19
689000 19
690000 19
691000 19
692000 19
693000 19
694000 19
695000 19
696000 19
697000 19
698000 19
699000 19
700000 19
701000 19
702000 19
703000 19
704000 19
705000 19
706000 19
707000 19
708000 19
709000 19
710000 19
711000 19
712000 19
713000 19
714000 19
715000 19
716000 19
717000 19
718000 19
719000 19
720000 19
721000 19
722000 19
723000 19
724000 19
725000 19
726000 19
727000 19
728000 19
729000 19
730000 19
731000 19
732000 19
733000 19
734000 19
735000 19
736000 19
737000 19
738000 19
739000 19
740000 19
741000 19
742000 19
743000 19
744000 19
745000 19
746000 19
747000 19
748000 19
749000 19
750000 19
751000 19
752000 19
753000 19
754000 19
755000 19
756000 19
757000 19
758000 19
759000 19
760000 19
761000 19
762000 19
763000 19
764000 19
765000 19
766000 19
767000 19
768000 19
769000 19
770000 19
771000 19
772000 19
773000 19
774000 19
775000 19
776000 19
777000 19
778000 19
779000 19
780000 19
781000 19
782000 19
783000 19
784000 19
785000 19
786000 19
787000 19
788000 19
789000 19
790000 19
791000 19
792000 19
793000 19
794000 19
795000 19
796000 19
797000 19
798000 19
799000 19
800000 19
801000 19
802000 19
803000 19
804000 19
805000 19
806000 19
807000 19
808000 19
809000 19
810000 19
811000 19
812000 19
813000 19
814000 19
815000 19
816000 19
817000 19
818000 19
819000 19
820000 19
821000 19
822000 19
823000 19
824000 19
825000 19
826000 19
827000 19
828000 19
829000 19
830000 19
831000 19
832000 19
833000 19
834000 19
835000 19
836000 19
837000 19
838000 19
839000 19
840000 19
841000 19
842000 19
843000 19
844000 19
845000 19
846000 19
847000 19
848000 19
849000 19
850000 19
851000 19
852000 19
853000 19
854000 19
855000 19
856000 19
857000 19
858000 19
859000 19
860000 19
861000 19
862000 19
863000 19
864000 19
865000 19
866000 19
867000 19
868000 19
869000 19
870000 19
871000 19
872000 19
873000 19
874000 19
875000 19
876000 19
877000 19
878000 19
879000 19
880000 19
881000 19
882000 19
883000 19
884000 19
885000 19
886000 19
887000 19
888000 19
889000 19
890000 19
891000 19
892000 19
893000 19
894000 19
895000 19
896000 19
897000 19
898000 19
899000 19
900000 19
901000 19
902000 19
903000 19
904000 19
905000 19
906000 19
907000 19
908000 19
909000 19
910000 19
911000 19
912000 19
913000 19
914000 19
915000 19
916000 19
917000 19
918000 19
919000 19
920000 19
921000 19
922000 19
923000 19
924000 19
925000 19
926000 19
927000 19
928000 19
929000 19
930000 19
931000 19
932000 19
933000 19
934000 19
935000 19
936000 19
937000 19
938000 19
939000 19
940000 19
941000 19
942000 19
943000 19
944000 19
945000 19
946000 19
947000 19
948000 19
949000 19
950000 19
951000 19
952000 19
953000 19
954000 19
955000 19
956000 19
957000 19
958000 19
959000 19
960000 19
961000 19
962000 19
963000 19
964000 19
965000 19
966000 19
967000 19
968000 19
969000 19
970000 19
971000 19
972000 19
973000 19
974000 19
975000 19
976000 19
977000 19
978000 19
979000 19
980000 19
981000 19
982000 19
983000 19
984000 19
985000 19
986000 19
987000 19
988000 19
989000 19
990000 19
991000 19
992000 19
993000 19
994000 19
995000 19
996000 19
997000 19
998000 19
999000 19
1000000 19
1001000 19
1002000 19
1003000 19
1004000 19
1005000 19
1006000 19
1007000 19
1008000 19
1009000 19
1010000 19
1011000 19
1012000 19
1013000 19
1014000 19
1015000 19
1016000 19
1017000 19
1018000 19
1019000 19
1020000 19
1021000 19
1022000 19
1023000 19
1024000 19
1025000 19
1026000 19
1027000 19
1028000 19
1029000 19
1030000 19
1031000 19
1032000 19
1033000 19
1034000 19
1035000 19
1036000 19
1037000 19
1038000 19
1039000 19
1040000 19
1041000 19
1042000 19
1043000 19
1044000 19
1045000 19
1046000 19
1047000 19
1048000 19
1049000 19
1050000 19
1051000 19
1052000 19
1053000 19
1054000 19
1055000 19
1056000 19
1057000 19
1058000 19
1059000 19
1060000 19
1061000 19
1062000 19
1063000 19
1064000 19
1065000 19
1066000 19
1067000 19
1068000 19
1069000 19
1070000 19
1071000 19
1072000 19
1073000 19
1074000 19
1075000 19
1076000 19
1077000 19
1078000 19
1079000 19
1080000 19
1081000 19
1082000 19
1083000 19
1084000 19
1085000 19
1086000 19
1087000 19
1088000 19
1089000 19
1090000 19
1091000 19
1092000 19
1093000 19
1094000 19
1095000 19
1096000 19
1097000 19
1098000 19
1099000 19
1100000 19
1101000 19
1102000 19
1103000 19
1104000 19
1105000 19
1106000 19
1107000 19
1108000 19
1109000 19
1110000 19
1111000 19
1112000 19
1113000 19
1114000 19
1115000 19
1116000 19
1117000 19
1118000 19
1119000 19
1120000 19
1121000 19
1122000 19
1123000 19
1124000 19
1125000 19
1126000 19
1127000 19
1128000 19
1129000 19
1130000 19
1131000 19
1132000 19
1133000 19
1134000 19
1135000 19
1136000 19
1137000 19
1138000 19
1139000 19
1140000 19
1141000 19
1142000 19
1143000 19
1144000 19
1145000 19
1146000 19
1147000 19
1148000 19
1149000 19
1150000 19
1151000 19
1152000 19
1153000 19
1154000 19
1155000 19
1156000 19
1157000 19
1158000 19
1159000 19
1160000 19
1161000 19
1162000 19
1163000 19
1164000 19
1165000 19
1166000 19
1167000 19
1168000 19
1169000 19
1170000 19
1171000 19
1172000 19
1173000 19
1174000 19
1175000 19
1176000 19
1177000 19
1178000 19
1179000 19
1180000 19
1181000 19
1182000 19
1183000 19
1184000 19
1185000 19
1186000 19
1187000 19
1188000 19
1189000 19
1190000 19
1191000 19
1192000 19
1193000 19
1194000 19
1195000 19
1196000 19
1197000 19
1198000 19
1199000 19
1200000 19
1201000 19
1202000 19
1203000 19
1204000 19
1205000 19
1206000 19
1207000 19
1208000 19
1209000 19
1210000 19
1211000 19
1212000 19
1213000 19
1214000 19
1215000 19
1216000 19
1217000 19
1218000 19
1219000 19
1220000 19
1221000 19
1222000 19
1223000 19
1224000 19
1225000 19
1226000 19
1227000 19
1228000 19
1229000 19
1230000 19
1231000 19
1232000 19
1233000 19
1234000 19
1235000 19
1236000 19
1237000 19
1238000 19
1239000 19
1240000 19
1241000 19
1242000 19
1243000 19
1244000 19
1245000 19
1246000 19
1247000 19
1248000 19
1249000 19
1250000 19
1251000 19
1252000 19
1253000 19
1254000 19
1255000 19
1256000 19
1257000 19
1258000 19
1259000 19
1260000 19
1261000 19
1262000 19
1263000 19
1264000 19
1265000 19
1266000 19
1267000 19
1268000 19
1269000 19
1270000 19
1271000 19
1272000 19
1273000 19
1274000 19
1275000 19
1276000 19
1277000 19
1278000 19
1279000 19
1280000 19
1281000 19
1282000 19
1283000 19
1284000 19
1285000 19
1286000 19
1287000 19
1288000 19
1289000 19
1290000 19
1291000 19
1292000 19
1293000 19
1294000 19
1295000 19
1296000 19
1297000 19
1298000 19
1299000 19
1300000 19
1301000 19
1302000 19
1303000 19
1304000 19
1305000 19
1306000 19
1307000 19
1308000 19
1309000 19
1310000 19
1311000 19
1312000 19
1313000 19
1314000 19
1315000 19
1316000 19
1317000 19
1318000 19
1319000 19
1320000 19
1321000 19
1322000 19
1323000 19
1324000 19
1325000 19
1326000 19
1327000 19
1328000 19
1329000 19
1330000 19
1331000 19
1332000 19
1333000 19
1334000 19
1335000 19
1336000 19
1337000 19
1338000 19
1339000 19
1340000 19
1341000 19
1342000 19
1343000 19
1344000 19
1345000 19
1346000 19
1347000 19
1348000 19
1349000 19
1350000 19
1351000 19
1352000 19
1353000 19
1354000 19
1355000 19
1356000 19
1357000 19
1358000 19
1359000 19
1360000 19
1361000 19
1362000 19
1363000 19
1364000 19
1365000 19
1366000 19
1367000 19
1368000 19
1369000 19
1370000 19
1371000 19
1372000 19
1373000 19
1374000 19
1375000 19
1376000 19
1377000 19
1378000 19
1379000 19
1380000 19
1381000 19
1382000 19
1383000 19
1384000 19
1385000 19
1386000 19
1387000 19
1388000 19
1389000 19
1390000 19
1391000 19
1392000 19
1393000 19
1394000 19
1395000 19
1396000 19
1397000 19
1398000 19
1399000 19
1400000 19
1401000 19
1402000 19
1403000 19
1404000 19
1405000 19
1406000 19
1407000 19
1408000 19
1409000 19
1410000 19
1411000 19
1412000 19
1413000 19
1414000 19
1415000 19
1416000 19
1417000 19
1418000 19
1419000 19
1420000 19
1421000 19
1422000 19
1423000 19
1424000 19
1425000 19
1426000 19
1427000 19
1428000 19
1429000 19
1430000 19
1431000 19
1432000 19
1433000 19
1434000 19
1435000 19
1436000 19
1437000 19
1438000 19
1439000 19
1440000 19
1441000 19
1442000 19
1443000 19
1444000 19
1445000 19
1446000 19
1447000 19
1448000 19
1449000 19
1450000 19
1451000 19
1452000 19
1453000 19
1454000 19
1455000 19
1456000 19
1457000 19
1458000 19
1459000 19
1460000 19
1461000 19
1462000 19
1463000 19
1464000 19
1465000 19
1466000 19
1467000 19
1468000 19
1469000 19
1470000 19
1471000 19
1472000 19
1473000 19
1474000 19
1475000 19
1476000 19
1477000 19
1478000 19
1479000 19
1480000 19
1481000 19
1482000 19
1483000 19
1484000 19
1485000 19
1486000 19
1487000 19
1488000 19
1489000 19
1490000 19
1491000 19
1492000 19
1493000 19
1494000 19
1495000 19
1496000 19
1497000 19
1498000 19
1499000 19
1500000 19
1501000 19
1502000 19
1503000 19
1504000 19
1505000 19
1506000 19
1507000 19
1508000 19
1509000 19
1510000 19
1511000 19
1512000 19
1513000 19
1514000 19
1515000 19
1516000 19
1517000 19
1518000 19
1519000 19
1520000 19
1521000 19
1522000 19
1523000 19
1524000 19
1525000 19
1526000 19
1527000 19
1528000 19
1529000 19
1530000 19
1531000 19
1532000 19
1533000 19
1534000 19
1535000 19
1536000 19
1537000 19
1538000 19
1539000 19
1540000 19
1541000 19
1542000 19
1543000 19
1544000 19
1545000 19
1546000 19
1547000 19
1548000 19
1549000 19
1550000 19
1551000 19
1552000 19
1553000 19
1554000 19
1555000 19
1556000 19
1557000 19
1558000 19
1559000 19
1560000 19
1561000 19
1562000 19
1563000 19
1564000 19
1565000 19
1566000 19
1567000 19
1568000 19
1569000 19
1570000 19
1571000 19
1572000 19
1573000 19
1574000 19
1575000 19
1576000 19
1577000 19
1578000 19
1579000 19
1580000 19
1581000 19
1582000 19
1583000 19
1584000 19
1585000 19
1586000 19
1587000 19
1588000 19
1589000 19
1590000 19
1591000 19
1592000 19
1593000 19
1594000 19
1595000 19
1596000 19
1597000 19
1598000 19
1599000 19
1600000 19
1601000 19
1602000 19
1603000 19
1604000 19
1605000 19
1606000 19
1607000 19
1608000 19
1609000 19
1610000 19
1611000 19
1612000 19
1613000 19
1614000 19
1615000 19
1616000 19
1617000 19
1618000 19
1619000 19
1620000 19
1621000 19
1622000 19
1623000 19
1624000 19
1625000 19
1626000 19
1627000 19
1628000 19
1629000 19
1630000 19
1631000 19
1632000 19
1633000 19
1634000 19
1635000 19
1636000 19
1637000 19
1638000 19
1639000 19
1640000 19
1641000 19
1642000 19
1643000 19
1644000 19
1645000 19
1646000 19
1647000 19
1648000 19
1649000 19
1650000 19
1651000 19
1652000 19
1653000 19
1654000 19
1655000 19
1656000 19
1657000 19
1658000 19
1659000 19
1660000 19
1661000 19
1662000 19
1663000 19
1664000 19
1665000 19
1666000 19
1667000 19
1668000 19
1669000 19
1670000 19
1671000 19
1672000 19
1673000 19
1674000 19
1675000 19
1676000 19
1677000 19
1678000 19
1679000 19
1680000 19
1681000 19
1682000 19
1683000 19
1684000 19
1685000 19
1686000 19
1687000 19
1688000 19
1689000 19
1690000 19
1691000 19
1692000 19
1693000 19
1694000 19
1695000 19
1696000 19
1697000 19
1698000 19
1699000 19
1700000 19
1701000 19
1702000 19
1703000 19
1704000 19
1705000 19
1706000 19
1707000 19
1708000 19
1709000 19
1710000 19
1711000 19
1712000 19
1713000 19
1714000 19
1715000 19
1716000 19
1717000 19
1718000 19
1719000 19
1720000 19
1721000 19
1722000 19
1723000 19
1724000 19
1725000 19
1726000 19
1727000 19
1728000 19
1729000 19
1730000 19
1731000 19
1732000 19
1733000 19
1734000 19
1735000 19
1736000 19
1737000 19
1738000 19
1739000 19
1740000 19
1741000 19
1742000 19
1743000 19
1744000 19
1745000 19
1746000 19
1747000 19
1748000 19
1749000 19
1750000 19
1751000 19
1752000 19
1753000 19
1754000 19
1755000 19
1756000 19
1757000 19
1758000 19
1759000 19
1760000 19
1761000 19
1762000 19
1763000 19
1764000 19
1765000 19
1766000 19
1767000 19
1768000 19
1769000 19
1770000 19
1771000 19
1772000 19
1773000 19
1774000 19
1775000 19
1776000 19
1777000 19
1778000 19
1779000 19
1780000 19
1781000 19
1782000 19
1783000 19
1784000 19
1785000 19
1786000 19
1787000 19
1788000 19
1789000 19
1790000 19
1791000 19
1792000 19
1793000 19
1794000 19
1795000 19
1796000 19
1797000 19
1798000 19
1799000 19
1800000 19
1801000 19
1802000 19
1803000 19
1804000 19
1805000 19
1806000 19
1807000 19
1808000 19
1809000 19
1810000 19
1811000 19
1812000 19
1813000 19
1814000 19
1815000 19
1816000 19
1817000 19
1818000 19
1819000 19
1820000 19
1821000 19
1822000 19
1823000 19
1824000 19
1825000 19
1826000 19
1827000 19
1828000 19
1829000 19
1830000 19
1831000 19
1832000 19
1833000 19
1834000 19
1835000 19
1836000 19
1837000 19
1838000 19
1839000 19
1840000 19
1841000 19
1842000 19
1843000 19
1844000 19
1845000 19
1846000 19
1847000 19
1848000 19
1849000 19
1850000 19
1851000 19
1852000 19
1853000 19
1854000 19
1855000 19
1856000 19
1857000 19
1858000 19
1859000 19
1860000 19
1861000 19
1862000 19
1863000 19
1864000 19
1865000 19
1866000 19
1867000 19
1868000 19
1869000 19
1870000 19
1871000 19
1872000 19
1873000 19
1874000 19
1875000 19
1876000 19
1877000 19
1878000 19
1879000 19
1880000 19
1881000 19
1882000 19
1883000 19
1884000 19
1885000 19
1886000 19
1887000 19
1888000 19
1889000 19
1890000 19
1891000 19
1892000 19
1893000 19
1894000 19
1895000 19
1896000 19
1897000 19
1898000 19
1899000 19
1900000 19
1901000 19
1902000 19
1903000 19
1904000 19
1905000 19
1906000 19
1907000 19
1908000 19
1909000 19
1910000 19
1911000 19
1912000 19
1913000 19
1914000 19
1915000 19
1916000 19
1917000 19
1918000 19
1919000 19
1920000 19
1921000 19
1922000 19
1923000 19
1924000 19
1925000 19
1926000 19
1927000 19
1928000 19
1929000 19
1930000 19
1931000 19
1932000 19
1933000 19
1934000 19
1935000 19
1936000 19
1937000 19
1938000 19
1939000 19
1940000 19
1941000 19
1942000 19
1943000 19
1944000 19
1945000 19
1946000 19
1947000 19
1948000 19
1949000 19
1950000 19
1951000 19
1952000 19
1953000 19
1954000 19
1955000 19
1956000 19
1957000 19
1958000 19
1959000 19
1960000 19
1961000 19
1962000 19
1963000 19
1964000 19
1965000 19
1966000 19
1967000 19
1968000 19
1969000 19
1970000 19
1971000 19
1972000 19
1973000 19
1974000 19
1975000 19
1976000 19
1977000 19
1978000 19
1979000 19
1980000 19
1981000 19
1982000 19
1983000 19
1984000 19
1985000 19
1986000 19
1987000 19
1988000 19
1989000 19
1990000 19
1991000 19
1992000 19
1993000 19
1994000 19
1995000 19
1996000 19
1997000 19
1998000 19
1999000 19
2000000 19
2001000 19
2002000 19
2003000 19
2004000 19
2005000 19
2006000 19
2007000 19
2008000 19
2009000 19
2010000 19
2011000 19
2012000 19
2013000 19
2014000 19
2015000 19
2016000 19
2017000 19
2018000 19
2019000 19
2020000 19
2021000 19
2022000 19
2023000 19
2024000 19
2025000 19
2026000 19
2027000 19
2028000 19
2029000 19
2030000 19
2031000 19
2032000 19
2033000 19
2034000 19
2035000 19
2036000 19
2037000 19
2038000 19
2039000 19
2040000 19
2041000 19
2042000 19
2043000 19
2044000 19
2045000 19
2046000 19
2047000 19
2048000 19
2049000 19
2050000 19
2051000 19
2052000 19
2053000 19
2054000 19
2055000 19
2056000 19
2057000 19
2058000 19
2059000 19
2060000 19
2061000 19
2062000 19
2063000 19
2064000 19
2065000 19
2066000 19
2067000 19
2068000 19
2069000 19
2070000 19
2071000 19
2072000 19
2073000 19
2074000 19
2075000 19
2076000 19
2077000 19
2078000 19
2079000 19
2080000 19
2081000 19
2082000 19
2083000 19
2084000 19
2085000 19
2086000 19
2087000 19
2088000 19
2089000 19
2090000 19
2091000 19
2092000 19
2093000 19
2094000 19
2095000 19
2096000 19
2097000 19
2098000 19
2099000 19
2100000 19
2101000 19
2102000 19
2103000 19
2104000 19
2105000 19
2106000 19
2107000 19
2108000 19
2109000 19
2110000 19
2111000 19
2112000 19
2113000 19
2114000 19
2115000 19
2116000 19
2117000 19
2118000 19
2119000 19
2120000 19
2121000 19
2122000 19
2123000 19
2124000 19
2125000 19
2126000 19
2127000 19
2128000 19
2129000 19
2130000 19
2131000 19
2132000 19
2133000 19
2134000 19
2135000 19
2136000 19
2137000 19
2138000 19
2139000 19
2140000 19
2141000 19
2142000 19
2143000 19
2144000 19
2145000 19
2146000 19
2147000 19
2148000 19
2149000 19
2150000 19
2151000 19
2152000 19
2153000 19
2154000 19
2155000 19
2156000 19
2157000 19
2158000 19
2159000 19
2160000 19
2161000 19
2162000 19
2163000 19
2164000 19
2165000 19
2166000 19
2167000 19
2168000 19
2169000 19
2170000 19
2171000 19
2172000 19
2173000 19
2174000 19
2175000 19
2176000 19
2177000 19
2178000 19
2179000 19
2180000 19
2181000 19
2182000 19
2183000 19
2184000 19
2185000 19
2186000 19
2187000 19
2188000 19
2189000 19
2190000 19
2191000 19
2192000 19
2193000 19
2194000 19
2195000 19
2196000 19
2197000 19
2198000 19
2199000 19
2200000 19
2201000 19
2202000 19
2203000 19
2204000 19
2205000 19
2206000 19
2207000 19
2208000 19
2209000 19
2210000 19
2211000 19
2212000 19
2213000 19
2214000 19
2215000 19
2216000 19
2217000 19
2218000 19
2219000 19
2220000 19
2221000 19
2222000 19
2223000 19
2224000 19
2225000 19
2226000 19
2227000 19
2228000 19
2229000 19
2230000 19
2231000 19
2232000 19
2233000 19
2234000 19
2235000 19
2236000 19
2237000 19
2238000 19
2239000 19
2240000 19
2241000 19
2242000 19
2243000 19
2244000 19
2245000 19
2246000 19
2247000 19
2248000 19
2249000 19
2250000 19
2251000 19
2252000 19
2253000 19
2254000 19
2255000 19
2256000 19
2257000 19
2258000 19
2259000 19
2260000 19
2261000 19
2262000 19
2263000 19
2264000 19
2265000 19
2266000 19
2267000 19
2268000 19
2269000 19
2270000 19
2271000 19
2272000 19
2273000 19
2274000 19
2275000 19
2276000 19
2277000 19
2278000 19
2279000 19
2280000 19
2281000 19
2282000 19
2283000 19
2284000 19
2285000 19
2286000 19
2287000 19
2288000 19
2289000 19
2290000 19
2291000 19
2292000 19
2293000 19
2294000 19
2295000 19
2296000 19
2297000 19
2298000 19
2299000 19
2300000 19
2301000 19
2302000 19
2303000 19
2304000 19
2305000 19
2306000 19
2307000 19
2308000 19
2309000 19
2310000 19
2311000 19
2312000 19
2313000 19
2314000 19
2315000 19
2316000 19
2317000 19
2318000 19
2319000 19
2320000 19
2321000 19
2322000 19
2323000 19
2324000 19
2325000 19
2326000 19
2327000 19
2328000 19
2329000 19
2330000 19
2331000 19
2332000 19
2333000 19
2334000 19
2335000 19
2336000 19
2337000 19
2338000 19
2339000 19
2340000 19
2341000 19
2342000 19
2343000 19
2344000 19
2345000 19
2346000 19
2347000 19
2348000 19
2349000 19
2350000 19
2351000 19
2352000 19
2353000 19
2354000 19
2355000 19
2356000 19
2357000 19
2358000 19
2359000 19
2360000 19
2361000 19
2362000 19
2363000 19
2364000 19
2365000 19
2366000 19
2367000 19
2368000 19
2369000 19
2370000 19
2371000 19
2372000 19
2373000 19
2374000 19
2375000 19
2376000 19
2377000 19
2378000 19
2379000 19
2380000 19
2381000 19
2382000 19
2383000 19
2384000 19
2385000 19
2386000 19
2387000 19
2388000 19
2389000 19
2390000 19
2391000 19
2392000 19
2393000 19
2394000 19
2395000 19
2396000 19
2397000 19
2398000 19
2399000 19
2400000 19
2401000 19
2402000 19
2403000 19
2404000 19
2405000 19
2406000 19
2407000 19
2408000 19
2409000 19
2410000 19
2411000 19
2412000 19
2413000 19
2414000 19
2415000 19
2416000 19
2417000 19
2418000 19
2419000 19
2420000 19
2421000 19
2422000 19
2423000 19
2424000 19
2425000 19
2426000 19
2427000 19
2428000 19
2429000 19
2430000 19
2431000 19
2432000 19
2433000 19
2434000 19
2435000 19
2436000 19
2437000 19
2438000 19
2439000 19
2440000 19
2441000 19
2442000 19
2443000 19
2444000 19
2445000 19
2446000 19
2447000 19
2448000 19
2449000 19
2450000 19
2451000 19
2452000 19
2453000 19
2454000 19
2455000 19
2456000 19
2457000 19
2458000 19
2459000 19
2460000 19
2461000 19
2462000 19
2463000 19
2464000 19
2465000 19
2466000 19
2467000 19
2468000 19
2469000 19
2470000 19
2471000 19
2472000 19
2473000 19
2474000 19
2475000 19
2476000 19
2477000 19
2478000 19
2479000 19
2480000 19
2481000 19
2482000 19
2483000 19
2484000 19
2485000 19
2486000 19
2487000 19
2488000 19
2489000 19
2490000 19
2491000 19
2492000 19
2493000 19
2494000 19
2495000 19
2496000 19
2497000 19
2498000 19
2499000 19
2500000 19
2501000 19
2502000 19
2503000 19
2504000 19
2505000 19
2506000 19
2507000 19
2508000 19
2509000 19
2510000 19
2511000 19
2512000 19
2513000 19
2514000 19
2515000 19
2516000 19
2517000 19
2518000 19
2519000 19
2520000 19
2521000 19
2522000 19
2523000 19
2524000 19
2525000 19
2526000 19
2527000 19
2528000 19
2529000 19
2530000 19
2531000 19
2532000 19
2533000 19
2534000 19
2535000 19
2536000 19
2537000 19
2538000 19
2539000 19
2540000 19
2541000 19
2542000 19
2543000 19
2544000 19
2545000 19
2546000 19
2547000 19
2548000 19
2549000 19
2550000 19
2551000 19
2552000 19
2553000 19
2554000 19
2555000 19
2556000 19
2557000 19
2558000 19
2559000 19
2560000 19
2561000 19
2562000 19
2563000 19
2564000 19
2565000 19
2566000 19
2567000 19
2568000 19
2569000 19
2570000 19
2571000 19
2572000 19
2573000 19
2574000 19
2575000 19
2576000 19
2577000 19
2578000 19
2579000 19
2580000 19
2581000 19
2582000 19
2583000 19
2584000 19
2585000 19
2586000 19
2587000 19
2588000 19
2589000 19
2590000 19
2591000 19
2592000 19
2593000 19
2594000 19
2595000 19
2596000 19
2597000 19
2598000 19
2599000 19
2600000 19
2601000 19
2602000 19
2603000 19
2604000 19
2605000 19
2606000 19
2607000 19
2608000 19
2609000 19
2610000 19
2611000 19
2612000 19
2613000 19
2614000 19
2615000 19
2616000 19
2617000 19
2618000 19
2619000 19
2620000 19
2621000 19
2622000 19
2623000 19
2624000 19
2625000 19
2626000 19
2627000 19
2628000 19
2629000 19
2630000 19
2631000 19
2632000 19
2633000 19
2634000 19
2635000 19
2636000 19
2637000 19
2638000 19
2639000 19
2640000 19
2641000 19
2642000 19
2643000 19
2644000 19
2645000 19
2646000 19
2647000 19
2648000 19
2649000 19
2650000 19
2651000 19
2652000 19
2653000 19
2654000 19
2655000 19
2656000 19
2657000 19
2658000 19
2659000 19
2660000 19
2661000 19
2662000 19
2663000 19
2664000 19
2665000 19
2666000 19
2667000 19
2668000 19
2669000 19
2670000 19
2671000 19
2672000 19
2673000 19
2674000 19
2675000 19
2676000 19
2677000 19
2678000 19
2679000 19
2680000 19
2681000 19
2682000 19
2683000 19
2684000 19
2685000 19
2686000 19
2687000 19
2688000 19
2689000 19
2690000 19
2691000 19
2692000 19
2693000 19
2694000 19
2695000 19
2696000 19
2697000 19
2698000 19
2699000 19
2700000 19
2701000 19
2702000 19
2703000 19
2704000 19
2705000 19
2706000 19
2707000 19
2708000 19
2709000 19
2710000 19
2711000 19
2712000 19
2713000 19
2714000 19
2715000 19
2716000 19
2717000 19
2718000 19
2719000 19
2720000 19
2721000 19
2722000 19
2723000 19
2724000 19
2725000 19
2726000 19
2727000 19
2728000 19
2729000 19
2730000 19
2731000 19
2732000 19
2733000 19
2734000 19
2735000 19
2736000 19
2737000 19
2738000 19
2739000 19
2740000 19
2741000 19
2742000 19
2743000 19
2744000 19
2745000 19
2746000 19
2747000 19
2748000 19
2749000 19
2750000 19
2751000 19
2752000 19
2753000 19
2754000 19
2755000 19
2756000 19
2757000 19
2758000 19
2759000 19
2760000 19
2761000 19
2762000 19
2763000 19
2764000 19
2765000 19
2766000 19
2767000 19
2768000 19
2769000 19
2770000 19
2771000 19
2772000 19
2773000 19
2774000 19
2775000 19
2776000 19
2777000 19
2778000 19
2779000 19
2780000 19
2781000 19
2782000 19
2783000 19
2784000 19
2785000 19
2786000 19
2787000 19
2788000 19
2789000 19
2790000 19
2791000 19
2792000 19
2793000 19
2794000 19
2795000 19
2796000 19
2797000 19
2798000 19
2799000 19
2800000 19
2801000 19
2802000 19
2803000 19
2804000 19
2805000 19
2806000 19
2807000 19
2808000 19
2809000 19
2810000 19
2811000 19
2812000 19
2813000 19
2814000 19
2815000 19
2816000 19
2817000 19
2818000 19
2819000 19
2820000 19
2821000 19
2822000 19
2823000 19
2824000 19
2825000 19
2826000 19
2827000 19
2828000 19
2829000 19
2830000 19
2831000 19
2832000 19
2833000 19
2834000 19
2835000 19
2836000 19
2837000 19
2838000 19
2839000 19
2840000 19
2841000 19
2842000 19
2843000 19
2844000 19
2845000 19
2846000 19
2847000 19
2848000 19
2849000 19
2850000 19
2851000 19
2852000 19
2853000 19
2854000 19
2855000 19
2856000 19
2857000 19
2858000 19
2859000 19
2860000 19
2861000 19
2862000 19
2863000 19
2864000 19
2865000 19
2866000 19
2867000 19
2868000 19
2869000 19
2870000 19
2871000 19
2872000 19
2873000 19
2874000 19
2875000 19
2876000 19
2877000 19
2878000 19
2879000 19
2880000 19
2881000 19
2882000 19
2883000 19
2884000 19
2885000 19
2886000 19
2887000 19
2888000 19
2889000 19
2890000 19
2891000 19
2892000 19
2893000 19
2894000 19
2895000 19
2896000 19
2897000 19
2898000 19
2899000 19
2900000 19
2901000 19
2902000 19
2903000 19
2904000 19
2905000 19
2906000 19
2907000 19
2908000 19
2909000 19
2910000 19
2911000 19
2912000 19
2913000 19
2914000 19
2915000 19
2916000 19
2917000 19
2918000 19
2919000 19
2920000 19
2921000 19
2922000 19
2923000 19
2924000 19
2925000 19
2926000 19
2927000 19
2928000 19
2929000 19
2930000 19
2931000 19
2932000 19
2933000 19
2934000 19
2935000 19
2936000 19
2937000 19
2938000 19
2939000 19
2940000 19
2941000 19
2942000 19
2943000 19
2944000 19
2945000 19
2946000 19
2947000 19
2948000 19
2949000 19
2950000 19
2951000 19
2952000 19
2953000 19
2954000 19
2955000 19
2956000 19
2957000 19
2958000 19
2959000 19
2960000 19
2961000 19
2962000 19
2963000 19
2964000 19
2965000 19
2966000 19
2967000 19
2968000 19
2969000 19
2970000 19
2971000 19
2972000 19
2973000 19
2974000 19
2975000 19
2976000 19
2977000 19
2978000 19
2979000 19
2980000 19
2981000 19
2982000 19
2983000 19
2984000 19
2985000 19
2986000 19
2987000 19
2988000 19
2989000 19
2990000 19
2991000 19
2992000 19
2993000 19
2994000 19
2995000 19
2996000 19
2997000 19
2998000 19
2999000 19
3000000 19
3001000 19
3002000 19
3003000 19
3004000 19
3005000 19
3006000 19
3007000 19
3008000 19
3009000 19
3010000 19
3011000 19
3012000 19
3013000 19
3014000 19
3015000 19
3016000 19
3017000 19
3018000 19
3019000 19
3020000 19
3021000 19
3022000 19
3023000 19
3024000 19
3025000 19
3026000 19
3027000 19
3028000 19
3029000 19
3030000 19
3031000 19
3032000 19
3033000 19
3034000 19
3035000 19
3036000 19
3037000 19
3038000 19
3039000 19
3040000 19
3041000 19
3042000 19
3043000 19
3044000 19
3045000 19
3046000 19
3047000 19
3048000 19
3049000 19
3050000 19
3051000 19
3052000 19
3053000 19
3054000 19
3055000 19
3056000 19
3057000 19
3058000 19
3059000 19
3060000 19
3061000 19
3062000 19
3063000 19
3064000 19
3065000 19
3066000 19
3067000 19
3068000 19
3069000 19
3070000 19
3071000 19
3072000 19
3073000 19
3074000 19
3075000 19
3076000 19
3077000 19
3078000 19
3079000 19
3080000 19
3081000 19
3082000 19
3083000 19
3084000 19
3085000 19
3086000 19
3087000 19
3088000 19
3089000 19
3090000 19
3091000 19
3092000 19
3093000 19
3094000 19
3095000 19
3096000 19
3097000 19
3098000 19
3099000 19
3100000 19
3101000 19
3102000 19
3103000 19
3104000 19
3105000 19
3106000 19
3107000 19
3108000 19
3109000 19
3110000 19
3111000 19
3112000 19
3113000 19
3114000 19
3115000 19
3116000 19
3117000 19
3118000 19
3119000 19
3120000 19
3121000 19
3122000 19
3123000 19
3124000 19
3125000 19
3126000 19
3127000 19
3128000 19
3129000 19
3130000 19
3131000 19
3132000 19
3133000 19
3134000 19
3135000 19
3136000 19
3137000 19
3138000 19
3139000 19
3140000 19
3141000 19
3142000 19
3143000 19
3144000 19
3145000 19
3146000 19
3147000 19
3148000 19
3149000 19
3150000 19
3151000 19
3152000 19
3153000 19
3154000 19
3155000 19
3156000 19
3157000 19
3158000 19
3159000 19
3160000 19
3161000 19
3162000 19
3163000 19
3164000 19
3165000 19
3166000 19
3167000 19
3168000 19
3169000 19
3170000 19
3171000 19
3172000 19
3173000 19
3174000 19
3175000 19
3176000 19
3177000 19
3178000 19
3179000 19
3180000 19
3181000 19
3182000 19
3183000 19
3184000 19
3185000 19
3186000 19
3187000 19
3188000 19
3189000 19
3190000 19
3191000 19
3192000 19
3193000 19
3194000 19
3195000 19
3196000 19
3197000 19
3198000 19
3199000 19
3200000 19
3201000 19
3202000 19
3203000 19
3204000 19
3205000 19
3206000 19
3207000 19
3208000 19
3209000 19
3210000 19
3211000 19
3212000 19
3213000 19
3214000 19
3215000 19
3216000 19
3217000 19
3218000 19
3219000 19
3220000 19
3221000 19
3222000 19
3223000 19
3224000 19
3225000 19
3226000 19
3227000 19
3228000 19
3229000 19
3230000 19
3231000 19
3232000 19
3233000 19
3234000 19
3235000 19
3236000 19
3237000 19
3238000 19
3239000 19
3240000 19
3241000 19
3242000 19
3243000 19
3244000 19
3245000 19
3246000 19
3247000 19
3248000 19
3249000 19
3250000 19
3251000 19
3252000 19
3253000 19
3254000 19
3255000 19
3256000 19
3257000 19
3258000 19
3259000 19
3260000 19
3261000 19
3262000 19
3263000 19
3264000 19
3265000 19
3266000 19
3267000 19
3268000 19
3269000 19
3270000 19
3271000 19
3272000 19
3273000 19
3274000 19
3275000 19
3276000 19
3277000 19
3278000 19
3279000 19
3280000 19
3281000 19
3282000 19
3283000 19
3284000 19
3285000 19
3286000 19
3287000 19
3288000 19
3289000 19
3290000 19
3291000 19
3292000 19
3293000 19
3294000 19
3295000 19
3296000 19
3297000 19
3298000 19
3299000 19
3300000 19
3301000 19
3302000 19
3303000 19
3304000 19
3305000 19
3306000 19
3307000 19
3308000 19
3309000 19
3310000 19
3311000 19
3312000 19
3313000 19
3314000 19
3315000 19
3316000 19
3317000 19
3318000 19
3319000 19
3320000 19
3321000 19
3322000 19
3323000 19
3324000 19
3325000 19
3326000 19
3327000 19
3328000 19
3329000 19
3330000 19
3331000 19
3332000 19
3333000 19
3334000 19
3335000 19
3336000 19
3337000 19
3338000 19
3339000 19
3340000 19
3341000 19
3342000 19
3343000 19
3344000 19
3345000 19
3346000 19
3347000 19
3348000 19
3349000 19
3350000 19
3351000 19
3352000 19
3353000 19
3354000 19
3355000 19
3356000 19
3357000 19
3358000 19
3359000 19
3360000 19
3361000 19
3362000 19
3363000 19
3364000 19
3365000 19
3366000 19
3367000 19
3368000 19
3369000 19
3370000 19
3371000 19
3372000 19
3373000 19
3374000 19
3375000 19
3376000 19
3377000 19
3378000 19
3379000 19
3380000 19
3381000 19
3382000 19
3383000 19
3384000 19
3385000 19
3386000 19
3387000 19
3388000 19
3389000 19
3390000 19
3391000 19
3392000 19
3393000 19
3394000 19
3395000 19
3396000 19
3397000 19
3398000 19
3399000 19
3400000 19
3401000 19
3402000 19
3403000 19
3404000 19
3405000 19
3406000 19
3407000 19
3408000 19
3409000 19
3410000 19
3411000 19
3412000 19
3413000 19
3414000 19
3415000 19
3416000 19
3417000 19
3418000 19
3419000 19
3420000 19
3421000 19
3422000 19
3423000 19
3424000 19
3425000 19
3426000 19
3427000 19
3428000 19
3429000 19
3430000 19
3431000 19
3432000 19
3433000 19
3434000 19
3435000 19
3436000 19
3437000 19
3438000 19
3439000 19
3440000 19
3441000 19
3442000 19
3443000 19
3444000 19
3445000 19
3446000 19
3447000 19
3448000 19
3449000 19
3450000 19
3451000 19
3452000 19
3453000 19
3454000 19
3455000 19
3456000 19
3457000 19
3458000 19
3459000 19
3460000 19
3461000 19
3462000 19
3463000 19
3464000 19
3465000 19
3466000 19
3467000 19
3468000 19
3469000 19
3470000 19
3471000 19
3472000 19
3473000 19
3474000 19
3475000 19
3476000 19
3477000 19
3478000 19
3479000 19
3480000 19
3481000 19
3482000 19
3483000 19
3484000 19
3485000 19
3486000 19
3487000 19
3488000 19
3489000 19
3490000 19
3491000 19
3492000 19
3493000 19
3494000 19
3495000 19
3496000 19
3497000 19
3498000 19
3499000 19
3500000 19
3501000 19
3502000 19
3503000 19
3504000 19
3505000 19
3506000 19
3507000 19
3508000 19
3509000 19
3510000 19
3511000 19
3512000 19
3513000 19
3514000 19
3515000 19
3516000 19
3517000 19
3518000 19
3519000 19
3520000 19
3521000 19
3522000 19
3523000 19
3524000 19
3525000 19
3526000 19
3527000 19
3528000 19
3529000 19
3530000 19
3531000 19
3532000 19
3533000 19
3534000 19
3535000 19
3536000 19
3537000 19
3538000 19
3539000 19
3540000 19
3541000 19
3542000 19
3543000 19
3544000 19
3545000 19
3546000 19
3547000 19
3548000 19
3549000 19
3550000 19
3551000 19
3552000 19
3553000 19
3554000 19
3555000 19
3556000 19
3557000 19
3558000 19
3559000 19
3560000 19
3561000 19
3562000 19
3563000 19
3564000 19
3565000 19
3566000 19
3567000 19
3568000 19
3569000 19
3570000 19
3571000 19
3572000 19
3573000 19
3574000 19
3575000 19
3576000 19
3577000 19
3578000 19
3579000 19
3580000 19
3581000 19
3582000 19
3583000 19
3584000 19
3585000 19
3586000 19
3587000 19
3588000 19
3589000 19
3590000 19
3591000 19
3592000 19
3593000 19
3594000 19
3595000 19
3596000 19
3597000 19
3598000 19
3599000 19
3600000 19
3601000 19
3602000 19
3603000 19
3604000 19
3605000 19
3606000 19
3607000 19
3608000 19
3609000 19
3610000 19
3611000 19
3612000 19
3613000 19
3614000 19
3615000 19
3616000 19
3617000 19
3618000 19
3619000 19
3620000 19
3621000 19
3622000 19
3623000 19
3624000 19
3625000 19
3626000 19
3627000 19
3628000 19
3629000 19
3630000 19
3631000 19
3632000 19
3633000 19
3634000 19
3635000 19
3636000 19
3637000 19
3638000 19
3639000 19
3640000 19
3641000 19
3642000 19
3643000 19
3644000 19
3645000 19
3646000 19
3647000 19
3648000 19
3649000 19
3650000 19
3651000 19
3652000 19
3653000 19
3654000 19
3655000 19
3656000 19
3657000 19
3658000 19
3659000 19
3660000 19
3661000 19
3662000 19
3663000 19
3664000 19
3665000 19
3666000 19
3667000 19
3668000 19
3669000 19
3670000 19
3671000 19
3672000 19
3673000 19
3674000 19
3675000 19
3676000 19
3677000 19
3678000 19
3679000 19
3680000 19
3681000 19
3682000 19
3683000 19
3684000 19
3685000 19
3686000 19
3687000 19
3688000 19
3689000 19
3690000 19
3691000 19
3692000 19
3693000 19
3694000 19
3695000 19
3696000 19
3697000 19
3698000 19
3699000 19
3700000 19
3701000 19
3702000 19
3703000 19
3704000 19
3705000 19
3706000 19
3707000 19
3708000 19
3709000 19
3710000 19
3711000 19
3712000 19
3713000 19
3714000 19
3715000 19
3716000 19
3717000 19
3718000 19
3719000 19
3720000 19
3721000 19
3722000 19
3723000 19
3724000 19
3725000 19
3726000 19
3727000 19
3728000 19
3729000 19
3730000 19
3731000 19
3732000 19
3733000 19
3734000 19
3735000 19
3736000 19
3737000 19
3738000 19
3739000 19
3740000 19
3741000 19
3742000 19
3743000 19
3744000 19
3745000 19
3746000 19
3747000 19
3748000 19
3749000 19
3750000 19
3751000 19
3752000 19
3753000 19
3754000 19
3755000 19
3756000 19
3757000 19
3758000 19
3759000 19
3760000 19
3761000 19
3762000 19
3763000 19
3764000 19
3765000 19
3766000 19
3767000 19
3768000 19
3769000 19
3770000 19
3771000 19
3772000 19
3773000 19
3774000 19
3775000 19
3776000 19
3777000 19
3778000 19
3779000 19
3780000 19
3781000 19
3782000 19
3783000 19
3784000 19
3785000 19
3786000 19
3787000 19
3788000 19
3789000 19
3790000 19
3791000 19
3792000 19
3793000 19
3794000 19
3795000 19
3796000 19
3797000 19
3798000 19
3799000 19
3800000 19
3801000 19
3802000 19
3803000 19
3804000 19
3805000 19
3806000 19
3807000 19
3808000 19
3809000 19
3810000 19
3811000 19
3812000 19
3813000 19
3814000 19
3815000 19
3816000 19
3817000 19
3818000 19
3819000 19
3820000 19
3821000 19
3822000 19
3823000 19
3824000 19
3825000 19
3826000 19
3827000 19
3828000 19
3829000 19
3830000 19
3831000 19
3832000 19
3833000 19
3834000 19
3835000 19
3836000 19
3837000 19
3838000 19
3839000 19
3840000 19
3841000 19
3842000 19
3843000 19
3844000 19
3845000 19
3846000 19
3847000 19
3848000 19
3849000 19
3850000 19
3851000 19
3852000 19
3853000 19
3854000 19
3855000 19
3856000 19
3857000 19
3858000 19
3859000 19
3860000 19
3861000 19
3862000 19
3863000 19
3864000 19
3865000 19
3866000 19
3867000 19
3868000 19
3869000 19
3870000 19
3871000 19
3872000 19
3873000 19
3874000 19
3875000 19
3876000 19
3877000 19
3878000 19
3879000 19
3880000 19
3881000 19
3882000 19
3883000 19
3884000 19
3885000 19
3886000 19
3887000 19
3888000 19
3889000 19
3890000 19
3891000 19
3892000 19
3893000 19
3894000 19
3895000 19
3896000 19
3897000 19
3898000 19
3899000 19
3900000 19
3901000 19
3902000 19
3903000 19
3904000 19
3905000 19
3906000 19
3907000 19
3908000 19
3909000 19
3910000 19
3911000 19
3912000 19
3913000 19
3914000 19
3915000 19
3916000 19
3917000 19
3918000 19
3919000 19
3920000 19
3921000 19
3922000 19
3923000 19
3924000 19
3925000 19
3926000 19
3927000 19
3928000 19
3929000 19
3930000 19
3931000 19
3932000 19
3933000 19
3934000 19
3935000 19
3936000 19
3937000 19
3938000 19
3939000 19
3940000 19
3941000 19
3942000 19
3943000 19
3944000 19
3945000 19
3946000 19
3947000 19
3948000 19
3949000 19
3950000 19
3951000 19
3952000 19
3953000 19
3954000 19
3955000 19
3956000 19
3957000 19
3958000 19
3959000 19
3960000 19
3961000 19
3962000 19
3963000 19
3964000 19
3965000 19
3966000 19
3967000 19
3968000 19
3969000 19
3970000 19
3971000 19
3972000 19
3973000 19
3974000 19
3975000 19
3976000 19
3977000 19
3978000 19
3979000 19
3980000 19
3981000 19
3982000 19
3983000 19
3984000 19
3985000 19
3986000 19
3987000 19
3988000 19
3989000 19
3990000 19
3991000 19
3992000 19
3993000 19
3994000 19
3995000 19
3996000 19
3997000 19
3998000 19
3999000 19
4000000 19
4001000 19
4002000 19
4003000 19
4004000 19
4005000 19
4006000 19
4007000 19
4008000 19
4009000 19
4010000 19
4011000 19
4012000 19
4013000 19
4014000 19
4015000 19
4016000 19
4017000 19
4018000 19
4019000 19
4020000 19
4021000 19
4022000 19
4023000 19
4024000 19
4025000 19
4026000 19
4027000 19
4028000 19
4029000 19
4030000 19
4031000 19
4032000 19
4033000 19
4034000 19
4035000 19
4036000 19
4037000 19
4038000 19
4039000 19
4040000 19
4041000 19
4042000 19
4043000 19
4044000 19
4045000 19
4046000 19
4047000 19
4048000 19
4049000 19
4050000 19
4051000 19
4052000 19
4053000 19
4054000 19
4055000 19
4056000 19
4057000 19
4058000 19
4059000 19
4060000 19
4061000 19
4062000 19
4063000 19
4064000 19
4065000 19
4066000 19
4067000 19
4068000 19
4069000 19
4070000 19
4071000 19
4072000 19
4073000 19
4074000 19
4075000 19
4076000 19
4077000 19
4078000 19
4079000 19
4080000 19
4081000 19
4082000 19
4083000 19
4084000 19
4085000 19
4086000 19
4087000 19
4088000 19
4089000 19
4090000 19
4091000 19
4092000 19
4093000 19
4094000 19
4095000 19
4096000 19
4097000 19
4098000 19
4099000 19
4100000 19
4101000 19
4102000 19
4103000 19
4104000 19
4105000 19
4106000 19
4107000 19
4108000 19
4109000 19
4110000 19
4111000 19
4112000 19
4113000 19
4114000 19
4115000 19
4116000 19
4117000 19
4118000 19
4119000 19
4120000 19
4121000 19
4122000 19
4123000 19
4124000 19
4125000 19
4126000 19
4127000 19
4128000 19
4129000 19
4130000 19
4131000 19
4132000 19
4133000 19
4134000 19
4135000 19
4136000 19
4137000 19
4138000 19
4139000 19
4140000 19
4141000 19
4142000 19
4143000 19
4144000 19
4145000 19
4146000 19
4147000 19
4148000 19
4149000 19
4150000 19
4151000 19
4152000 19
4153000 19
4154000 19
4155000 19
4156000 19
4157000 19
4158000 19
4159000 19
4160000 19
4161000 19
4162000 19
4163000 19
4164000 19
4165000 19
4166000 19
4167000 19
4168000 19
4169000 19
4170000 19
4171000 19
4172000 19
4173000 19
4174000 19
4175000 19
4176000 19
4177000 19
4178000 19
4179000 19
4180000 19
4181000 19
4182000 19
4183000 19
4184000 19
4185000 19
4186000 19
4187000 19
4188000 19
4189000 19
4190000 19
4191000 19
4192000 19
4193000 19
4194000 19
4195000 19
4196000 19
4197000 19
4198000 19
4199000 19
4200000 19
4201000 19
4202000 19
4203000 19
4204000 19
4205000 19
4206000 19
4207000 19
4208000 19
4209000 19
4210000 19
4211000 19
4212000 19
4213000 19
4214000 19
4215000 19
4216000 19
4217000 19
4218000 19
4219000 19
4220000 19
4221000 19
4222000 19
4223000 19
4224000 19
4225000 19
4226000 19
4227000 19
4228000 19
4229000 19
4230000 19
4231000 19
4232000 19
4233000 19
4234000 19
4235000 19
4236000 19
4237000 19
4238000 19
4239000 19
4240000 19
4241000 19
4242000 19
4243000 19
4244000 19
4245000 19
4246000 19
4247000 19
4248000 19
4249000 19
4250000 19
4251000 19
4252000 19
4253000 19
4254000 19
4255000 19
4256000 19
4257000 19
4258000 19
4259000 19
4260000 19
4261000 19
4262000 19
4263000 19
4264000 19
4265000 19
4266000 19
4267000 19
4268000 19
4269000 19
4270000 19
4271000 19
4272000 19
4273000 19
4274000 19
4275000 19
4276000 19
4277000 19
4278000 19
4279000 19
4280000 19
4281000 19
4282000 19
4283000 19
4284000 19
4285000 19
4286000 19
4287000 19
4288000 19
4289000 19
4290000 19
4291000 19
4292000 19
4293000 19
4294000 19
4295000 19
4296000 19
4297000 19
4298000 19
4299000 19
4300000 19
4301000 19
4302000 19
4303000 19
4304000 19
4305000 19
4306000 19
4307000 19
4308000 19
4309000 19
4310000 19
4311000 19
4312000 19
4313000 19
4314000 19
4315000 19
4316000 19
4317000 19
4318000 19
4319000 19
4320000 19
4321000 19
4322000 19
4323000 19
4324000 19
4325000 19
4326000 19
4327000 19
4328000 19
4329000 19
4330000 19
4331000 19
4332000 19
4333000 19
4334000 19
4335000 19
4336000 19
4337000 19
4338000 19
4339000 19
4340000 19
4341000 19
4342000 19
4343000 19
4344000 19
4345000 19
4346000 19
4347000 19
4348000 19
4349000 19
4350000 19
4351000 19
4352000 19
4353000 19
4354000 19
4355000 19
4356000 19
4357000 19
4358000 19
4359000 19
4360000 19
4361000 19
4362000 19
4363000 19
4364000 19
4365000 19
4366000 19
4367000 19
4368000 19
4369000 19
4370000 19
4371000 19
4372000 19
4373000 19
4374000 19
4375000 19
4376000 19
4377000 19
4378000 19
4379000 19
4380000 19
4381000 19
4382000 19
4383000 19
4384000 19
4385000 19
4386000 19
4387000 19
4388000 19
4389000 19
4390000 19
4391000 19
4392000 19
4393000 19
4394000 19
4395000 19
4396000 19
4397000 19
4398000 19
4399000 19
4400000 19
4401000 19
4402000 19
4403000 19
4404000 19
4405000 19
4406000 19
4407000 19
4408000 19
4409000 19
4410000 19
4411000 19
4412000 19
4413000 19
4414000 19
4415000 19
4416000 19
4417000 19
4418000 19
4419000 19
4420000 19
4421000 19
4422000 19
4423000 19
4424000 19
4425000 19
4426000 19
4427000 19
4428000 19
4429000 19
4430000 19
4431000 19
4432000 19
4433000 19
4434000 19
4435000 19
4436000 19
4437000 19
4438000 19
4439000 19
4440000 19
4441000 19
4442000 19
4443000 19
4444000 19
4445000 19
4446000 19
4447000 19
4448000 19
4449000 19
4450000 19
4451000 19
4452000 19
4453000 19
4454000 19
4455000 19
4456000 19
4457000 19
4458000 19
4459000 19
4460000 19
4461000 19
4462000 19
4463000 19
4464000 19
4465000 19
4466000 19
4467000 19
4468000 19
4469000 19
4470000 19
4471000 19
4472000 19
4473000 19
4474000 19
4475000 19
4476000 19
4477000 19
4478000 19
4479000 19
4480000 19
4481000 19
4482000 19
4483000 19
4484000 19
4485000 19
4486000 19
4487000 19
4488000 19
4489000 19
4490000 19
4491000 19
4492000 19
4493000 19
4494000 19
4495000 19
4496000 19
4497000 19
4498000 19
4499000 19
4500000 19
4501000 19
4502000 19
4503000 19
4504000 19
4505000 19
4506000 19
4507000 19
4508000 19
4509000 19
4510000 19
4511000 19
4512000 19
4513000 19
4514000 19
4515000 19
4516000 19
4517000 19
4518000 19
4519000 19
4520000 19
4521000 19
4522000 19
4523000 19
4524000 19
4525000 19
4526000 19
4527000 19
4528000 19
4529000 19
4530000 19
4531000 19
4532000 19
4533000 19
4534000 19
4535000 19
4536000 19
4537000 19
4538000 19
4539000 19
4540000 19
4541000 19
4542000 19
4543000 19
4544000 19
4545000 19
4546000 19
4547000 19
4548000 19
4549000 19
4550000 19
4551000 19
4552000 19
4553000 19
4554000 19
4555000 19
4556000 19
4557000 19
4558000 19
4559000 19
4560000 19
4561000 19
4562000 19
4563000 19
4564000 19
4565000 19
4566000 19
4567000 19
4568000 19
4569000 19
4570000 19
4571000 19
4572000 19
4573000 19
4574000 19
4575000 19
4576000 19
4577000 19
4578000 19
4579000 19
4580000 19
4581000 19
4582000 19
4583000 19
4584000 19
4585000 19
4586000 19
4587000 19
4588000 19
4589000 19
4590000 19
4591000 19
4592000 19
4593000 19
4594000 19
4595000 19
4596000 19
4597000 19
4598000 19
4599000 19
4600000 19
4601000 19
4602000 19
4603000 19
4604000 19
4605000 19
4606000 19
4607000 19
4608000 19
4609000 19
4610000 19
4611000 19
4612000 19
4613000 19
4614000 19
4615000 19
4616000 19
4617000 19
4618000 19
4619000 19
4620000 19
4621000 19
4622000 19
4623000 19
4624000 19
4625000 19
4626000 19
4627000 19
4628000 19
4629000 19
4630000 19
4631000 19
4632000 19
4633000 19
4634000 19
4635000 19
4636000 19
4637000 19
4638000 19
4639000 19
4640000 19
4641000 19
4642000 19
4643000 19
4644000 19
4645000 19
4646000 19
4647000 19
4648000 19
4649000 19
4650000 19
4651000 19
4652000 19
4653000 19
4654000 19
4655000 19
4656000 19
4657000 19
4658000 19
4659000 19
4660000 19
4661000 19
4662000 19
4663000 19
4664000 19
4665000 19
4666000 19
4667000 19
4668000 19
4669000 19
4670000 19
4671000 19
4672000 19
4673000 19
4674000 19
4675000 19
4676000 19
4677000 19
4678000 19
4679000 19
4680000 19
4681000 19
4682000 19
4683000 19
4684000 19
4685000 19
4686000 19
4687000 19
4688000 19
4689000 19
4690000 19
4691000 19
4692000 19
4693000 19
4694000 19
4695000 19
4696000 19
4697000 19
4698000 19
4699000 19
4700000 19
4701000 19
4702000 19
4703000 19
4704000 19
4705000 19
4706000 19
4707000 19
4708000 19
4709000 19
4710000 19
4711000 19
4712000 19
4713000 19
4714000 19
4715000 19
4716000 19
4717000 19
4718000 19
4719000 19
4720000 19
4721000 19
4722000 19
4723000 19
4724000 19
4725000 19
4726000 19
4727000 19
4728000 19
4729000 19
4730000 19
4731000 19
4732000 19
4733000 19
4734000 19
4735000 19
4736000 19
4737000 19
4738000 19
4739000 19
4740000 19
4741000 19
4742000 19
4743000 19
4744000 19
4745000 19
4746000 19
4747000 19
4748000 19
4749000 19
4750000 19
4751000 19
4752000 19
4753000 19
4754000 19
4755000 19
4756000 19
4757000 19
4758000 19
4759000 19
4760000 19
4761000 19
4762000 19
4763000 19
4764000 19
4765000 19
4766000 19
4767000 19
4768000 19
4769000 19
4770000 19
4771000 19
4772000 19
4773000 19
4774000 19
4775000 19
4776000 19
4777000 19
4778000 19
4779000 19
4780000 19
4781000 19
4782000 19
4783000 19
4784000 19
4785000 19
4786000 19
4787000 19
4788000 19
4789000 19
4790000 19
4791000 19
4792000 19
4793000 19
4794000 19
4795000 19
4796000 19
4797000 19
4798000 19
4799000 19
4800000 19
4801000 19
4802000 19
4803000 19
4804000 19
4805000 19
4806000 19
4807000 19
4808000 19
4809000 19
4810000 19
4811000 19
4812000 19
4813000 19
4814000 19
4815000 19
4816000 19
4817000 19
4818000 19
4819000 19
4820000 19
4821000 19
4822000 19
4823000 19
4824000 19
4825000 19
4826000 19
4827000 19
4828000 19
4829000 19
4830000 19
4831000 19
4832000 19
4833000 19
4834000 19
4835000 19
4836000 19
4837000 19
4838000 19
4839000 19
4840000 19
4841000 19
4842000 19
4843000 19
4844000 19
4845000 19
4846000 19
4847000 19
4848000 19
4849000 19
4850000 19
4851000 19
4852000 19
4853000 19
4854000 19
4855000 19
4856000 19
4857000 19
4858000 19
4859000 19
4860000 19
4861000 19
4862000 19
4863000 19
4864000 19
4865000 19
4866000 19
4867000 19
4868000 19
4869000 19
4870000 19
4871000 19
4872000 19
4873000 19
4874000 19
4875000 19
4876000 19
4877000 19
4878000 19
4879000 19
4880000 19
4881000 19
4882000 19
4883000 19
4884000 19
4885000 19
4886000 19
4887000 19
4888000 19
4889000 19
4890000 19
4891000 19
4892000 19
4893000 19
4894000 19
4895000 19
4896000 19
4897000 19
4898000 19
4899000 19
4900000 19
4901000 19
4902000 19
4903000 19
4904000 19
4905000 19
4906000 19
4907000 19
4908000 19
4909000 19
4910000 19
4911000 19
4912000 19
4913000 19
4914000 19
4915000 19
4916000 19
4917000 19
4918000 19
4919000 19
4920000 19
4921000 19
4922000 19
4923000 19
4924000 19
4925000 19
4926000 19
4927000 19
4928000 19
4929000 19
4930000 19
4931000 19
4932000 19
4933000 19
4934000 19
4935000 19
4936000 19
4937000 19
4938000 19
4939000 19
4940000 19
4941000 19
4942000 19
4943000 19
4944000 19
4945000 19
4946000 19
4947000 19
4948000 19
4949000 19
4950000 19
4951000 19
4952000 19
4953000 19
4954000 19
4955000 19
4956000 19
4957000 19
4958000 19
4959000 19
4960000 19
4961000 19
4962000 19
4963000 19
4964000 19
4965000 19
4966000 19
4967000 19
4968000 19
4969000 19
4970000 19
4971000 19
4972000 19
4973000 19
4974000 19
4975000 19
4976000 19
4977000 19
4978000 19
4979000 19
4980000 19
4981000 19
4982000 19
4983000 19
4984000 19
4985000 19
4986000 19
4987000 19
4988000 19
4989000 19
4990000 19
4991000 19
4992000 19
4993000 19
4994000 19
4995000 19
4996000 19
4997000 19
4998000 19
4999000 19
5000000 19
5001000 19
5002000 19
5003000 19
5004000 19
5005000 19
5006000 19
5007000 19
5008000 19
5009000 19
5010000 19
5011000 19
5012000 19
5013000 19
5014000 19
5015000 19
5016000 19
5017000 19
5018000 19
5019000 19
5020000 19
5021000 19
5022000 19
5023000 19
5024000 19
5025000 19
5026000 19
5027000 19
5028000 19
5029000 19
5030000 19
5031000 19
5032000 19
5033000 19
5034000 19
5035000 19
5036000 19
5037000 19
5038000 19
5039000 19
5040000 19
5041000 19
5042000 19
5043000 19
5044000 19
5045000 19
5046000 19
5047000 19
5048000 19
5049000 19
5050000 19
5051000 19
5052000 19
5053000 19
5054000 19
5055000 19
5056000 19
5057000 19
5058000 19
5059000 19
5060000 19
5061000 19
5062000 19
5063000 19
5064000 19
5065000 19
5066000 19
5067000 19
5068000 19
5069000 19
5070000 19
5071000 19
5072000 19
5073000 19
5074000 19
5075000 19
5076000 19
5077000 19
5078000 19
5079000 19
5080000 19
5081000 19
5082000 19
5083000 19
5084000 19
5085000 19
5086000 19
5087000 19
5088000 19
5089000 19
5090000 19
5091000 19
5092000 19
5093000 19
5094000 19
5095000 19
5096000 19
5097000 19
5098000 19
5099000 19
5100000 19
5101000 19
5102000 19
5103000 19
5104000 19
5105000 19
5106000 19
5107000 19
5108000 19
5109000 19
5110000 19
5111000 19
5112000 19
5113000 19
5114000 19
5115000 19
5116000 19
5117000 19
5118000 19
5119000 19
5120000 19
5121000 19
5122000 19
5123000 19
5124000 19
5125000 19
5126000 19
5127000 19
5128000 19
5129000 19
5130000 19
5131000 19
5132000 19
5133000 19
5134000 19
5135000 19
5136000 19
5137000 19
5138000 19
5139000 19
5140000 19
5141000 19
5142000 19
5143000 19
5144000 19
5145000 19
5146000 19
5147000 19
5148000 19
5149000 19
5150000 19
5151000 19
5152000 19
5153000 19
5154000 19
5155000 19
5156000 19
5157000 19
5158000 19
5159000 19
5160000 19
5161000 19
5162000 19
5163000 19
5164000 19
5165000 19
5166000 19
5167000 19
5168000 19
5169000 19
5170000 19
5171000 19
5172000 19
5173000 19
5174000 19
5175000 19
5176000 19
5177000 19
5178000 19
5179000 19
5180000 19
5181000 19
5182000 19
5183000 19
5184000 19
5185000 19
5186000 19
5187000 19
5188000 19
5189000 19
5190000 19
5191000 19
5192000 19
5193000 19
5194000 19
5195000 19
5196000 19
5197000 19
5198000 19
5199000 19
5200000 19
5201000 19
5202000 19
5203000 19
5204000 19
5205000 19
5206000 19
5207000 19
5208000 19
5209000 19
5210000 19
5211000 19
5212000 19
5213000 19
5214000 19
5215000 19
5216000 19
5217000 19
5218000 19
5219000 19
5220000 19
5221000 19
5222000 19
5223000 19
5224000 19
5225000 19
5226000 19
5227000 19
5228000 19
5229000 19
5230000 19
5231000 19
5232000 19
5233000 19
5234000 19
5235000 19
5236000 19
5237000 19
5238000 19
5239000 19
5240000 19
5241000 19
5242000 19
5243000 19
5244000 19
5245000 19
5246000 19
5247000 19
5248000 19
5249000 19
5250000 19
5251000 19
5252000 19
5253000 19
5254000 19
5255000 19
5256000 19
5257000 19
5258000 19
5259000 19
5260000 19
5261000 19
5262000 19
5263000 19
5264000 19
5265000 19
5266000 19
5267000 19
5268000 19
5269000 19
5270000 19
5271000 19
5272000 19
5273000 19
5274000 19
5275000 19
5276000 19
5277000 19
5278000 19
5279000 19
5280000 19
5281000 19
5282000 19
5283000 19
5284000 19
5285000 19
5286000 19
5287000 19
5288000 19
5289000 19
5290000 19
5291000 19
5292000 19
5293000 19
5294000 19
5295000 19
5296000 19
5297000 19
5298000 19
5299000 19
5300000 19
5301000 19
5302000 19
5303000 19
5304000 19
5305000 19
5306000 19
5307000 19
5308000 19
5309000 19
5310000 19
5311000 19
5312000 19
5313000 19
5314000 19
5315000 19
5316000 19
5317000 19
5318000 19
5319000 19
5320000 19
5321000 19
5322000 19
5323000 19
5324000 19
5325000 19
5326000 19
5327000 19
5328000 19
5329000 19
5330000 19
5331000 19
5332000 19
5333000 19
5334000 19
5335000 19
5336000 19
5337000 19
5338000 19
5339000 19
5340000 19
5341000 19
5342000 19
5343000 19
5344000 19
5345000 19
5346000 19
5347000 19
5348000 19
5349000 19
5350000 19
5351000 19
5352000 19
5353000 19
5354000 19
5355000 19
5356000 19
5357000 19
5358000 19
5359000 19
5360000 19
5361000 19
5362000 19
5363000 19
5364000 19
5365000 19
5366000 19
5367000 19
5368000 19
5369000 19
5370000 19
5371000 19
5372000 19
5373000 19
5374000 19
5375000 19
5376000 19
5377000 19
5378000 19
5379000 19
5380000 19
5381000 19
5382000 19
5383000 19
5384000 19
5385000 19
5386000 19
5387000 19
5388000 19
5389000 19
5390000 19
5391000 19
5392000 19
5393000 19
5394000 19
5395000 19
5396000 19
5397000 19
5398000 19
5399000 19
5400000 19
5401000 19
5402000 19
5403000 19
5404000 19
5405000 19
5406000 19
5407000 19
5408000 19
5409000 19
5410000 19
5411000 19
5412000 19
5413000 19
5414000 19
5415000 19
5416000 19
5417000 19
5418000 19
5419000 19
5420000 19
5421000 19
5422000 19
5423000 19
5424000 19
5425000 19
5426000 19
5427000 19
5428000 19
5429000 19
5430000 19
5431000 19
5432000 19
5433000 19
5434000 19
5435000 19
5436000 19
5437000 19
5438000 19
5439000 19
5440000 19
5441000 19
5442000 19
5443000 19
5444000 19
5445000 19
5446000 19
5447000 19
5448000 19
5449000 19
5450000 19
5451000 19
5452000 19
5453000 19
5454000 19
5455000 19
5456000 19
5457000 19
5458000 19
5459000 19
5460000 19
5461000 19
5462000 19
5463000 19
5464000 19
5465000 19
5466000 19
5467000 19
5468000 19
5469000 19
5470000 19
5471000 19
5472000 19
5473000 19
5474000 19
5475000 19
5476000 19
5477000 19
5478000 19
5479000 19
5480000 19
5481000 19
5482000 19
5483000 19
5484000 19
5485000 19
5486000 19
5487000 19
5488000 19
5489000 19
5490000 19
5491000 19
5492000 19
5493000 19
5494000 19
5495000 19
5496000 19
5497000 19
5498000 19
5499000 19
5500000 19
5501000 19
5502000 19
5503000 19
5504000 19
5505000 19
5506000 19
5507000 19
5508000 19
5509000 19
5510000 19
5511000 19
5512000 19
5513000 19
5514000 19
5515000 19
5516000 19
5517000 19
5518000 19
5519000 19
5520000 19
5521000 19
5522000 19
5523000 19
5524000 19
5525000 19
5526000 19
5527000 19
5528000 19
5529000 19
5530000 19
5531000 19
5532000 19
5533000 19
5534000 19
5535000 19
5536000 19
5537000 19
5538000 19
5539000 19
5540000 19
5541000 19
5542000 19
5543000 19
5544000 19
5545000 19
5546000 19
5547000 19
5548000 19
5549000 19
5550000 19
5551000 19
5552000 19
5553000 19
5554000 19
5555000 19
5556000 19
5557000 19
5558000 19
5559000 19
5560000 19
5561000 19
5562000 19
5563000 19
5564000 19
5565000 19
5566000 19
5567000 19
5568000 19
5569000 19
5570000 19
5571000 19
5572000 19
5573000 19
5574000 19
5575000 19
5576000 19
5577000 19
5578000 19
5579000 19
5580000 19
5581000 19
5582000 19
5583000 19
5584000 19
5585000 19
5586000 19
5587000 19
5588000 19
5589000 19
5590000 19
5591000 19
5592000 19
5593000 19
5594000 19
5595000 19
5596000 19
5597000 19
5598000 19
5599000 19
5600000 19
5601000 19
5602000 19
5603000 19
5604000 19
5605000 19
5606000 19
5607000 19
5608000 19
5609000 19
5610000 19
5611000 19
5612000 19
5613000 19
5614000 19
5615000 19
5616000 19
5617000 19
5618000 19
5619000 19
5620000 19
5621000 19
5622000 19
5623000 19
5624000 19
5625000 19
5626000 19
5627000 19
5628000 19
5629000 19
5630000 19
5631000 19
5632000 19
5633000 19
5634000 19
5635000 19
5636000 19
5637000 19
5638000 19
5639000 19
5640000 19
5641000 19
5642000 19
5643000 19
5644000 19
5645000 19
5646000 19
5647000 19
5648000 19
5649000 19
5650000 19
5651000 19
5652000 19
5653000 19
5654000 19
5655000 19
5656000 19
5657000 19
5658000 19
5659000 19
5660000 19
5661000 19
5662000 19
5663000 19
5664000 19
5665000 19
5666000 19
5667000 19
5668000 19
5669000 19
5670000 19
5671000 19
5672000 19
5673000 19
5674000 19
5675000 19
5676000 19
5677000 19
5678000 19
5679000 19
5680000 19
5681000 19
5682000 19
5683000 19
5684000 19
5685000 19
5686000 19
5687000 19
5688000 19
5689000 19
5690000 19
5691000 19
5692000 19
5693000 19
5694000 19
5695000 19
5696000 19
5697000 19
5698000 19
5699000 19
5700000 19
5701000 19
5702000 19
5703000 19
5704000 19
5705000 19
5706000 19
5707000 19
5708000 19
5709000 19
5710000 19
5711000 19
5712000 19
5713000 19
5714000 19
5715000 19
5716000 19
5717000 19
5718000 19
5719000 19
5720000 19
5721000 19
5722000 19
5723000 19
5724000 19
5725000 19
5726000 19
5727000 19
5728000 19
5729000 19
5730000 19
5731000 19
5732000 19
5733000 19
5734000 19
5735000 19
5736000 19
5737000 19
5738000 19
5739000 19
5740000 19
5741000 19
5742000 19
5743000 19
5744000 19
5745000 19
5746000 19
5747000 19
5748000 19
5749000 19
5750000 19
5751000 19
5752000 19
5753000 19
5754000 19
5755000 19
5756000 19
5757000 19
5758000 19
5759000 19
5760000 19
5761000 19
5762000 19
5763000 19
5764000 19
5765000 19
5766000 19
5767000 19
5768000 19
5769000 19
5770000 19
5771000 19
5772000 19
5773000 19
5774000 19
5775000 19
5776000 19
5777000 19
5778000 19
5779000 19
5780000 19
5781000 19
5782000 19
5783000 19
5784000 19
5785000 19
5786000 19
5787000 19
5788000 19
5789000 19
5790000 19
5791000 19
5792000 19
5793000 19
5794000 19
5795000 19
5796000 19
5797000 19
5798000 19
5799000 19
5800000 19
5801000 19
5802000 19
5803000 19
5804000 19
5805000 19
5806000 19
5807000 19
5808000 19
5809000 19
5810000 19
5811000 19
5812000 19
5813000 19
5814000 19
5815000 19
5816000 19
5817000 19
5818000 19
5819000 19
5820000 19
5821000 19
5822000 19
5823000 19
5824000 19
5825000 19
5826000 19
5827000 19
5828000 19
5829000 19
5830000 19
5831000 19
5832000 19
5833000 19
5834000 19
5835000 19
5836000 19
5837000 19
5838000 19
5839000 19
5840000 19
5841000 19
5842000 19
5843000 19
5844000 19
5845000 19
5846000 19
5847000 19
5848000 19
5849000 19
5850000 19
5851000 19
5852000 19
5853000 19
5854000 19
5855000 19
5856000 19
5857000 19
5858000 19
5859000 19
5860000 19
5861000 19
5862000 19
5863000 19
5864000 19
5865000 19
