# frame 	 heights
0 3
1000 3
2000 3
3000 3
4000 3
5000 3
6000 3
7000 3
8000 3
9000 3
10000 3
11000 3
12000 3
13000 3
14000 3
15000 3
16000 3
17000 3
18000 3
19000 3
20000 3
21000 3
22000 3
23000 3
24000 3
25000 3
26000 3
27000 3
28000 3
29000 3
30000 3
31000 3
32000 3
33000 3
34000 3
35000 3
36000 3
37000 3
38000 3
39000 3
40000 3
41000 3
42000 3
43000 3
44000 3
45000 3
46000 3
47000 3
48000 3
49000 3
50000 3
51000 3
52000 3
53000 3
54000 3
55000 3
56000 3
57000 3
58000 3
59000 3
60000 3
61000 3
62000 3
63000 3
64000 3
65000 3
66000 3
67000 3
68000 3
69000 3
70000 3
71000 3
72000 3
73000 3
74000 3
75000 3
76000 3
77000 3
78000 3
79000 3
80000 3
81000 3
82000 3
83000 3
84000 3
85000 3
86000 3
87000 3
88000 3
89000 3
90000 3
91000 3
92000 3
93000 3
94000 3
95000 3
96000 3
97000 3
98000 3
99000 3
100000 3
101000 3
102000 3
103000 3
104000 3
105000 3
106000 3
107000 3
108000 3
109000 3
110000 3
111000 3
112000 3
113000 3
114000 3
115000 3
116000 3
117000 3
118000 3
119000 3
120000 3
121000 3
122000 3
123000 3
124000 3
125000 3
126000 3
127000 3
128000 3
129000 3
130000 3
131000 3
132000 3
133000 3
134000 3
135000 3
136000 3
137000 3
138000 3
139000 3
140000 3
141000 3
142000 3
143000 3
144000 3
145000 3
146000 3
147000 3
148000 3
149000 3
150000 3
151000 3
152000 3
153000 3
154000 3
155000 3
156000 3
157000 3
158000 3
159000 3
160000 3
161000 3
162000 3
163000 3
164000 3
165000 3
166000 3
167000 3
168000 3
169000 3
170000 3
171000 3
172000 3
173000 3
174000 3
175000 3
176000 3
177000 3
178000 3
179000 3
180000 3
181000 3
182000 3
183000 3
184000 3
185000 3
186000 3
187000 3
188000 3
189000 3
190000 3
191000 3
192000 3
193000 3
194000 3
195000 3
196000 3
197000 3
198000 3
199000 3
200000 3
201000 3
202000 3
203000 3
204000 3
205000 3
206000 3
207000 3
208000 3
209000 3
210000 3
211000 3
212000 3
213000 3
214000 3
215000 3
216000 3
217000 3
218000 3
219000 3
220000 3
221000 3
222000 3
223000 3
224000 3
225000 3
226000 3
227000 3
228000 3
229000 3
230000 3
231000 3
232000 3
233000 3
234000 3
235000 3
236000 3
237000 3
238000 3
239000 3
240000 3
241000 3
242000 3
243000 3
244000 3
245000 3
246000 3
247000 3
248000 3
249000 3
250000 3
251000 3
252000 3
253000 3
254000 3
255000 3
256000 3
257000 3
258000 3
259000 3
260000 3
261000 3
262000 3
263000 3
264000 3
265000 3
266000 3
267000 3
268000 3
269000 3
270000 3
271000 3
272000 3
273000 3
274000 3
275000 3
276000 3
277000 3
278000 3
279000 3
280000 3
281000 3
282000 3
283000 3
284000 3
285000 3
286000 3
287000 3
288000 3
289000 3
290000 3
291000 3
292000 3
293000 3
294000 3
295000 3
296000 3
297000 3
298000 3
299000 3
300000 3
301000 3
302000 3
303000 3
304000 3
305000 3
306000 3
307000 3
308000 3
309000 3
310000 3
311000 3
312000 3
313000 3
314000 3
315000 3
316000 3
317000 3
318000 3
319000 3
320000 3
321000 3
322000 3
323000 3
324000 3
325000 3
326000 3
327000 3
328000 3
329000 3
330000 3
331000 3
332000 3
333000 3
334000 3
335000 3
336000 3
337000 3
338000 3
339000 3
340000 3
341000 3
342000 3
343000 3
344000 3
345000 3
346000 3
347000 3
348000 3
349000 3
350000 3
351000 3
352000 3
353000 3
354000 3
355000 3
356000 3
357000 3
358000 3
359000 3
360000 3
361000 3
362000 3
363000 3
364000 3
365000 3
366000 3
367000 3
368000 3
369000 3
370000 3
371000 3
372000 3
373000 3
374000 3
375000 3
376000 3
377000 3
378000 3
379000 3
380000 3
381000 3
382000 3
383000 3
384000 3
385000 3
386000 3
387000 3
388000 3
389000 3
390000 3
391000 3
392000 3
393000 3
394000 3
395000 3
396000 3
397000 3
398000 3
399000 3
400000 3
401000 3
402000 3
403000 3
404000 3
405000 3
406000 3
407000 3
408000 3
409000 3
410000 3
411000 3
412000 3
413000 3
414000 3
415000 3
416000 3
417000 3
418000 3
419000 3
420000 3
421000 3
422000 3
423000 3
424000 3
425000 3
426000 3
427000 3
428000 3
429000 3
430000 3
431000 3
432000 3
433000 3
434000 3
435000 3
436000 3
437000 3
438000 3
439000 3
440000 3
441000 3
442000 3
443000 3
444000 3
445000 3
446000 3
447000 3
448000 3
449000 3
450000 3
451000 3
452000 3
453000 3
454000 3
455000 3
456000 3
457000 3
458000 3
459000 3
460000 3
461000 3
462000 3
463000 3
464000 3
465000 3
466000 3
467000 3
468000 3
469000 3
470000 3
471000 3
472000 3
473000 3
474000 3
475000 3
476000 3
477000 3
478000 3
479000 3
480000 3
481000 3
482000 3
483000 3
484000 3
485000 3
486000 3
487000 3
488000 3
489000 3
490000 3
491000 3
492000 3
493000 3
494000 3
495000 3
496000 3
497000 3
498000 3
499000 3
500000 3
501000 3
502000 3
503000 3
504000 3
505000 3
506000 3
507000 3
508000 3
509000 3
510000 3
511000 3
512000 3
513000 3
514000 3
515000 3
516000 3
517000 3
518000 3
519000 3
520000 3
521000 3
522000 3
523000 3
524000 3
525000 3
526000 3
527000 3
528000 3
529000 3
530000 3
531000 3
532000 3
533000 3
534000 3
535000 3
536000 3
537000 3
538000 3
539000 3
540000 3
541000 3
542000 3
543000 3
544000 3
545000 3
546000 3
547000 3
548000 3
549000 3
550000 3
551000 3
552000 3
553000 3
554000 3
555000 3
556000 3
557000 3
558000 3
559000 3
560000 3
561000 3
562000 3
563000 3
564000 3
565000 3
566000 3
567000 3
568000 3
569000 3
570000 3
571000 3
572000 3
573000 3
574000 3
575000 3
576000 3
577000 3
578000 3
579000 3
580000 3
581000 3
582000 3
583000 3
584000 3
585000 3
586000 3
587000 3
588000 3
589000 3
590000 3
591000 3
592000 3
593000 3
594000 3
595000 3
596000 3
597000 3
598000 3
599000 3
600000 3
601000 3
602000 3
603000 3
604000 3
605000 3
606000 3
607000 3
608000 3
609000 3
610000 3
611000 3
612000 3
613000 3
614000 3
615000 3
616000 3
617000 3
618000 3
619000 3
620000 3
621000 3
622000 3
623000 3
624000 3
625000 3
626000 3
627000 3
628000 3
629000 3
630000 3
631000 3
632000 3
633000 3
634000 3
635000 3
636000 3
637000 3
638000 3
639000 3
640000 3
641000 3
642000 3
643000 3
644000 3
645000 3
646000 3
647000 3
648000 3
649000 3
650000 3
651000 3
652000 3
653000 3
654000 3
655000 3
656000 3
657000 3
658000 3
659000 3
660000 3
661000 3
662000 3
663000 3
664000 3
665000 3
666000 3
667000 3
668000 3
669000 3
670000 3
671000 3
672000 3
673000 3
674000 3
675000 3
676000 3
677000 3
678000 3
679000 3
680000 3
681000 3
682000 3
683000 3
684000 3
685000 3
686000 3
687000 3
688000 3
689000 3
690000 3
691000 3
692000 3
693000 3
694000 3
695000 3
696000 3
697000 3
698000 3
699000 3
700000 3
701000 3
702000 3
703000 3
704000 3
705000 3
706000 3
707000 3
708000 3
709000 3
710000 3
711000 3
712000 3
713000 3
714000 3
715000 3
716000 3
717000 3
718000 3
719000 3
720000 3
721000 3
722000 3
723000 3
724000 3
725000 3
726000 3
727000 3
728000 3
729000 3
730000 3
731000 3
732000 3
733000 3
734000 3
735000 3
736000 3
737000 3
738000 3
739000 3
740000 3
741000 3
742000 3
743000 3
744000 3
745000 3
746000 3
747000 3
748000 3
749000 3
750000 3
751000 3
752000 3
753000 3
754000 3
755000 3
756000 3
757000 3
758000 3
759000 3
760000 3
761000 3
762000 3
763000 3
764000 3
765000 3
766000 3
767000 3
768000 3
769000 3
770000 3
771000 3
772000 3
773000 3
774000 3
775000 3
776000 3
777000 3
778000 3
779000 3
780000 3
781000 3
782000 3
783000 3
784000 3
785000 3
786000 3
787000 3
788000 3
789000 3
790000 3
791000 3
792000 3
793000 3
794000 3
795000 3
796000 3
797000 3
798000 3
799000 3
800000 3
801000 3
802000 3
803000 3
804000 3
805000 3
806000 3
807000 3
808000 3
809000 3
810000 3
811000 3
812000 3
813000 3
814000 3
815000 3
816000 3
817000 3
818000 3
819000 3
820000 3
821000 3
822000 3
823000 3
824000 3
825000 3
826000 3
827000 3
828000 3
829000 3
830000 3
831000 3
832000 3
833000 3
834000 3
835000 3
836000 3
837000 3
838000 3
839000 3
840000 3
841000 3
842000 3
843000 3
844000 3
845000 3
846000 3
847000 3
848000 3
849000 3
850000 3
851000 3
852000 3
853000 3
854000 3
855000 3
856000 3
857000 3
858000 3
859000 3
860000 3
861000 3
862000 3
863000 3
864000 3
865000 3
866000 3
867000 3
868000 3
869000 3
870000 3
871000 3
872000 3
873000 3
874000 3
875000 3
876000 3
877000 3
878000 3
879000 3
880000 3
881000 3
882000 3
883000 3
884000 3
885000 3
886000 3
887000 3
888000 3
889000 3
890000 3
891000 3
892000 3
893000 3
894000 3
895000 3
896000 3
897000 3
898000 3
899000 3
900000 3
901000 3
902000 3
903000 3
904000 3
905000 3
906000 3
907000 3
908000 3
909000 3
910000 3
911000 3
912000 3
913000 3
914000 3
915000 3
916000 3
917000 3
918000 3
919000 3
920000 3
921000 3
922000 3
923000 3
924000 3
925000 3
926000 3
927000 3
928000 3
929000 3
930000 3
931000 3
932000 3
933000 3
934000 3
935000 3
936000 3
937000 3
938000 3
939000 3
940000 3
941000 3
942000 3
943000 3
944000 3
945000 3
946000 3
947000 3
948000 3
949000 3
950000 3
951000 3
952000 3
953000 3
954000 3
955000 3
956000 3
957000 3
958000 3
959000 3
960000 3
961000 3
962000 3
963000 3
964000 3
965000 3
966000 3
967000 3
968000 3
969000 3
970000 3
971000 3
972000 3
973000 3
974000 3
975000 3
976000 3
977000 3
978000 3
979000 3
980000 3
981000 3
982000 3
983000 3
984000 3
985000 3
986000 3
987000 3
988000 3
989000 3
990000 3
991000 3
992000 3
993000 3
994000 3
995000 3
996000 3
997000 3
998000 3
999000 3
1000000 3
1001000 3
1002000 3
1003000 3
1004000 3
1005000 3
1006000 3
1007000 3
1008000 3
1009000 3
1010000 3
1011000 3
1012000 3
1013000 3
1014000 3
1015000 3
1016000 3
1017000 3
1018000 3
1019000 3
1020000 3
1021000 3
1022000 3
1023000 3
1024000 3
1025000 3
1026000 3
1027000 3
1028000 3
1029000 3
1030000 3
1031000 3
1032000 3
1033000 3
1034000 3
1035000 3
1036000 3
1037000 3
1038000 3
1039000 3
1040000 3
1041000 3
1042000 3
1043000 3
1044000 3
1045000 3
1046000 3
1047000 3
1048000 3
1049000 3
1050000 3
1051000 3
1052000 3
1053000 3
1054000 3
1055000 3
1056000 3
1057000 3
1058000 3
1059000 3
1060000 3
1061000 3
1062000 3
1063000 3
1064000 3
1065000 3
1066000 3
1067000 3
1068000 3
1069000 3
1070000 3
1071000 3
1072000 3
1073000 3
1074000 3
1075000 3
1076000 3
1077000 3
1078000 3
1079000 3
1080000 3
1081000 3
1082000 3
1083000 3
1084000 3
1085000 3
1086000 3
1087000 3
1088000 3
1089000 3
1090000 3
1091000 3
1092000 3
1093000 3
1094000 3
1095000 3
1096000 3
1097000 3
1098000 3
1099000 3
1100000 3
1101000 3
1102000 3
1103000 3
1104000 3
1105000 3
1106000 3
1107000 3
1108000 3
1109000 3
1110000 3
1111000 3
1112000 3
1113000 3
1114000 3
1115000 3
1116000 3
1117000 3
1118000 3
1119000 3
1120000 3
1121000 3
1122000 3
1123000 3
1124000 3
1125000 3
1126000 3
1127000 3
1128000 3
1129000 3
1130000 3
1131000 3
1132000 3
1133000 3
1134000 3
1135000 3
1136000 3
1137000 3
1138000 3
1139000 3
1140000 3
1141000 3
1142000 3
1143000 3
1144000 3
1145000 3
1146000 3
1147000 3
1148000 3
1149000 3
1150000 3
1151000 3
1152000 3
1153000 3
1154000 3
1155000 3
1156000 3
1157000 3
1158000 3
1159000 3
1160000 3
1161000 3
1162000 3
1163000 3
1164000 3
1165000 3
1166000 3
1167000 3
1168000 3
1169000 3
1170000 3
1171000 3
1172000 3
1173000 3
1174000 3
1175000 3
1176000 3
1177000 3
1178000 3
1179000 3
1180000 3
1181000 3
1182000 3
1183000 3
1184000 3
1185000 3
1186000 3
1187000 3
1188000 3
1189000 3
1190000 3
1191000 3
1192000 3
1193000 3
1194000 3
1195000 3
1196000 3
1197000 3
1198000 3
1199000 3
1200000 3
1201000 3
1202000 3
1203000 3
1204000 3
1205000 3
1206000 3
1207000 3
1208000 3
1209000 3
1210000 3
1211000 3
1212000 3
1213000 3
1214000 3
1215000 3
1216000 3
1217000 3
1218000 3
1219000 3
1220000 3
1221000 3
1222000 3
1223000 3
1224000 3
1225000 3
1226000 3
1227000 3
1228000 3
1229000 3
1230000 3
1231000 3
1232000 3
1233000 3
1234000 3
1235000 3
1236000 3
1237000 3
1238000 3
1239000 3
1240000 3
1241000 3
1242000 3
1243000 3
1244000 3
1245000 3
1246000 3
1247000 3
1248000 3
1249000 3
1250000 3
1251000 3
1252000 3
1253000 3
1254000 3
1255000 3
1256000 3
1257000 3
1258000 3
1259000 3
1260000 3
1261000 3
1262000 3
1263000 3
1264000 3
1265000 3
1266000 3
1267000 3
1268000 3
1269000 3
1270000 3
1271000 3
1272000 3
1273000 3
1274000 3
1275000 3
1276000 3
1277000 3
1278000 3
1279000 3
1280000 3
1281000 3
1282000 3
1283000 3
1284000 3
1285000 3
1286000 3
1287000 3
1288000 3
1289000 3
1290000 3
1291000 3
1292000 3
1293000 3
1294000 3
1295000 3
1296000 3
1297000 3
1298000 3
1299000 3
1300000 3
1301000 3
1302000 3
1303000 3
1304000 3
1305000 3
1306000 3
1307000 3
1308000 3
1309000 3
1310000 3
1311000 3
1312000 3
1313000 3
1314000 3
1315000 3
1316000 3
1317000 3
1318000 3
1319000 3
1320000 3
1321000 3
1322000 3
1323000 3
1324000 3
1325000 3
1326000 3
1327000 3
1328000 3
1329000 3
1330000 3
1331000 3
1332000 3
1333000 3
1334000 3
1335000 3
1336000 3
1337000 3
1338000 3
1339000 3
1340000 3
1341000 3
1342000 3
1343000 3
1344000 3
1345000 3
1346000 3
1347000 3
1348000 3
1349000 3
1350000 3
1351000 3
1352000 3
1353000 3
1354000 3
1355000 3
1356000 3
1357000 3
1358000 3
1359000 3
1360000 3
1361000 3
1362000 3
1363000 3
1364000 3
1365000 3
1366000 3
1367000 3
1368000 3
1369000 3
1370000 3
1371000 3
1372000 3
1373000 3
1374000 3
1375000 3
1376000 3
1377000 3
1378000 3
1379000 3
1380000 3
1381000 3
1382000 3
1383000 3
1384000 3
1385000 3
1386000 3
1387000 3
1388000 3
1389000 3
1390000 3
1391000 3
1392000 3
1393000 3
1394000 3
1395000 3
1396000 3
1397000 3
1398000 3
1399000 3
1400000 3
1401000 3
1402000 3
1403000 3
1404000 3
1405000 3
1406000 3
1407000 3
1408000 3
1409000 3
1410000 3
1411000 3
1412000 3
1413000 3
1414000 3
1415000 3
1416000 3
1417000 3
1418000 3
1419000 3
1420000 3
1421000 3
1422000 3
1423000 3
1424000 3
1425000 3
1426000 3
1427000 3
1428000 3
1429000 3
1430000 3
1431000 3
1432000 3
1433000 3
1434000 3
1435000 3
1436000 3
1437000 3
1438000 3
1439000 3
1440000 3
1441000 3
1442000 3
1443000 3
1444000 3
1445000 3
1446000 3
1447000 3
1448000 3
1449000 3
1450000 3
1451000 3
1452000 3
1453000 3
1454000 3
1455000 3
1456000 3
1457000 3
1458000 3
1459000 3
1460000 3
1461000 3
1462000 3
1463000 3
1464000 3
1465000 3
1466000 3
1467000 3
1468000 3
1469000 3
1470000 3
1471000 3
1472000 3
1473000 3
1474000 3
1475000 3
1476000 3
1477000 3
1478000 3
1479000 3
1480000 3
1481000 3
1482000 3
1483000 3
1484000 3
1485000 3
1486000 3
1487000 3
1488000 3
1489000 3
1490000 3
1491000 3
1492000 3
1493000 3
1494000 3
1495000 3
1496000 3
1497000 3
1498000 3
1499000 3
1500000 3
1501000 3
1502000 3
1503000 3
1504000 3
1505000 3
1506000 3
1507000 3
1508000 3
1509000 3
1510000 3
1511000 3
1512000 3
1513000 3
1514000 3
1515000 3
1516000 3
1517000 3
1518000 3
1519000 3
1520000 3
1521000 3
1522000 3
1523000 3
1524000 3
1525000 3
1526000 3
1527000 3
1528000 3
1529000 3
1530000 3
1531000 3
1532000 3
1533000 3
1534000 3
1535000 3
1536000 3
1537000 3
1538000 3
1539000 3
1540000 3
1541000 3
1542000 3
1543000 3
1544000 3
1545000 3
1546000 3
1547000 3
1548000 3
1549000 3
1550000 3
1551000 3
1552000 3
1553000 3
1554000 3
1555000 3
1556000 3
1557000 3
1558000 3
1559000 3
1560000 3
1561000 3
1562000 3
1563000 3
1564000 3
1565000 3
1566000 3
1567000 3
1568000 3
1569000 3
1570000 3
1571000 3
1572000 3
1573000 3
1574000 3
1575000 3
1576000 3
1577000 3
1578000 3
1579000 3
1580000 3
1581000 3
1582000 3
1583000 3
1584000 3
1585000 3
1586000 3
1587000 3
1588000 3
1589000 3
1590000 3
1591000 3
1592000 3
1593000 3
1594000 3
1595000 3
1596000 3
1597000 3
1598000 3
1599000 3
1600000 3
1601000 3
1602000 3
1603000 3
1604000 3
1605000 3
1606000 3
1607000 3
1608000 3
1609000 3
1610000 3
1611000 3
1612000 3
1613000 3
1614000 3
1615000 3
1616000 3
1617000 3
1618000 3
1619000 3
1620000 3
1621000 3
1622000 3
1623000 3
1624000 3
1625000 3
1626000 3
1627000 3
1628000 3
1629000 3
1630000 3
1631000 3
1632000 3
1633000 3
1634000 3
1635000 3
1636000 3
1637000 3
1638000 3
1639000 3
1640000 3
1641000 3
1642000 3
1643000 3
1644000 3
1645000 3
1646000 3
1647000 3
1648000 3
1649000 3
1650000 3
1651000 3
1652000 3
1653000 3
1654000 3
1655000 3
1656000 3
1657000 3
1658000 3
1659000 3
1660000 3
1661000 3
1662000 3
1663000 3
1664000 3
1665000 3
1666000 3
1667000 3
1668000 3
1669000 3
1670000 3
1671000 3
1672000 3
1673000 3
1674000 3
1675000 3
1676000 3
1677000 3
1678000 3
1679000 3
1680000 3
1681000 3
1682000 3
1683000 3
1684000 3
1685000 3
1686000 3
1687000 3
1688000 3
1689000 3
1690000 3
1691000 3
1692000 3
1693000 3
1694000 3
1695000 3
1696000 3
1697000 3
1698000 3
1699000 3
1700000 3
1701000 3
1702000 3
1703000 3
1704000 3
1705000 3
1706000 3
1707000 3
1708000 3
1709000 3
1710000 3
1711000 3
1712000 3
1713000 3
1714000 3
1715000 3
1716000 3
1717000 3
1718000 3
1719000 3
1720000 3
1721000 3
1722000 3
1723000 3
1724000 3
1725000 3
1726000 3
1727000 3
1728000 3
1729000 3
1730000 3
1731000 3
1732000 3
1733000 3
1734000 3
1735000 3
1736000 3
1737000 3
1738000 3
1739000 3
1740000 3
1741000 3
1742000 3
1743000 3
1744000 3
1745000 3
1746000 3
1747000 3
1748000 3
1749000 3
1750000 3
1751000 3
1752000 3
1753000 3
1754000 3
1755000 3
1756000 3
1757000 3
1758000 3
1759000 3
1760000 3
1761000 3
1762000 3
1763000 3
1764000 3
1765000 3
1766000 3
1767000 3
1768000 3
1769000 3
1770000 3
1771000 3
1772000 3
1773000 3
1774000 3
1775000 3
1776000 3
1777000 3
1778000 3
1779000 3
1780000 3
1781000 3
1782000 3
1783000 3
1784000 3
1785000 3
1786000 3
1787000 3
1788000 3
1789000 3
1790000 3
1791000 3
1792000 3
1793000 3
1794000 3
1795000 3
1796000 3
1797000 3
1798000 3
1799000 3
1800000 3
1801000 3
1802000 3
1803000 3
1804000 3
1805000 3
1806000 3
1807000 3
1808000 3
1809000 3
1810000 3
1811000 3
1812000 3
1813000 3
1814000 3
1815000 3
1816000 3
1817000 3
1818000 3
1819000 3
1820000 3
1821000 3
1822000 3
1823000 3
1824000 3
1825000 3
1826000 3
1827000 3
1828000 3
1829000 3
1830000 3
1831000 3
1832000 3
1833000 3
1834000 3
1835000 3
1836000 3
1837000 3
1838000 3
1839000 3
1840000 3
1841000 3
1842000 3
1843000 3
1844000 3
1845000 3
1846000 3
1847000 3
1848000 3
1849000 3
1850000 3
1851000 3
1852000 3
1853000 3
1854000 3
1855000 3
1856000 3
1857000 3
1858000 3
1859000 3
1860000 3
1861000 3
1862000 3
1863000 3
1864000 3
1865000 3
1866000 3
1867000 3
1868000 3
1869000 3
1870000 3
1871000 3
1872000 3
1873000 3
1874000 3
1875000 3
1876000 3
1877000 3
1878000 3
1879000 3
1880000 3
1881000 3
1882000 3
1883000 3
1884000 3
1885000 3
1886000 3
1887000 3
1888000 3
1889000 3
1890000 3
1891000 3
1892000 3
1893000 3
1894000 3
1895000 3
1896000 3
1897000 3
1898000 3
1899000 3
1900000 3
1901000 3
1902000 3
1903000 3
1904000 3
1905000 3
1906000 3
1907000 3
1908000 3
1909000 3
1910000 3
1911000 3
1912000 3
1913000 3
1914000 3
1915000 3
1916000 3
1917000 3
1918000 3
1919000 3
1920000 3
1921000 3
1922000 3
1923000 3
1924000 3
1925000 3
1926000 3
1927000 3
1928000 3
1929000 3
1930000 3
1931000 3
1932000 3
1933000 3
1934000 3
1935000 3
1936000 3
1937000 3
1938000 3
1939000 3
1940000 3
1941000 3
1942000 3
1943000 3
1944000 3
1945000 3
1946000 3
1947000 3
1948000 3
1949000 3
1950000 3
1951000 3
1952000 3
1953000 3
1954000 3
1955000 3
1956000 3
1957000 3
1958000 3
1959000 3
1960000 3
1961000 3
1962000 3
1963000 3
1964000 3
1965000 3
1966000 3
1967000 3
1968000 3
1969000 3
1970000 3
1971000 3
1972000 3
1973000 3
1974000 3
1975000 3
1976000 3
1977000 3
1978000 3
1979000 3
1980000 3
1981000 3
1982000 3
1983000 3
1984000 3
1985000 3
1986000 3
1987000 3
1988000 3
1989000 3
1990000 3
1991000 3
1992000 3
1993000 3
1994000 3
1995000 3
1996000 3
1997000 3
1998000 3
1999000 3
2000000 3
2001000 3
2002000 3
2003000 3
2004000 3
2005000 3
2006000 3
2007000 3
2008000 3
2009000 3
2010000 3
2011000 3
2012000 3
2013000 3
2014000 3
2015000 3
2016000 3
2017000 3
2018000 3
2019000 3
2020000 3
2021000 3
2022000 3
2023000 3
2024000 3
2025000 3
2026000 3
2027000 3
2028000 3
2029000 3
2030000 3
2031000 3
2032000 3
2033000 3
2034000 3
2035000 3
2036000 3
2037000 3
2038000 3
2039000 3
2040000 3
2041000 3
2042000 3
2043000 3
2044000 3
2045000 3
2046000 3
2047000 3
2048000 3
2049000 3
2050000 3
2051000 3
2052000 3
2053000 3
2054000 3
2055000 3
2056000 3
2057000 3
2058000 3
2059000 3
2060000 3
2061000 3
2062000 3
2063000 3
2064000 3
2065000 3
2066000 3
2067000 3
2068000 3
2069000 3
2070000 3
2071000 3
2072000 3
2073000 3
2074000 3
2075000 3
2076000 3
2077000 3
2078000 3
2079000 3
2080000 3
2081000 3
2082000 3
2083000 3
2084000 3
2085000 3
2086000 3
2087000 3
2088000 3
2089000 3
2090000 3
2091000 3
2092000 3
2093000 3
2094000 3
2095000 3
2096000 3
2097000 3
2098000 3
2099000 3
2100000 3
2101000 3
2102000 3
2103000 3
2104000 3
2105000 3
2106000 3
2107000 3
2108000 3
2109000 3
2110000 3
2111000 3
2112000 3
2113000 3
2114000 3
2115000 3
2116000 3
2117000 3
2118000 3
2119000 3
2120000 3
2121000 3
2122000 3
2123000 3
2124000 3
2125000 3
2126000 3
2127000 3
2128000 3
2129000 3
2130000 3
2131000 3
2132000 3
2133000 3
2134000 3
2135000 3
2136000 3
2137000 3
2138000 3
2139000 3
2140000 3
2141000 3
2142000 3
2143000 3
2144000 3
2145000 3
2146000 3
2147000 3
2148000 3
2149000 3
2150000 3
2151000 3
2152000 3
2153000 3
2154000 3
2155000 3
2156000 3
2157000 3
2158000 3
2159000 3
2160000 3
2161000 3
2162000 3
2163000 3
2164000 3
2165000 3
2166000 3
2167000 3
2168000 3
2169000 3
2170000 3
2171000 3
2172000 3
2173000 3
2174000 3
2175000 3
2176000 3
2177000 3
2178000 3
2179000 3
2180000 3
2181000 3
2182000 3
2183000 3
2184000 3
2185000 3
2186000 3
2187000 3
2188000 3
2189000 3
2190000 3
2191000 3
2192000 3
2193000 3
2194000 3
2195000 3
2196000 3
2197000 3
2198000 3
2199000 3
2200000 3
2201000 3
2202000 3
2203000 3
2204000 3
2205000 3
2206000 3
2207000 3
2208000 3
2209000 3
2210000 3
2211000 3
2212000 3
2213000 3
2214000 3
2215000 3
2216000 3
2217000 3
2218000 3
2219000 3
2220000 3
2221000 3
2222000 3
2223000 3
2224000 3
2225000 3
2226000 3
2227000 3
2228000 3
2229000 3
2230000 3
2231000 3
2232000 3
2233000 3
2234000 3
2235000 3
2236000 3
2237000 3
2238000 3
2239000 3
2240000 3
2241000 3
2242000 3
2243000 3
2244000 3
2245000 3
2246000 3
2247000 3
2248000 3
2249000 3
2250000 3
2251000 3
2252000 3
2253000 3
2254000 3
2255000 3
2256000 3
2257000 3
2258000 3
2259000 3
2260000 3
2261000 3
2262000 3
2263000 3
2264000 3
2265000 3
2266000 3
2267000 3
2268000 3
2269000 3
2270000 3
2271000 3
2272000 3
2273000 3
2274000 3
2275000 3
2276000 3
2277000 3
2278000 3
2279000 3
2280000 3
2281000 3
2282000 3
2283000 3
2284000 3
2285000 3
2286000 3
2287000 3
2288000 3
2289000 3
2290000 3
2291000 3
2292000 3
2293000 3
2294000 3
2295000 3
2296000 3
2297000 3
2298000 3
2299000 3
2300000 3
2301000 3
2302000 3
2303000 3
2304000 3
2305000 3
2306000 3
2307000 3
2308000 3
2309000 3
2310000 3
2311000 3
2312000 3
2313000 3
2314000 3
2315000 3
2316000 3
2317000 3
2318000 3
2319000 3
2320000 3
2321000 3
2322000 3
2323000 3
2324000 3
2325000 3
2326000 3
2327000 3
2328000 3
2329000 3
2330000 3
2331000 3
2332000 3
2333000 3
2334000 3
2335000 3
2336000 3
2337000 3
2338000 3
2339000 3
2340000 3
2341000 3
2342000 3
2343000 3
2344000 3
2345000 3
2346000 3
2347000 3
2348000 3
2349000 3
2350000 3
2351000 3
2352000 3
2353000 3
2354000 3
2355000 3
2356000 3
2357000 3
2358000 3
2359000 3
2360000 3
2361000 3
2362000 3
2363000 3
2364000 3
2365000 3
2366000 3
2367000 3
2368000 3
2369000 3
2370000 3
2371000 3
2372000 3
2373000 3
2374000 3
2375000 3
2376000 3
2377000 3
2378000 3
2379000 3
2380000 3
2381000 3
2382000 3
2383000 3
2384000 3
2385000 3
2386000 3
2387000 3
2388000 3
2389000 3
2390000 3
2391000 3
2392000 3
2393000 3
2394000 3
2395000 3
2396000 3
2397000 3
2398000 3
2399000 3
2400000 3
2401000 3
2402000 3
2403000 3
2404000 3
2405000 3
2406000 3
2407000 3
2408000 3
2409000 3
2410000 3
2411000 3
2412000 3
2413000 3
2414000 3
2415000 3
2416000 3
2417000 3
2418000 3
2419000 3
2420000 3
2421000 3
2422000 3
2423000 3
2424000 3
2425000 3
2426000 3
2427000 3
2428000 3
2429000 3
2430000 3
2431000 3
2432000 3
2433000 3
2434000 3
2435000 3
2436000 3
2437000 3
2438000 3
2439000 3
2440000 3
2441000 3
2442000 3
2443000 3
2444000 3
2445000 3
2446000 3
2447000 3
2448000 3
2449000 3
2450000 3
2451000 3
2452000 3
2453000 3
2454000 3
2455000 3
2456000 3
2457000 3
2458000 3
2459000 3
2460000 3
2461000 3
2462000 3
2463000 3
2464000 3
2465000 3
2466000 3
2467000 3
2468000 3
2469000 3
2470000 3
2471000 3
2472000 3
2473000 3
2474000 3
2475000 3
2476000 3
2477000 3
2478000 3
2479000 3
2480000 3
2481000 3
2482000 3
2483000 3
2484000 3
2485000 3
2486000 3
2487000 3
2488000 3
2489000 3
2490000 3
2491000 3
2492000 3
2493000 3
2494000 3
2495000 3
2496000 3
2497000 3
2498000 3
2499000 3
2500000 3
2501000 3
2502000 3
2503000 3
2504000 3
2505000 3
2506000 3
2507000 3
2508000 3
2509000 3
2510000 3
2511000 3
2512000 3
2513000 3
2514000 3
2515000 3
2516000 3
2517000 3
2518000 3
2519000 3
2520000 3
2521000 3
2522000 3
2523000 3
2524000 3
2525000 3
2526000 3
2527000 3
2528000 3
2529000 3
2530000 3
2531000 3
2532000 3
2533000 3
2534000 3
2535000 3
2536000 3
2537000 3
2538000 3
2539000 3
2540000 3
2541000 3
2542000 3
2543000 3
2544000 3
2545000 3
2546000 3
2547000 3
2548000 3
2549000 3
2550000 3
2551000 3
2552000 3
2553000 3
2554000 3
2555000 3
2556000 3
2557000 3
2558000 3
2559000 3
2560000 3
2561000 3
2562000 3
2563000 3
2564000 3
2565000 3
2566000 3
2567000 3
2568000 3
2569000 3
2570000 3
2571000 3
2572000 3
2573000 3
2574000 3
2575000 3
2576000 3
2577000 3
2578000 3
2579000 3
2580000 3
2581000 3
2582000 3
2583000 3
2584000 3
2585000 3
2586000 3
2587000 3
2588000 3
2589000 3
2590000 3
2591000 3
2592000 3
2593000 3
2594000 3
2595000 3
2596000 3
2597000 3
2598000 3
2599000 3
2600000 3
2601000 3
2602000 3
2603000 3
2604000 3
2605000 3
2606000 3
2607000 3
2608000 3
2609000 3
2610000 3
2611000 3
2612000 3
2613000 3
2614000 3
2615000 3
2616000 3
2617000 3
2618000 3
2619000 3
2620000 3
2621000 3
2622000 3
2623000 3
2624000 3
2625000 3
2626000 3
2627000 3
2628000 3
2629000 3
2630000 3
2631000 3
2632000 3
2633000 3
2634000 3
2635000 3
2636000 3
2637000 3
2638000 3
2639000 3
2640000 3
2641000 3
2642000 3
2643000 3
2644000 3
2645000 3
2646000 3
2647000 3
2648000 3
2649000 3
2650000 3
2651000 3
2652000 3
2653000 3
2654000 3
2655000 3
2656000 3
2657000 3
2658000 3
2659000 3
2660000 3
2661000 3
2662000 3
2663000 3
2664000 3
2665000 3
2666000 3
2667000 3
2668000 3
2669000 3
2670000 3
2671000 3
2672000 3
2673000 3
2674000 3
2675000 3
2676000 3
2677000 3
2678000 3
2679000 3
2680000 3
2681000 3
2682000 3
2683000 3
2684000 3
2685000 3
2686000 3
2687000 3
2688000 3
2689000 3
2690000 3
2691000 3
2692000 3
2693000 3
2694000 3
2695000 3
2696000 3
2697000 3
2698000 3
2699000 3
2700000 3
2701000 3
2702000 3
2703000 3
2704000 3
2705000 3
2706000 3
2707000 3
2708000 3
2709000 3
2710000 3
2711000 3
2712000 3
2713000 3
2714000 3
2715000 3
2716000 3
2717000 3
2718000 3
2719000 3
2720000 3
2721000 3
2722000 3
2723000 3
2724000 3
2725000 3
2726000 3
2727000 3
2728000 3
2729000 3
2730000 3
2731000 3
2732000 3
2733000 3
2734000 3
2735000 3
2736000 3
2737000 3
2738000 3
2739000 3
2740000 3
2741000 3
2742000 3
2743000 3
2744000 3
2745000 3
2746000 3
2747000 3
2748000 3
2749000 3
2750000 3
2751000 3
2752000 3
2753000 3
2754000 3
2755000 3
2756000 3
2757000 3
2758000 3
2759000 3
2760000 3
2761000 3
2762000 3
2763000 3
2764000 3
2765000 3
2766000 3
2767000 3
2768000 3
2769000 3
2770000 3
2771000 3
2772000 3
2773000 3
2774000 3
2775000 3
2776000 3
2777000 3
2778000 3
2779000 3
2780000 3
2781000 3
2782000 3
2783000 3
2784000 3
2785000 3
2786000 3
2787000 3
2788000 3
2789000 3
2790000 3
2791000 3
2792000 3
2793000 3
2794000 3
2795000 3
2796000 3
2797000 3
2798000 3
2799000 3
2800000 3
2801000 3
2802000 3
2803000 3
2804000 3
2805000 3
2806000 3
2807000 3
2808000 3
2809000 3
2810000 3
2811000 3
2812000 3
2813000 3
2814000 3
2815000 3
2816000 3
2817000 3
2818000 3
2819000 3
2820000 3
2821000 3
2822000 3
2823000 3
2824000 3
2825000 3
2826000 3
2827000 3
2828000 3
2829000 3
2830000 3
2831000 3
2832000 3
2833000 3
2834000 3
2835000 3
2836000 3
2837000 3
2838000 3
2839000 3
2840000 3
2841000 3
2842000 3
2843000 3
2844000 3
2845000 3
2846000 3
2847000 3
2848000 3
2849000 3
2850000 3
2851000 3
2852000 3
2853000 3
2854000 3
2855000 3
2856000 3
2857000 3
2858000 3
2859000 3
2860000 3
2861000 3
2862000 3
2863000 3
2864000 3
2865000 3
2866000 3
2867000 3
2868000 3
2869000 3
2870000 3
2871000 3
2872000 3
2873000 3
2874000 3
2875000 3
2876000 3
2877000 3
2878000 3
2879000 3
2880000 3
2881000 3
2882000 3
2883000 3
2884000 3
2885000 3
2886000 3
2887000 3
2888000 3
2889000 3
2890000 3
2891000 3
2892000 3
2893000 3
2894000 3
2895000 3
2896000 3
2897000 3
2898000 3
2899000 3
2900000 3
2901000 3
2902000 3
2903000 3
2904000 3
2905000 3
2906000 3
2907000 3
2908000 3
2909000 3
2910000 3
2911000 3
2912000 3
2913000 3
2914000 3
2915000 3
2916000 3
2917000 3
2918000 3
2919000 3
2920000 3
2921000 3
2922000 3
2923000 3
2924000 3
2925000 3
2926000 3
2927000 3
2928000 3
2929000 3
2930000 3
2931000 3
2932000 3
2933000 3
2934000 3
2935000 3
2936000 3
2937000 3
2938000 3
2939000 3
2940000 3
2941000 3
2942000 3
2943000 3
2944000 3
2945000 3
2946000 3
2947000 3
2948000 3
2949000 3
2950000 3
2951000 3
2952000 3
2953000 3
2954000 3
2955000 3
2956000 3
2957000 3
2958000 3
2959000 3
2960000 3
2961000 3
2962000 3
2963000 3
2964000 3
2965000 3
2966000 3
2967000 3
2968000 3
2969000 3
2970000 3
2971000 3
2972000 3
2973000 3
2974000 3
2975000 3
2976000 3
2977000 3
2978000 3
2979000 3
2980000 3
2981000 3
2982000 3
2983000 3
2984000 3
2985000 3
2986000 3
2987000 3
2988000 3
2989000 3
2990000 3
2991000 3
2992000 3
2993000 3
2994000 3
2995000 3
2996000 3
2997000 3
2998000 3
2999000 3
3000000 3
3001000 3
3002000 3
3003000 3
3004000 3
3005000 3
3006000 3
3007000 3
3008000 3
3009000 3
3010000 3
3011000 3
3012000 3
3013000 3
3014000 3
3015000 3
3016000 3
3017000 3
3018000 3
3019000 3
3020000 3
3021000 3
3022000 3
3023000 3
3024000 3
3025000 3
3026000 3
3027000 3
3028000 3
3029000 3
3030000 3
3031000 3
3032000 3
3033000 3
3034000 3
3035000 3
3036000 3
3037000 3
3038000 3
3039000 3
3040000 3
3041000 3
3042000 3
3043000 3
3044000 3
3045000 3
3046000 3
3047000 3
3048000 3
3049000 3
3050000 3
3051000 3
3052000 3
3053000 3
3054000 3
3055000 3
3056000 3
3057000 3
3058000 3
3059000 3
3060000 3
3061000 3
3062000 3
3063000 3
3064000 3
3065000 3
3066000 3
3067000 3
3068000 3
3069000 3
3070000 3
3071000 3
3072000 3
3073000 3
3074000 3
3075000 3
3076000 3
3077000 3
3078000 3
3079000 3
3080000 3
3081000 3
3082000 3
3083000 3
3084000 3
3085000 3
3086000 3
3087000 3
3088000 3
3089000 3
3090000 3
3091000 3
3092000 3
3093000 3
3094000 3
3095000 3
3096000 3
3097000 3
3098000 3
3099000 3
3100000 3
3101000 3
3102000 3
3103000 3
3104000 3
3105000 3
3106000 3
3107000 3
3108000 3
3109000 3
3110000 3
3111000 3
3112000 3
3113000 3
3114000 3
3115000 3
3116000 3
3117000 3
3118000 3
3119000 3
3120000 3
3121000 3
3122000 3
3123000 3
3124000 3
3125000 3
3126000 3
3127000 3
3128000 3
3129000 3
3130000 3
3131000 3
3132000 3
3133000 3
3134000 3
3135000 3
3136000 3
3137000 3
3138000 3
3139000 3
3140000 3
3141000 3
3142000 3
3143000 3
3144000 3
3145000 3
3146000 3
3147000 3
3148000 3
3149000 3
3150000 3
3151000 3
3152000 3
3153000 3
3154000 3
3155000 3
3156000 3
3157000 3
3158000 3
3159000 3
3160000 3
3161000 3
3162000 3
3163000 3
3164000 3
3165000 3
3166000 3
3167000 3
3168000 3
3169000 3
3170000 3
3171000 3
3172000 3
3173000 3
3174000 3
3175000 3
3176000 3
3177000 3
3178000 3
3179000 3
3180000 3
3181000 3
3182000 3
3183000 3
3184000 3
3185000 3
3186000 3
3187000 3
3188000 3
3189000 3
3190000 3
3191000 3
3192000 3
3193000 3
3194000 3
3195000 3
3196000 3
3197000 3
3198000 3
3199000 3
3200000 3
3201000 3
3202000 3
3203000 3
3204000 3
3205000 3
3206000 3
3207000 3
3208000 3
3209000 3
3210000 3
3211000 3
3212000 3
3213000 3
3214000 3
3215000 3
3216000 3
3217000 3
3218000 3
3219000 3
3220000 3
3221000 3
3222000 3
3223000 3
3224000 3
3225000 3
3226000 3
3227000 3
3228000 3
3229000 3
3230000 3
3231000 3
3232000 3
3233000 3
3234000 3
3235000 3
3236000 3
3237000 3
3238000 3
3239000 3
3240000 3
3241000 3
3242000 3
3243000 3
3244000 3
3245000 3
3246000 3
3247000 3
3248000 3
3249000 3
3250000 3
3251000 3
3252000 3
3253000 3
3254000 3
3255000 3
3256000 3
3257000 3
3258000 3
3259000 3
3260000 3
3261000 3
3262000 3
3263000 3
3264000 3
3265000 3
3266000 3
3267000 3
3268000 3
3269000 3
3270000 3
3271000 3
3272000 3
3273000 3
3274000 3
3275000 3
3276000 3
3277000 3
3278000 3
3279000 3
3280000 3
3281000 3
3282000 3
3283000 3
3284000 3
3285000 3
3286000 3
3287000 3
3288000 3
3289000 3
3290000 3
3291000 3
3292000 3
3293000 3
3294000 3
3295000 3
3296000 3
3297000 3
3298000 3
3299000 3
3300000 3
3301000 3
3302000 3
3303000 3
3304000 3
3305000 3
3306000 3
3307000 3
3308000 3
3309000 3
3310000 3
3311000 3
3312000 3
3313000 3
3314000 3
3315000 3
3316000 3
3317000 3
3318000 3
3319000 3
3320000 3
3321000 3
3322000 3
3323000 3
3324000 3
3325000 3
3326000 3
3327000 3
3328000 3
3329000 3
3330000 3
3331000 3
3332000 3
3333000 3
3334000 3
3335000 3
3336000 3
3337000 3
3338000 3
3339000 3
3340000 3
3341000 3
3342000 3
3343000 3
3344000 3
3345000 3
3346000 3
3347000 3
3348000 3
3349000 3
3350000 3
3351000 3
3352000 3
3353000 3
3354000 3
3355000 3
3356000 3
3357000 3
3358000 3
3359000 3
3360000 3
3361000 3
3362000 3
3363000 3
3364000 3
3365000 3
3366000 3
3367000 3
3368000 3
3369000 3
3370000 3
3371000 3
3372000 3
3373000 3
3374000 3
3375000 3
3376000 3
3377000 3
3378000 3
3379000 3
3380000 3
3381000 3
3382000 3
3383000 3
3384000 3
3385000 3
3386000 3
3387000 3
3388000 3
3389000 3
3390000 3
3391000 3
3392000 3
3393000 3
3394000 3
3395000 3
3396000 3
3397000 3
3398000 3
3399000 3
3400000 3
3401000 3
3402000 3
3403000 3
3404000 3
3405000 3
3406000 3
3407000 3
3408000 3
3409000 3
3410000 3
3411000 3
3412000 3
3413000 3
3414000 3
3415000 3
3416000 3
3417000 3
3418000 3
3419000 3
3420000 3
3421000 3
3422000 3
3423000 3
3424000 3
3425000 3
3426000 3
3427000 3
3428000 3
3429000 3
3430000 3
3431000 3
3432000 3
3433000 3
3434000 3
3435000 3
3436000 3
3437000 3
3438000 3
3439000 3
3440000 3
3441000 3
3442000 3
3443000 3
3444000 3
3445000 3
3446000 3
3447000 3
3448000 3
3449000 3
3450000 3
3451000 3
3452000 3
3453000 3
3454000 3
3455000 3
3456000 3
3457000 3
3458000 3
3459000 3
3460000 3
3461000 3
3462000 3
3463000 3
3464000 3
3465000 3
3466000 3
3467000 3
3468000 3
3469000 3
3470000 3
3471000 3
3472000 3
3473000 3
3474000 3
3475000 3
3476000 3
3477000 3
3478000 3
3479000 3
3480000 3
3481000 3
3482000 3
3483000 3
3484000 3
3485000 3
3486000 3
3487000 3
3488000 3
3489000 3
3490000 3
3491000 3
3492000 3
3493000 3
3494000 3
3495000 3
3496000 3
3497000 3
3498000 3
3499000 3
3500000 3
3501000 3
3502000 3
3503000 3
3504000 3
3505000 3
3506000 3
3507000 3
3508000 3
3509000 3
3510000 3
3511000 3
3512000 3
3513000 3
3514000 3
3515000 3
3516000 3
3517000 3
3518000 3
3519000 3
3520000 3
3521000 3
3522000 3
3523000 3
3524000 3
3525000 3
3526000 3
3527000 3
3528000 3
3529000 3
3530000 3
3531000 3
3532000 3
3533000 3
3534000 3
3535000 3
3536000 3
3537000 3
3538000 3
3539000 3
3540000 3
3541000 3
3542000 3
3543000 3
3544000 3
3545000 3
3546000 3
3547000 3
3548000 3
3549000 3
3550000 3
3551000 3
3552000 3
3553000 3
3554000 3
3555000 3
3556000 3
3557000 3
3558000 3
3559000 3
3560000 3
3561000 3
3562000 3
3563000 3
3564000 3
3565000 3
3566000 3
3567000 3
3568000 3
3569000 3
3570000 3
3571000 3
3572000 3
3573000 3
3574000 3
3575000 3
3576000 3
3577000 3
3578000 3
3579000 3
3580000 3
3581000 3
3582000 3
3583000 3
3584000 3
3585000 3
3586000 3
3587000 3
3588000 3
3589000 3
3590000 3
3591000 3
3592000 3
3593000 3
3594000 3
3595000 3
3596000 3
3597000 3
3598000 3
3599000 3
3600000 3
3601000 3
3602000 3
3603000 3
3604000 3
3605000 3
3606000 3
3607000 3
3608000 3
3609000 3
3610000 3
3611000 3
3612000 3
3613000 3
3614000 3
3615000 3
3616000 3
3617000 3
3618000 3
3619000 3
3620000 3
3621000 3
3622000 3
3623000 3
3624000 3
3625000 3
3626000 3
3627000 3
3628000 3
3629000 3
3630000 3
3631000 3
3632000 3
3633000 3
3634000 3
3635000 3
3636000 3
3637000 3
3638000 3
3639000 3
3640000 3
3641000 3
3642000 3
3643000 3
3644000 3
3645000 3
3646000 3
3647000 3
3648000 3
3649000 3
3650000 3
3651000 3
3652000 3
3653000 3
3654000 3
3655000 3
3656000 3
3657000 3
3658000 3
3659000 3
3660000 3
3661000 3
3662000 3
3663000 3
3664000 3
3665000 3
3666000 3
3667000 3
3668000 3
3669000 3
3670000 3
3671000 3
3672000 3
3673000 3
3674000 3
3675000 3
3676000 3
3677000 3
3678000 3
3679000 3
3680000 3
3681000 3
3682000 3
3683000 3
3684000 3
3685000 3
3686000 3
3687000 3
3688000 3
3689000 3
3690000 3
3691000 3
3692000 3
3693000 3
3694000 3
3695000 3
3696000 3
3697000 3
3698000 3
3699000 3
3700000 3
3701000 3
3702000 3
3703000 3
3704000 3
3705000 3
3706000 3
3707000 3
3708000 3
3709000 3
3710000 3
3711000 3
3712000 3
3713000 3
3714000 3
3715000 3
3716000 3
3717000 3
3718000 3
3719000 3
3720000 3
3721000 3
3722000 3
3723000 3
3724000 3
3725000 3
3726000 3
3727000 3
3728000 3
3729000 3
3730000 3
3731000 3
3732000 3
3733000 3
3734000 3
3735000 3
3736000 3
3737000 3
3738000 3
3739000 3
3740000 3
3741000 3
3742000 3
3743000 3
3744000 3
3745000 3
3746000 3
3747000 3
3748000 3
3749000 3
3750000 3
3751000 3
3752000 3
3753000 3
3754000 3
3755000 3
3756000 3
3757000 3
3758000 3
3759000 3
3760000 3
3761000 3
3762000 3
3763000 3
3764000 3
3765000 3
3766000 3
3767000 3
3768000 3
3769000 3
3770000 3
3771000 3
3772000 3
3773000 3
3774000 3
3775000 3
3776000 3
3777000 3
3778000 3
3779000 3
3780000 3
3781000 3
3782000 3
3783000 3
3784000 3
3785000 3
3786000 3
3787000 3
3788000 3
3789000 3
3790000 3
3791000 3
3792000 3
3793000 3
3794000 3
3795000 3
3796000 3
3797000 3
3798000 3
3799000 3
3800000 3
3801000 3
3802000 3
3803000 3
3804000 3
3805000 3
3806000 3
3807000 3
3808000 3
3809000 3
3810000 3
3811000 3
3812000 3
3813000 3
3814000 3
3815000 3
3816000 3
3817000 3
3818000 3
3819000 3
3820000 3
3821000 3
3822000 3
3823000 3
3824000 3
3825000 3
3826000 3
3827000 3
3828000 3
3829000 3
3830000 3
3831000 3
3832000 3
3833000 3
3834000 3
3835000 3
3836000 3
3837000 3
3838000 3
3839000 3
3840000 3
3841000 3
3842000 3
3843000 3
3844000 3
3845000 3
3846000 3
3847000 3
3848000 3
3849000 3
3850000 3
3851000 3
3852000 3
3853000 3
3854000 3
3855000 3
3856000 3
3857000 3
3858000 3
3859000 3
3860000 3
3861000 3
3862000 3
3863000 3
3864000 3
3865000 3
3866000 3
3867000 3
3868000 3
3869000 3
3870000 3
3871000 3
3872000 3
3873000 3
3874000 3
3875000 3
3876000 3
3877000 3
3878000 3
3879000 3
3880000 3
3881000 3
3882000 3
3883000 3
3884000 3
3885000 3
3886000 3
3887000 3
3888000 3
3889000 3
3890000 3
3891000 3
3892000 3
3893000 3
3894000 3
3895000 3
3896000 3
3897000 3
3898000 3
3899000 3
3900000 3
3901000 3
3902000 3
3903000 3
3904000 3
3905000 3
3906000 3
3907000 3
3908000 3
3909000 3
3910000 3
3911000 3
3912000 3
3913000 3
3914000 3
3915000 3
3916000 3
3917000 3
3918000 3
3919000 3
3920000 3
3921000 3
3922000 3
3923000 3
3924000 3
3925000 3
3926000 3
3927000 3
3928000 3
3929000 3
3930000 3
3931000 3
3932000 3
3933000 3
3934000 3
3935000 3
3936000 3
3937000 3
3938000 3
3939000 3
3940000 3
3941000 3
3942000 3
3943000 3
3944000 3
3945000 3
3946000 3
3947000 3
3948000 3
3949000 3
3950000 3
3951000 3
3952000 3
3953000 3
3954000 3
3955000 3
3956000 3
3957000 3
3958000 3
3959000 3
3960000 3
3961000 3
3962000 3
3963000 3
3964000 3
3965000 3
3966000 3
3967000 3
3968000 3
3969000 3
3970000 3
3971000 3
3972000 3
3973000 3
3974000 3
3975000 3
3976000 3
3977000 3
3978000 3
3979000 3
3980000 3
3981000 3
3982000 3
3983000 3
3984000 3
3985000 3
3986000 3
3987000 3
3988000 3
3989000 3
3990000 3
3991000 3
3992000 3
3993000 3
3994000 3
3995000 3
3996000 3
3997000 3
3998000 3
3999000 3
4000000 3
4001000 3
4002000 3
4003000 3
4004000 3
4005000 3
4006000 3
4007000 3
4008000 3
4009000 3
4010000 3
4011000 3
4012000 3
4013000 3
4014000 3
4015000 3
4016000 3
4017000 3
4018000 3
4019000 3
4020000 3
4021000 3
4022000 3
4023000 3
4024000 3
4025000 3
4026000 3
4027000 3
4028000 3
4029000 3
4030000 3
4031000 3
4032000 3
4033000 3
4034000 3
4035000 3
4036000 3
4037000 3
4038000 3
4039000 3
4040000 3
4041000 3
4042000 3
4043000 3
4044000 3
4045000 3
4046000 3
4047000 3
4048000 3
4049000 3
4050000 3
4051000 3
4052000 3
4053000 3
4054000 3
4055000 3
4056000 3
4057000 3
4058000 3
4059000 3
4060000 3
4061000 3
4062000 3
4063000 3
4064000 3
4065000 3
4066000 3
4067000 3
4068000 3
4069000 3
4070000 3
4071000 3
4072000 3
4073000 3
4074000 3
4075000 3
4076000 3
4077000 3
4078000 3
4079000 3
4080000 3
4081000 3
4082000 3
4083000 3
4084000 3
4085000 3
4086000 3
4087000 3
4088000 3
4089000 3
4090000 3
4091000 3
4092000 3
4093000 3
4094000 3
4095000 3
4096000 3
4097000 3
4098000 3
4099000 3
4100000 3
4101000 3
4102000 3
4103000 3
4104000 3
4105000 3
4106000 3
4107000 3
4108000 3
4109000 3
4110000 3
4111000 3
4112000 3
4113000 3
4114000 3
4115000 3
4116000 3
4117000 3
4118000 3
4119000 3
4120000 3
4121000 3
4122000 3
4123000 3
4124000 3
4125000 3
4126000 3
4127000 3
4128000 3
4129000 3
4130000 3
4131000 3
4132000 3
4133000 3
4134000 3
4135000 3
4136000 3
4137000 3
4138000 3
4139000 3
4140000 3
4141000 3
4142000 3
4143000 3
4144000 3
4145000 3
4146000 3
4147000 3
4148000 3
4149000 3
4150000 3
4151000 3
4152000 3
4153000 3
4154000 3
4155000 3
4156000 3
4157000 3
4158000 3
4159000 3
4160000 3
4161000 3
4162000 3
4163000 3
4164000 3
4165000 3
4166000 3
4167000 3
4168000 3
4169000 3
4170000 3
4171000 3
4172000 3
4173000 3
4174000 3
4175000 3
4176000 3
4177000 3
4178000 3
4179000 3
4180000 3
4181000 3
4182000 3
4183000 3
4184000 3
4185000 3
4186000 3
4187000 3
4188000 3
4189000 3
4190000 3
4191000 3
4192000 3
4193000 3
4194000 3
4195000 3
4196000 3
4197000 3
4198000 3
4199000 3
4200000 3
4201000 3
4202000 3
4203000 3
4204000 3
4205000 3
4206000 3
4207000 3
4208000 3
4209000 3
4210000 3
4211000 3
4212000 3
4213000 3
4214000 3
4215000 3
4216000 3
4217000 3
4218000 3
4219000 3
4220000 3
4221000 3
4222000 3
4223000 3
4224000 3
4225000 3
4226000 3
4227000 3
4228000 3
4229000 3
4230000 3
4231000 3
4232000 3
4233000 3
4234000 3
4235000 3
4236000 3
4237000 3
4238000 3
4239000 3
4240000 3
4241000 3
4242000 3
4243000 3
4244000 3
4245000 3
4246000 3
4247000 3
4248000 3
4249000 3
4250000 3
4251000 3
4252000 3
4253000 3
4254000 3
4255000 3
4256000 3
4257000 3
4258000 3
4259000 3
4260000 3
4261000 3
4262000 3
4263000 3
4264000 3
4265000 3
4266000 3
4267000 3
4268000 3
4269000 3
4270000 3
4271000 3
4272000 3
4273000 3
4274000 3
4275000 3
4276000 3
4277000 3
4278000 3
4279000 3
4280000 3
4281000 3
4282000 3
4283000 3
4284000 3
4285000 3
4286000 3
4287000 3
4288000 3
4289000 3
4290000 3
4291000 3
4292000 3
4293000 3
4294000 3
4295000 3
4296000 3
4297000 3
4298000 3
4299000 3
4300000 3
4301000 3
4302000 3
4303000 3
4304000 3
4305000 3
4306000 3
4307000 3
4308000 3
4309000 3
4310000 3
4311000 3
4312000 3
4313000 3
4314000 3
4315000 3
4316000 3
4317000 3
4318000 3
4319000 3
4320000 3
4321000 3
4322000 3
4323000 3
4324000 3
4325000 3
4326000 3
4327000 3
4328000 3
4329000 3
4330000 3
4331000 3
4332000 3
4333000 3
4334000 3
4335000 3
4336000 3
4337000 3
4338000 3
4339000 3
4340000 3
4341000 3
4342000 3
4343000 3
4344000 3
4345000 3
4346000 3
4347000 3
4348000 3
4349000 3
4350000 3
4351000 3
4352000 3
4353000 3
4354000 3
4355000 3
4356000 3
4357000 3
4358000 3
4359000 3
4360000 3
4361000 3
4362000 3
4363000 3
4364000 3
4365000 3
4366000 3
4367000 3
4368000 3
4369000 3
4370000 3
4371000 3
4372000 3
4373000 3
4374000 3
4375000 3
4376000 3
4377000 3
4378000 3
4379000 3
4380000 3
4381000 3
4382000 3
4383000 3
4384000 3
4385000 3
4386000 3
4387000 3
4388000 3
4389000 3
4390000 3
4391000 3
4392000 3
4393000 3
4394000 3
4395000 3
4396000 3
4397000 3
4398000 3
4399000 3
4400000 3
4401000 3
4402000 3
4403000 3
4404000 3
4405000 3
4406000 3
4407000 3
4408000 3
4409000 3
4410000 3
4411000 3
4412000 3
4413000 3
4414000 3
4415000 3
4416000 3
4417000 3
4418000 3
4419000 3
4420000 3
4421000 3
4422000 3
4423000 3
4424000 3
4425000 3
4426000 3
4427000 3
4428000 3
4429000 3
4430000 3
4431000 3
4432000 3
4433000 3
4434000 3
4435000 3
4436000 3
4437000 3
4438000 3
4439000 3
4440000 3
4441000 3
4442000 3
4443000 3
4444000 3
4445000 3
4446000 3
4447000 3
4448000 3
4449000 3
4450000 3
4451000 3
4452000 3
4453000 3
4454000 3
4455000 3
4456000 3
4457000 3
4458000 3
4459000 3
4460000 3
4461000 3
4462000 3
4463000 3
4464000 3
4465000 3
4466000 3
4467000 3
4468000 3
4469000 3
4470000 3
4471000 3
4472000 3
4473000 3
4474000 3
4475000 3
4476000 3
4477000 3
4478000 3
4479000 3
4480000 3
4481000 3
4482000 3
4483000 3
4484000 3
4485000 3
4486000 3
4487000 3
4488000 3
4489000 3
4490000 3
4491000 3
4492000 3
4493000 3
4494000 3
4495000 3
4496000 3
4497000 3
4498000 3
4499000 3
4500000 3
4501000 3
4502000 3
4503000 3
4504000 3
4505000 3
4506000 3
4507000 3
4508000 3
4509000 3
4510000 3
4511000 3
4512000 3
4513000 3
4514000 3
4515000 3
4516000 3
4517000 3
4518000 3
4519000 3
4520000 3
4521000 3
4522000 3
4523000 3
4524000 3
4525000 3
4526000 3
4527000 3
4528000 3
4529000 3
4530000 3
4531000 3
4532000 3
4533000 3
4534000 3
4535000 3
4536000 3
4537000 3
4538000 3
4539000 3
4540000 3
4541000 3
4542000 3
4543000 3
4544000 3
4545000 3
4546000 3
4547000 3
4548000 3
4549000 3
4550000 3
4551000 3
4552000 3
4553000 3
4554000 3
4555000 3
4556000 3
4557000 3
4558000 3
4559000 3
4560000 3
4561000 3
4562000 3
4563000 3
4564000 3
4565000 3
4566000 3
4567000 3
4568000 3
4569000 3
4570000 3
4571000 3
4572000 3
4573000 3
4574000 3
4575000 3
4576000 3
4577000 3
4578000 3
4579000 3
4580000 3
4581000 3
4582000 3
4583000 3
4584000 3
4585000 3
4586000 3
4587000 3
4588000 3
4589000 3
4590000 3
4591000 3
4592000 3
4593000 3
4594000 3
4595000 3
4596000 3
4597000 3
4598000 3
4599000 3
4600000 3
4601000 3
4602000 3
4603000 3
4604000 3
4605000 3
4606000 3
4607000 3
4608000 3
4609000 3
4610000 3
4611000 3
4612000 3
4613000 3
4614000 3
4615000 3
4616000 3
4617000 3
4618000 3
4619000 3
4620000 3
4621000 3
4622000 3
4623000 3
4624000 3
4625000 3
4626000 3
4627000 3
4628000 3
4629000 3
4630000 3
4631000 3
4632000 3
4633000 3
4634000 3
4635000 3
4636000 3
4637000 3
4638000 3
4639000 3
4640000 3
4641000 3
4642000 3
4643000 3
4644000 3
4645000 3
4646000 3
4647000 3
4648000 3
4649000 3
4650000 3
4651000 3
4652000 3
4653000 3
4654000 3
4655000 3
4656000 3
4657000 3
4658000 3
4659000 3
4660000 3
4661000 3
4662000 3
4663000 3
4664000 3
4665000 3
4666000 3
4667000 3
4668000 3
4669000 3
4670000 3
4671000 3
4672000 3
4673000 3
4674000 3
4675000 3
4676000 3
4677000 3
4678000 3
4679000 3
4680000 3
4681000 3
4682000 3
4683000 3
4684000 3
4685000 3
4686000 3
4687000 3
4688000 3
4689000 3
4690000 3
4691000 3
4692000 3
4693000 3
4694000 3
4695000 3
4696000 3
4697000 3
4698000 3
4699000 3
4700000 3
4701000 3
4702000 3
4703000 3
4704000 3
4705000 3
4706000 3
4707000 3
4708000 3
4709000 3
4710000 3
4711000 3
4712000 3
4713000 3
4714000 3
4715000 3
4716000 3
4717000 3
4718000 3
4719000 3
4720000 3
4721000 3
4722000 3
4723000 3
4724000 3
4725000 3
4726000 3
4727000 3
4728000 3
4729000 3
4730000 3
4731000 3
4732000 3
4733000 3
4734000 3
4735000 3
4736000 3
4737000 3
4738000 3
4739000 3
4740000 3
4741000 3
4742000 3
4743000 3
4744000 3
4745000 3
4746000 3
4747000 3
4748000 3
4749000 3
4750000 3
4751000 3
4752000 3
4753000 3
4754000 3
4755000 3
4756000 3
4757000 3
4758000 3
4759000 3
4760000 3
4761000 3
4762000 3
4763000 3
4764000 3
4765000 3
4766000 3
4767000 3
4768000 3
4769000 3
4770000 3
4771000 3
4772000 3
4773000 3
4774000 3
4775000 3
4776000 3
4777000 3
4778000 3
4779000 3
4780000 3
4781000 3
4782000 3
4783000 3
4784000 3
4785000 3
4786000 3
4787000 3
4788000 3
4789000 3
4790000 3
4791000 3
4792000 3
4793000 3
4794000 3
4795000 3
4796000 3
4797000 3
4798000 3
4799000 3
4800000 3
4801000 3
4802000 3
4803000 3
4804000 3
4805000 3
4806000 3
4807000 3
4808000 3
4809000 3
4810000 3
4811000 3
4812000 3
4813000 3
4814000 3
4815000 3
4816000 3
4817000 3
4818000 3
4819000 3
4820000 3
4821000 3
4822000 3
4823000 3
4824000 3
4825000 3
4826000 3
4827000 3
4828000 3
4829000 3
4830000 3
4831000 3
4832000 3
4833000 3
4834000 3
4835000 3
4836000 3
4837000 3
4838000 3
4839000 3
4840000 3
4841000 3
4842000 3
4843000 3
4844000 3
4845000 3
4846000 3
4847000 3
4848000 3
4849000 3
4850000 3
4851000 3
4852000 3
4853000 3
4854000 3
4855000 3
4856000 3
4857000 3
4858000 3
4859000 3
4860000 3
4861000 3
4862000 3
4863000 3
4864000 3
4865000 3
4866000 3
4867000 3
4868000 3
4869000 3
4870000 3
4871000 3
4872000 3
4873000 3
4874000 3
4875000 3
4876000 3
4877000 3
4878000 3
4879000 3
4880000 3
4881000 3
4882000 3
4883000 3
4884000 3
4885000 3
4886000 3
4887000 3
4888000 3
4889000 3
4890000 3
4891000 3
4892000 3
4893000 3
4894000 3
4895000 3
4896000 3
4897000 3
4898000 3
4899000 3
4900000 3
4901000 3
4902000 3
4903000 3
4904000 3
4905000 3
4906000 3
4907000 3
4908000 3
4909000 3
4910000 3
4911000 3
4912000 3
4913000 3
4914000 3
4915000 3
4916000 3
4917000 3
4918000 3
4919000 3
4920000 3
4921000 3
4922000 3
4923000 3
4924000 3
4925000 3
4926000 3
4927000 3
4928000 3
4929000 3
4930000 3
4931000 3
4932000 3
4933000 3
4934000 3
4935000 3
4936000 3
4937000 3
4938000 3
4939000 3
4940000 3
4941000 3
4942000 3
4943000 3
4944000 3
4945000 3
4946000 3
4947000 3
4948000 3
4949000 3
4950000 3
4951000 3
4952000 3
4953000 3
4954000 3
4955000 3
4956000 3
4957000 3
4958000 3
4959000 3
4960000 3
4961000 3
4962000 3
4963000 3
4964000 3
4965000 3
4966000 3
4967000 3
4968000 3
4969000 3
4970000 3
4971000 3
4972000 3
4973000 3
4974000 3
4975000 3
4976000 3
4977000 3
4978000 3
4979000 3
4980000 3
4981000 3
4982000 3
4983000 3
4984000 3
4985000 3
4986000 3
4987000 3
4988000 3
4989000 3
4990000 3
4991000 3
4992000 3
4993000 3
4994000 3
4995000 3
4996000 3
4997000 3
4998000 3
4999000 3
5000000 3
5001000 3
5002000 3
5003000 3
5004000 3
5005000 3
5006000 3
5007000 3
5008000 3
5009000 3
5010000 3
5011000 3
5012000 3
5013000 3
5014000 3
5015000 3
5016000 3
5017000 3
5018000 3
5019000 3
5020000 3
5021000 3
5022000 3
5023000 3
5024000 3
5025000 3
5026000 3
5027000 3
5028000 3
5029000 3
5030000 3
5031000 3
5032000 3
5033000 3
5034000 3
5035000 3
5036000 3
5037000 3
5038000 3
5039000 3
5040000 3
5041000 3
5042000 3
5043000 3
5044000 3
5045000 3
5046000 3
5047000 3
5048000 3
5049000 3
5050000 3
5051000 3
5052000 3
5053000 3
5054000 3
5055000 3
5056000 3
5057000 3
5058000 3
5059000 3
5060000 3
5061000 3
5062000 3
5063000 3
5064000 3
5065000 3
5066000 3
5067000 3
5068000 3
5069000 3
5070000 3
5071000 3
5072000 3
5073000 3
5074000 3
5075000 3
5076000 3
5077000 3
5078000 3
5079000 3
5080000 3
5081000 3
5082000 3
5083000 3
5084000 3
5085000 3
5086000 3
5087000 3
5088000 3
5089000 3
5090000 3
5091000 3
5092000 3
5093000 3
5094000 3
5095000 3
5096000 3
5097000 3
5098000 3
5099000 3
5100000 3
5101000 3
5102000 3
5103000 3
5104000 3
5105000 3
5106000 3
5107000 3
5108000 3
5109000 3
5110000 3
5111000 3
5112000 3
5113000 3
5114000 3
5115000 3
5116000 3
5117000 3
5118000 3
5119000 3
5120000 3
5121000 3
5122000 3
5123000 3
5124000 3
5125000 3
5126000 3
5127000 3
5128000 3
5129000 3
5130000 3
5131000 3
5132000 3
5133000 3
5134000 3
5135000 3
5136000 3
5137000 3
5138000 3
5139000 3
5140000 3
5141000 3
5142000 3
5143000 3
5144000 3
5145000 3
5146000 3
5147000 3
5148000 3
5149000 3
5150000 3
5151000 3
5152000 3
5153000 3
5154000 3
5155000 3
5156000 3
5157000 3
5158000 3
5159000 3
5160000 3
5161000 3
5162000 3
5163000 3
5164000 3
5165000 3
5166000 3
5167000 3
5168000 3
5169000 3
5170000 3
5171000 3
5172000 3
5173000 3
5174000 3
5175000 3
5176000 3
5177000 3
5178000 3
5179000 3
5180000 3
5181000 3
5182000 3
5183000 3
5184000 3
5185000 3
5186000 3
5187000 3
5188000 3
5189000 3
5190000 3
5191000 3
5192000 3
5193000 3
5194000 3
5195000 3
5196000 3
5197000 3
5198000 3
5199000 3
5200000 3
5201000 3
5202000 3
5203000 3
5204000 3
5205000 3
5206000 3
5207000 3
5208000 3
5209000 3
5210000 3
5211000 3
5212000 3
5213000 3
5214000 3
5215000 3
5216000 3
5217000 3
5218000 3
5219000 3
5220000 3
5221000 3
5222000 3
5223000 3
5224000 3
5225000 3
5226000 3
5227000 3
5228000 3
5229000 3
5230000 3
5231000 3
5232000 3
5233000 3
5234000 3
5235000 3
5236000 3
5237000 3
5238000 3
5239000 3
5240000 3
5241000 3
5242000 3
5243000 3
5244000 3
5245000 3
5246000 3
5247000 3
5248000 3
5249000 3
5250000 3
5251000 3
5252000 3
5253000 3
5254000 3
5255000 3
5256000 3
5257000 3
5258000 3
5259000 3
5260000 3
5261000 3
5262000 3
5263000 3
5264000 3
5265000 3
5266000 3
5267000 3
5268000 3
5269000 3
5270000 3
5271000 3
5272000 3
5273000 3
5274000 3
5275000 3
5276000 3
5277000 3
5278000 3
5279000 3
5280000 3
5281000 3
5282000 3
5283000 3
5284000 3
5285000 3
5286000 3
5287000 3
5288000 3
5289000 3
5290000 3
5291000 3
5292000 3
5293000 3
5294000 3
5295000 3
5296000 3
5297000 3
5298000 3
5299000 3
5300000 3
5301000 3
5302000 3
5303000 3
5304000 3
5305000 3
5306000 3
5307000 3
5308000 3
5309000 3
5310000 3
5311000 3
5312000 3
5313000 3
5314000 3
5315000 3
5316000 3
5317000 3
5318000 3
5319000 3
5320000 3
5321000 3
5322000 3
5323000 3
5324000 3
5325000 3
5326000 3
5327000 3
5328000 3
5329000 3
5330000 3
5331000 3
5332000 3
5333000 3
5334000 3
5335000 3
5336000 3
5337000 3
5338000 3
5339000 3
5340000 3
5341000 3
5342000 3
5343000 3
5344000 3
5345000 3
5346000 3
5347000 3
5348000 3
5349000 3
5350000 3
5351000 3
5352000 3
5353000 3
5354000 3
5355000 3
5356000 3
5357000 3
5358000 3
5359000 3
5360000 3
5361000 3
5362000 3
5363000 3
5364000 3
5365000 3
5366000 3
5367000 3
5368000 3
5369000 3
5370000 3
5371000 3
5372000 3
5373000 3
5374000 3
5375000 3
5376000 3
5377000 3
5378000 3
5379000 3
5380000 3
5381000 3
5382000 3
5383000 3
5384000 3
5385000 3
5386000 3
5387000 3
5388000 3
5389000 3
5390000 3
5391000 3
5392000 3
5393000 3
5394000 3
5395000 3
5396000 3
5397000 3
5398000 3
5399000 3
5400000 3
5401000 3
5402000 3
5403000 3
5404000 3
5405000 3
5406000 3
5407000 3
5408000 3
5409000 3
5410000 3
5411000 3
5412000 3
5413000 3
5414000 3
5415000 3
5416000 3
5417000 3
5418000 3
5419000 3
5420000 3
5421000 3
5422000 3
5423000 3
5424000 3
5425000 3
5426000 3
5427000 3
5428000 3
5429000 3
5430000 3
5431000 3
5432000 3
5433000 3
5434000 3
5435000 3
5436000 3
5437000 3
5438000 3
5439000 3
5440000 3
5441000 3
5442000 3
5443000 3
5444000 3
5445000 3
5446000 3
5447000 3
5448000 3
5449000 3
5450000 3
5451000 3
5452000 3
5453000 3
5454000 3
5455000 3
5456000 3
5457000 3
5458000 3
5459000 3
5460000 3
5461000 3
5462000 3
5463000 3
5464000 3
5465000 3
5466000 3
5467000 3
5468000 3
5469000 3
5470000 3
5471000 3
5472000 3
5473000 3
5474000 3
5475000 3
5476000 3
5477000 3
5478000 3
5479000 3
5480000 3
5481000 3
5482000 3
5483000 3
5484000 3
5485000 3
5486000 3
5487000 3
5488000 3
5489000 3
5490000 3
5491000 3
5492000 3
5493000 3
5494000 3
5495000 3
5496000 3
5497000 3
5498000 3
5499000 3
5500000 3
5501000 3
5502000 3
5503000 3
5504000 3
5505000 3
5506000 3
5507000 3
5508000 3
5509000 3
5510000 3
5511000 3
5512000 3
5513000 3
5514000 3
5515000 3
5516000 3
5517000 3
5518000 3
5519000 3
5520000 3
5521000 3
5522000 3
5523000 3
5524000 3
5525000 3
5526000 3
5527000 3
5528000 3
5529000 3
5530000 3
5531000 3
5532000 3
5533000 3
5534000 3
5535000 3
5536000 3
5537000 3
5538000 3
5539000 3
5540000 3
5541000 3
5542000 3
5543000 3
5544000 3
5545000 3
5546000 3
5547000 3
5548000 3
5549000 3
5550000 3
5551000 3
5552000 3
5553000 3
5554000 3
5555000 3
5556000 3
5557000 3
5558000 3
5559000 3
5560000 3
5561000 3
5562000 3
5563000 3
5564000 3
5565000 3
5566000 3
5567000 3
5568000 3
5569000 3
5570000 3
5571000 3
5572000 3
5573000 3
5574000 3
5575000 3
5576000 3
5577000 3
5578000 3
5579000 3
5580000 3
5581000 3
5582000 3
5583000 3
5584000 3
5585000 3
5586000 3
5587000 3
5588000 3
5589000 3
5590000 3
5591000 3
5592000 3
5593000 3
5594000 3
5595000 3
5596000 3
5597000 3
5598000 3
5599000 3
5600000 3
5601000 3
5602000 3
5603000 3
5604000 3
5605000 3
5606000 3
5607000 3
5608000 3
5609000 3
5610000 3
5611000 3
5612000 3
5613000 3
5614000 3
5615000 3
5616000 3
5617000 3
5618000 3
5619000 3
5620000 3
5621000 3
5622000 3
5623000 3
5624000 3
5625000 3
5626000 3
5627000 3
5628000 3
5629000 3
5630000 3
5631000 3
5632000 3
5633000 3
5634000 3
5635000 3
5636000 3
5637000 3
5638000 3
5639000 3
5640000 3
5641000 3
5642000 3
5643000 3
5644000 3
5645000 3
5646000 3
5647000 3
5648000 3
5649000 3
5650000 3
5651000 3
5652000 3
5653000 3
5654000 3
5655000 3
5656000 3
5657000 3
5658000 3
5659000 3
5660000 3
5661000 3
5662000 3
5663000 3
5664000 3
5665000 3
5666000 3
5667000 3
5668000 3
5669000 3
5670000 3
5671000 3
5672000 3
5673000 3
5674000 3
5675000 3
5676000 3
5677000 3
5678000 3
5679000 3
5680000 3
5681000 3
5682000 3
5683000 3
5684000 3
5685000 3
5686000 3
5687000 3
5688000 3
5689000 3
5690000 3
5691000 3
5692000 3
5693000 3
5694000 3
5695000 3
5696000 3
5697000 3
5698000 3
5699000 3
5700000 3
5701000 3
5702000 3
5703000 3
5704000 3
5705000 3
5706000 3
5707000 3
5708000 3
5709000 3
5710000 3
5711000 3
5712000 3
5713000 3
5714000 3
5715000 3
5716000 3
5717000 3
5718000 3
5719000 3
5720000 3
5721000 3
5722000 3
5723000 3
5724000 3
5725000 3
5726000 3
5727000 3
5728000 3
5729000 3
5730000 3
5731000 3
5732000 3
5733000 3
5734000 3
5735000 3
5736000 3
5737000 3
5738000 3
5739000 3
5740000 3
5741000 3
5742000 3
5743000 3
5744000 3
5745000 3
5746000 3
5747000 3
5748000 3
5749000 3
5750000 3
5751000 3
5752000 3
5753000 3
5754000 3
5755000 3
5756000 3
5757000 3
5758000 3
5759000 3
5760000 3
5761000 3
5762000 3
5763000 3
5764000 3
5765000 3
5766000 3
5767000 3
5768000 3
5769000 3
5770000 3
5771000 3
5772000 3
5773000 3
5774000 3
5775000 3
5776000 3
5777000 3
5778000 3
5779000 3
5780000 3
5781000 3
5782000 3
5783000 3
5784000 3
5785000 3
5786000 3
5787000 3
5788000 3
5789000 3
5790000 3
5791000 3
5792000 3
5793000 3
5794000 3
5795000 3
5796000 3
5797000 3
5798000 3
5799000 3
5800000 3
5801000 3
5802000 3
5803000 3
5804000 3
5805000 3
5806000 3
5807000 3
5808000 3
5809000 3
5810000 3
5811000 3
5812000 3
5813000 3
5814000 3
5815000 3
5816000 3
5817000 3
5818000 3
5819000 3
5820000 3
5821000 3
5822000 3
5823000 3
5824000 3
5825000 3
5826000 3
5827000 3
5828000 3
5829000 3
5830000 3
5831000 3
5832000 3
5833000 3
5834000 3
5835000 3
5836000 3
5837000 3
5838000 3
5839000 3
5840000 3
5841000 3
5842000 3
5843000 3
5844000 3
5845000 3
5846000 3
5847000 3
5848000 3
5849000 3
5850000 3
5851000 3
5852000 3
5853000 3
5854000 3
5855000 3
5856000 3
5857000 3
5858000 3
5859000 3
5860000 3
5861000 3
5862000 3
5863000 3
5864000 3
5865000 3
5866000 3
5867000 3
5868000 3
5869000 3
5870000 3
5871000 3
5872000 3
5873000 3
5874000 3
5875000 3
5876000 3
5877000 3
5878000 3
5879000 3
5880000 3
5881000 3
5882000 3
5883000 3
5884000 3
5885000 3
5886000 3
5887000 3
5888000 3
5889000 3
5890000 3
5891000 3
5892000 3
5893000 3
5894000 3
5895000 3
5896000 3
5897000 3
5898000 3
5899000 3
5900000 3
5901000 3
5902000 3
5903000 3
5904000 3
5905000 3
5906000 3
5907000 3
5908000 3
5909000 3
5910000 3
5911000 3
5912000 3
5913000 3
5914000 3
5915000 3
5916000 3
5917000 3
5918000 3
5919000 3
5920000 3
5921000 3
5922000 3
5923000 3
5924000 3
5925000 3
5926000 3
5927000 3
5928000 3
5929000 3
5930000 3
5931000 3
5932000 3
5933000 3
5934000 3
5935000 3
5936000 3
5937000 3
5938000 3
5939000 3
5940000 3
5941000 3
5942000 3
5943000 3
5944000 3
5945000 3
5946000 3
5947000 3
5948000 3
5949000 3
5950000 3
5951000 3
5952000 3
5953000 3
5954000 3
5955000 3
5956000 3
5957000 3
5958000 3
5959000 3
5960000 3
5961000 3
5962000 3
5963000 3
5964000 3
5965000 3
5966000 3
5967000 3
5968000 3
5969000 3
5970000 3
5971000 3
5972000 3
5973000 3
5974000 3
5975000 3
5976000 3
5977000 3
5978000 3
5979000 3
5980000 3
5981000 3
5982000 3
5983000 3
5984000 3
5985000 3
5986000 3
5987000 3
5988000 3
5989000 3
5990000 3
5991000 3
5992000 3
5993000 3
5994000 3
5995000 3
5996000 3
5997000 3
5998000 3
5999000 3
6000000 3
6001000 3
6002000 3
6003000 3
6004000 3
6005000 3
6006000 3
6007000 3
6008000 3
6009000 3
6010000 3
6011000 3
6012000 3
6013000 3
6014000 3
6015000 3
6016000 3
6017000 3
6018000 3
6019000 3
6020000 3
6021000 3
6022000 3
6023000 3
6024000 3
6025000 3
6026000 3
6027000 3
6028000 3
6029000 3
6030000 3
6031000 3
6032000 3
6033000 3
6034000 3
6035000 3
6036000 3
6037000 3
6038000 3
6039000 3
6040000 3
6041000 3
6042000 3
6043000 3
6044000 3
6045000 3
6046000 3
6047000 3
6048000 3
6049000 3
6050000 3
6051000 3
6052000 3
6053000 3
6054000 3
6055000 3
6056000 3
6057000 3
6058000 3
6059000 3
6060000 3
6061000 3
6062000 3
6063000 3
6064000 3
6065000 3
6066000 3
6067000 3
6068000 3
6069000 3
6070000 3
6071000 3
6072000 3
6073000 3
6074000 3
6075000 3
6076000 3
6077000 3
6078000 3
6079000 3
6080000 3
6081000 3
6082000 3
6083000 3
6084000 3
6085000 3
6086000 3
6087000 3
6088000 3
6089000 3
6090000 3
6091000 3
6092000 3
6093000 3
6094000 3
6095000 3
6096000 3
6097000 3
6098000 3
6099000 3
6100000 3
6101000 3
6102000 3
6103000 3
6104000 3
6105000 3
6106000 3
6107000 3
6108000 3
6109000 3
6110000 3
6111000 3
6112000 3
6113000 3
6114000 3
6115000 3
6116000 3
6117000 3
6118000 3
6119000 3
6120000 3
6121000 3
6122000 3
6123000 3
6124000 3
6125000 3
6126000 3
6127000 3
6128000 3
6129000 3
6130000 3
6131000 3
6132000 3
6133000 3
6134000 3
6135000 3
6136000 3
6137000 3
6138000 3
6139000 3
6140000 3
6141000 3
6142000 3
6143000 3
6144000 3
6145000 3
6146000 3
6147000 3
6148000 3
6149000 3
6150000 3
6151000 3
6152000 3
6153000 3
6154000 3
6155000 3
6156000 3
6157000 3
6158000 3
6159000 3
6160000 3
6161000 3
6162000 3
6163000 3
6164000 3
6165000 3
6166000 3
6167000 3
6168000 3
6169000 3
6170000 3
6171000 3
6172000 3
6173000 3
6174000 3
6175000 3
6176000 3
6177000 3
6178000 3
6179000 3
6180000 3
6181000 3
6182000 3
6183000 3
6184000 3
6185000 3
6186000 3
6187000 3
6188000 3
6189000 3
6190000 3
6191000 3
6192000 3
6193000 3
6194000 3
6195000 3
6196000 3
6197000 3
6198000 3
6199000 3
6200000 3
6201000 3
6202000 3
6203000 3
6204000 3
6205000 3
6206000 3
6207000 3
6208000 3
6209000 3
6210000 3
6211000 3
6212000 3
6213000 3
6214000 3
6215000 3
6216000 3
6217000 3
6218000 3
6219000 3
6220000 3
6221000 3
6222000 3
6223000 3
6224000 3
6225000 3
6226000 3
6227000 3
6228000 3
6229000 3
6230000 3
6231000 3
6232000 3
6233000 3
6234000 3
6235000 3
6236000 3
6237000 3
6238000 3
6239000 3
6240000 3
6241000 3
6242000 3
6243000 3
6244000 3
6245000 3
6246000 3
6247000 3
6248000 3
6249000 3
6250000 3
6251000 3
6252000 3
6253000 3
6254000 3
6255000 3
6256000 3
6257000 3
6258000 3
6259000 3
6260000 3
6261000 3
6262000 3
6263000 3
6264000 3
6265000 3
6266000 3
6267000 3
6268000 3
6269000 3
6270000 3
6271000 3
6272000 3
6273000 3
6274000 3
6275000 3
6276000 3
6277000 3
6278000 3
6279000 3
6280000 3
6281000 3
6282000 3
6283000 3
6284000 3
6285000 3
6286000 3
6287000 3
6288000 3
6289000 3
6290000 3
6291000 3
6292000 3
6293000 3
6294000 3
6295000 3
6296000 3
6297000 3
6298000 3
6299000 3
6300000 3
6301000 3
6302000 3
6303000 3
6304000 3
6305000 3
6306000 3
6307000 3
6308000 3
6309000 3
6310000 3
6311000 3
6312000 3
6313000 3
6314000 3
6315000 3
6316000 3
6317000 3
6318000 3
6319000 3
6320000 3
6321000 3
6322000 3
6323000 3
6324000 3
6325000 3
6326000 3
6327000 3
6328000 3
6329000 3
6330000 3
6331000 3
6332000 3
6333000 3
6334000 3
6335000 3
6336000 3
6337000 3
6338000 3
6339000 3
6340000 3
6341000 3
6342000 3
6343000 3
6344000 3
6345000 3
6346000 3
6347000 3
6348000 3
6349000 3
6350000 3
6351000 3
6352000 3
6353000 3
6354000 3
6355000 3
6356000 3
6357000 3
6358000 3
6359000 3
6360000 3
6361000 3
6362000 3
6363000 3
6364000 3
6365000 3
6366000 3
6367000 3
6368000 3
6369000 3
6370000 3
6371000 3
6372000 3
6373000 3
6374000 3
6375000 3
6376000 3
6377000 3
6378000 3
6379000 3
6380000 3
6381000 3
6382000 3
6383000 3
6384000 3
6385000 3
6386000 3
6387000 3
6388000 3
6389000 3
6390000 3
6391000 3
6392000 3
6393000 3
6394000 3
6395000 3
6396000 3
6397000 3
6398000 3
6399000 3
6400000 3
6401000 3
6402000 3
6403000 3
6404000 3
6405000 3
6406000 3
6407000 3
6408000 3
6409000 3
6410000 3
6411000 3
6412000 3
6413000 3
6414000 3
6415000 3
6416000 3
6417000 3
6418000 3
6419000 3
6420000 3
6421000 3
6422000 3
6423000 3
6424000 3
6425000 3
6426000 3
6427000 3
6428000 3
6429000 3
6430000 3
6431000 3
6432000 3
6433000 3
6434000 3
6435000 3
6436000 3
6437000 3
6438000 3
6439000 3
6440000 3
6441000 3
6442000 3
6443000 3
6444000 3
6445000 3
6446000 3
6447000 3
6448000 3
6449000 3
6450000 3
6451000 3
6452000 3
6453000 3
6454000 3
6455000 3
6456000 3
6457000 3
6458000 3
6459000 3
6460000 3
6461000 3
6462000 3
6463000 3
6464000 3
6465000 3
6466000 3
6467000 3
6468000 3
6469000 3
6470000 3
6471000 3
6472000 3
6473000 3
6474000 3
6475000 3
6476000 3
6477000 3
6478000 3
6479000 3
6480000 3
6481000 3
6482000 3
6483000 3
6484000 3
6485000 3
6486000 3
6487000 3
6488000 3
6489000 3
6490000 3
6491000 3
6492000 3
6493000 3
6494000 3
6495000 3
6496000 3
6497000 3
6498000 3
6499000 3
6500000 3
6501000 3
6502000 3
6503000 3
6504000 3
6505000 3
6506000 3
6507000 3
6508000 3
6509000 3
6510000 3
6511000 3
6512000 3
6513000 3
6514000 3
6515000 3
6516000 3
6517000 3
6518000 3
6519000 3
6520000 3
6521000 3
6522000 3
6523000 3
6524000 3
6525000 3
6526000 3
6527000 3
6528000 3
6529000 3
6530000 3
6531000 3
6532000 3
6533000 3
6534000 3
6535000 3
6536000 3
6537000 3
6538000 3
6539000 3
6540000 3
6541000 3
6542000 3
6543000 3
6544000 3
6545000 3
6546000 3
6547000 3
6548000 3
6549000 3
6550000 3
6551000 3
6552000 3
6553000 3
6554000 3
6555000 3
6556000 3
6557000 3
6558000 3
6559000 3
6560000 3
6561000 3
6562000 3
6563000 3
6564000 3
6565000 3
6566000 3
6567000 3
6568000 3
6569000 3
6570000 3
6571000 3
6572000 3
6573000 3
6574000 3
6575000 3
6576000 3
6577000 3
6578000 3
6579000 3
6580000 3
6581000 3
6582000 3
6583000 3
6584000 3
6585000 3
6586000 3
6587000 3
6588000 3
6589000 3
6590000 3
6591000 3
6592000 3
6593000 3
6594000 3
6595000 3
6596000 3
6597000 3
6598000 3
6599000 3
6600000 3
6601000 3
6602000 3
6603000 3
6604000 3
6605000 3
6606000 3
6607000 3
6608000 3
6609000 3
6610000 3
6611000 3
6612000 3
6613000 3
6614000 3
6615000 3
6616000 3
6617000 3
6618000 3
6619000 3
6620000 3
6621000 3
6622000 3
6623000 3
6624000 3
6625000 3
6626000 3
6627000 3
6628000 3
6629000 3
6630000 3
6631000 3
6632000 3
6633000 3
6634000 3
6635000 3
6636000 3
6637000 3
6638000 3
6639000 3
6640000 3
6641000 3
6642000 3
6643000 3
6644000 3
6645000 3
6646000 3
6647000 3
6648000 3
6649000 3
6650000 3
6651000 3
6652000 3
6653000 3
6654000 3
6655000 3
6656000 3
6657000 3
6658000 3
6659000 3
6660000 3
6661000 3
6662000 3
6663000 3
6664000 3
6665000 3
6666000 3
6667000 3
6668000 3
6669000 3
6670000 3
6671000 3
6672000 3
6673000 3
6674000 3
6675000 3
6676000 3
6677000 3
6678000 3
6679000 3
6680000 3
6681000 3
6682000 3
6683000 3
6684000 3
6685000 3
6686000 3
6687000 3
6688000 3
6689000 3
6690000 3
6691000 3
6692000 3
6693000 3
6694000 3
6695000 3
6696000 3
6697000 3
6698000 3
6699000 3
6700000 3
6701000 3
6702000 3
6703000 3
6704000 3
6705000 3
6706000 3
6707000 3
6708000 3
6709000 3
6710000 3
6711000 3
6712000 3
6713000 3
6714000 3
6715000 3
6716000 3
6717000 3
6718000 3
6719000 3
6720000 3
6721000 3
6722000 3
6723000 3
6724000 3
6725000 3
6726000 3
6727000 3
6728000 3
6729000 3
6730000 3
6731000 3
6732000 3
6733000 3
6734000 3
6735000 3
6736000 3
6737000 3
6738000 3
6739000 3
6740000 3
6741000 3
6742000 3
6743000 3
6744000 3
6745000 3
6746000 3
6747000 3
6748000 3
6749000 3
6750000 3
6751000 3
6752000 3
6753000 3
6754000 3
6755000 3
6756000 3
6757000 3
6758000 3
6759000 3
6760000 3
6761000 3
6762000 3
6763000 3
6764000 3
6765000 3
6766000 3
6767000 3
6768000 3
6769000 3
6770000 3
6771000 3
6772000 3
6773000 3
6774000 3
6775000 3
6776000 3
6777000 3
6778000 3
6779000 3
6780000 3
6781000 3
6782000 3
6783000 3
6784000 3
6785000 3
6786000 3
6787000 3
6788000 3
6789000 3
6790000 3
6791000 3
6792000 3
6793000 3
6794000 3
6795000 3
6796000 3
6797000 3
6798000 3
6799000 3
6800000 3
6801000 3
6802000 3
6803000 3
6804000 3
6805000 3
6806000 3
6807000 3
6808000 3
6809000 3
6810000 3
6811000 3
6812000 3
6813000 3
6814000 3
6815000 3
6816000 3
6817000 3
6818000 3
6819000 3
6820000 3
6821000 3
6822000 3
6823000 3
6824000 3
6825000 3
6826000 3
6827000 3
6828000 3
6829000 3
6830000 3
6831000 3
6832000 3
6833000 3
6834000 3
6835000 3
6836000 3
6837000 3
6838000 3
6839000 3
6840000 3
6841000 3
6842000 3
6843000 3
6844000 3
6845000 3
6846000 3
6847000 3
6848000 3
6849000 3
6850000 3
6851000 3
6852000 3
6853000 3
6854000 3
6855000 3
6856000 3
6857000 3
6858000 3
6859000 3
6860000 3
6861000 3
6862000 3
6863000 3
6864000 3
6865000 3
6866000 3
6867000 3
6868000 3
6869000 3
6870000 3
6871000 3
6872000 3
6873000 3
6874000 3
6875000 3
6876000 3
6877000 3
6878000 3
6879000 3
6880000 3
6881000 3
6882000 3
6883000 3
6884000 3
6885000 3
6886000 3
6887000 3
6888000 3
6889000 3
6890000 3
6891000 3
6892000 3
6893000 3
6894000 3
6895000 3
6896000 3
6897000 3
6898000 3
6899000 3
6900000 3
6901000 3
6902000 3
6903000 3
6904000 3
6905000 3
6906000 3
6907000 3
6908000 3
6909000 3
6910000 3
6911000 3
6912000 3
6913000 3
6914000 3
6915000 3
6916000 3
6917000 3
6918000 3
6919000 3
6920000 3
6921000 3
6922000 3
6923000 3
6924000 3
6925000 3
6926000 3
6927000 3
6928000 3
6929000 3
6930000 3
6931000 3
6932000 3
6933000 3
6934000 3
6935000 3
6936000 3
6937000 3
6938000 3
6939000 3
6940000 3
6941000 3
6942000 3
6943000 3
6944000 3
6945000 3
6946000 3
6947000 3
6948000 3
6949000 3
6950000 3
6951000 3
6952000 3
6953000 3
6954000 3
6955000 3
6956000 3
6957000 3
6958000 3
6959000 3
6960000 3
6961000 3
6962000 3
6963000 3
6964000 3
6965000 3
6966000 3
6967000 3
6968000 3
6969000 3
6970000 3
6971000 3
6972000 3
6973000 3
6974000 3
6975000 3
6976000 3
6977000 3
6978000 3
6979000 3
6980000 3
6981000 3
6982000 3
6983000 3
6984000 3
6985000 3
6986000 3
6987000 3
6988000 3
6989000 3
6990000 3
6991000 3
6992000 3
6993000 3
6994000 3
6995000 3
6996000 3
6997000 3
6998000 3
6999000 3
