# frame 	 heights
0 18
1000 18
2000 18
3000 18
4000 18
5000 18
6000 18
7000 18
8000 18
9000 18
10000 18
11000 18
12000 18
13000 18
14000 18
15000 18
16000 18
17000 18
18000 18
19000 18
20000 18
21000 18
22000 18
23000 18
24000 18
25000 18
26000 18
27000 18
28000 18
29000 18
30000 18
31000 18
32000 18
33000 18
34000 18
35000 18
36000 18
37000 18
38000 18
39000 18
40000 18
41000 18
42000 18
43000 18
44000 18
45000 18
46000 18
47000 18
48000 18
49000 18
50000 18
51000 18
52000 18
53000 18
54000 18
55000 18
56000 18
57000 18
58000 18
59000 18
60000 18
61000 18
62000 18
63000 18
64000 18
65000 18
66000 18
67000 18
68000 18
69000 18
70000 18
71000 18
72000 18
73000 18
74000 18
75000 18
76000 18
77000 18
78000 18
79000 18
80000 18
81000 18
82000 18
83000 18
84000 18
85000 18
86000 18
87000 18
88000 18
89000 18
90000 18
91000 18
92000 18
93000 18
94000 18
95000 18
96000 18
97000 18
98000 18
99000 18
100000 18
101000 18
102000 18
103000 18
104000 18
105000 18
106000 18
107000 18
108000 18
109000 18
110000 18
111000 18
112000 18
113000 18
114000 18
115000 18
116000 18
117000 18
118000 18
119000 18
120000 18
121000 18
122000 18
123000 18
124000 18
125000 18
126000 18
127000 18
128000 18
129000 18
130000 18
131000 18
132000 18
133000 18
134000 18
135000 18
136000 18
137000 18
138000 18
139000 18
140000 18
141000 18
142000 18
143000 18
144000 18
145000 18
146000 18
147000 18
148000 18
149000 18
150000 18
151000 18
152000 18
153000 18
154000 18
155000 18
156000 18
157000 18
158000 18
159000 18
160000 18
161000 18
162000 18
163000 18
164000 18
165000 18
166000 18
167000 18
168000 18
169000 18
170000 18
171000 18
172000 18
173000 18
174000 18
175000 18
176000 18
177000 18
178000 18
179000 18
180000 18
181000 18
182000 18
183000 18
184000 18
185000 18
186000 18
187000 18
188000 18
189000 18
190000 18
191000 18
192000 18
193000 18
194000 18
195000 18
196000 18
197000 18
198000 18
199000 18
200000 18
201000 18
202000 18
203000 18
204000 18
205000 18
206000 18
207000 18
208000 18
209000 18
210000 18
211000 18
212000 18
213000 18
214000 18
215000 18
216000 18
217000 18
218000 18
219000 18
220000 18
221000 18
222000 18
223000 18
224000 18
225000 18
226000 18
227000 18
228000 18
229000 18
230000 18
231000 18
232000 18
233000 18
234000 18
235000 18
236000 18
237000 18
238000 18
239000 18
240000 18
241000 18
242000 18
243000 18
244000 18
245000 18
246000 18
247000 18
248000 18
249000 18
250000 18
251000 18
252000 18
253000 18
254000 18
255000 18
256000 18
257000 18
258000 18
259000 18
260000 18
261000 18
262000 18
263000 18
264000 18
265000 18
266000 18
267000 18
268000 18
269000 18
270000 18
271000 18
272000 18
273000 18
274000 18
275000 18
276000 18
277000 18
278000 18
279000 18
280000 18
281000 18
282000 18
283000 18
284000 18
285000 18
286000 18
287000 18
288000 18
289000 18
290000 18
291000 18
292000 18
293000 18
294000 18
295000 18
296000 18
297000 18
298000 18
299000 18
300000 18
301000 18
302000 18
303000 18
304000 18
305000 18
306000 18
307000 18
308000 18
309000 18
310000 18
311000 18
312000 18
313000 18
314000 18
315000 18
316000 18
317000 18
318000 18
319000 18
320000 18
321000 18
322000 18
323000 18
324000 18
325000 18
326000 18
327000 18
328000 18
329000 18
330000 18
331000 18
332000 18
333000 18
334000 18
335000 18
336000 18
337000 18
338000 18
339000 18
340000 18
341000 18
342000 18
343000 18
344000 18
345000 18
346000 18
347000 18
348000 18
349000 18
350000 18
351000 18
352000 18
353000 18
354000 18
355000 18
356000 18
357000 18
358000 18
359000 18
360000 18
361000 18
362000 18
363000 18
364000 18
365000 18
366000 18
367000 18
368000 18
369000 18
370000 18
371000 18
372000 18
373000 18
374000 18
375000 18
376000 18
377000 18
378000 18
379000 18
380000 18
381000 18
382000 18
383000 18
384000 18
385000 18
386000 18
387000 18
388000 18
389000 18
390000 18
391000 18
392000 18
393000 18
394000 18
395000 18
396000 18
397000 18
398000 18
399000 18
400000 18
401000 18
402000 18
403000 18
404000 18
405000 18
406000 18
407000 18
408000 18
409000 18
410000 18
411000 18
412000 18
413000 18
414000 18
415000 18
416000 18
417000 18
418000 18
419000 18
420000 18
421000 18
422000 18
423000 18
424000 18
425000 18
426000 18
427000 18
428000 18
429000 18
430000 18
431000 18
432000 18
433000 18
434000 18
435000 18
436000 18
437000 18
438000 18
439000 18
440000 18
441000 18
442000 18
443000 18
444000 18
445000 18
446000 18
447000 18
448000 18
449000 18
450000 18
451000 18
452000 18
453000 18
454000 18
455000 18
456000 18
457000 18
458000 18
459000 18
460000 18
461000 18
462000 18
463000 18
464000 18
465000 18
466000 18
467000 18
468000 18
469000 18
470000 18
471000 18
472000 18
473000 18
474000 18
475000 18
476000 18
477000 18
478000 18
479000 18
480000 18
481000 18
482000 18
483000 18
484000 18
485000 18
486000 18
487000 18
488000 18
489000 18
490000 18
491000 18
492000 18
493000 18
494000 18
495000 18
496000 18
497000 18
498000 18
499000 18
500000 18
501000 18
502000 18
503000 18
504000 18
505000 18
506000 18
507000 18
508000 18
509000 18
510000 18
511000 18
512000 18
513000 18
514000 18
515000 18
516000 18
517000 18
518000 18
519000 18
520000 18
521000 18
522000 18
523000 18
524000 18
525000 18
526000 18
527000 18
528000 18
529000 18
530000 18
531000 18
532000 18
533000 18
534000 18
535000 18
536000 18
537000 18
538000 18
539000 18
540000 18
541000 18
542000 18
543000 18
544000 18
545000 18
546000 18
547000 18
548000 18
549000 18
550000 18
551000 18
552000 18
553000 18
554000 18
555000 18
556000 18
557000 18
558000 18
559000 18
560000 18
561000 18
562000 18
563000 18
564000 18
565000 18
566000 18
567000 18
568000 18
569000 18
570000 18
571000 18
572000 18
573000 18
574000 18
575000 18
576000 18
577000 18
578000 18
579000 18
580000 18
581000 18
582000 18
583000 18
584000 18
585000 18
586000 18
587000 18
588000 18
589000 18
590000 18
591000 18
592000 18
593000 18
594000 18
595000 18
596000 18
597000 18
598000 18
599000 18
600000 18
601000 18
602000 18
603000 18
604000 18
605000 18
606000 18
607000 18
608000 18
609000 18
610000 18
611000 18
612000 18
613000 18
614000 18
615000 18
616000 18
617000 18
618000 18
619000 18
620000 18
621000 18
622000 18
623000 18
624000 18
625000 18
626000 18
627000 18
628000 18
629000 18
630000 18
631000 18
632000 18
633000 18
634000 18
635000 18
636000 18
637000 18
638000 18
639000 18
640000 18
641000 18
642000 18
643000 18
644000 18
645000 18
646000 18
647000 18
648000 18
649000 18
650000 18
651000 18
652000 18
653000 18
654000 18
655000 18
656000 18
657000 18
658000 18
659000 18
660000 18
661000 18
662000 18
663000 18
664000 18
665000 18
666000 18
667000 18
668000 18
669000 18
670000 18
671000 18
672000 18
673000 18
674000 18
675000 18
676000 18
677000 18
678000 18
679000 18
680000 18
681000 18
682000 18
683000 18
684000 18
685000 18
686000 18
687000 18
688000 18
689000 18
690000 18
691000 18
692000 18
693000 18
694000 18
695000 18
696000 18
697000 18
698000 18
699000 18
700000 18
701000 18
702000 18
703000 18
704000 18
705000 18
706000 18
707000 18
708000 18
709000 18
710000 18
711000 18
712000 18
713000 18
714000 18
715000 18
716000 18
717000 18
718000 18
719000 18
720000 18
721000 18
722000 18
723000 18
724000 18
725000 18
726000 18
727000 18
728000 18
729000 18
730000 18
731000 18
732000 18
733000 18
734000 18
735000 18
736000 18
737000 18
738000 18
739000 18
740000 18
741000 18
742000 18
743000 18
744000 18
745000 18
746000 18
747000 18
748000 18
749000 18
750000 18
751000 18
752000 18
753000 18
754000 18
755000 18
756000 18
757000 18
758000 18
759000 18
760000 18
761000 18
762000 18
763000 18
764000 18
765000 18
766000 18
767000 18
768000 18
769000 18
770000 18
771000 18
772000 18
773000 18
774000 18
775000 18
776000 18
777000 18
778000 18
779000 18
780000 18
781000 18
782000 18
783000 18
784000 18
785000 18
786000 18
787000 18
788000 18
789000 18
790000 18
791000 18
792000 18
793000 18
794000 18
795000 18
796000 18
797000 18
798000 18
799000 18
800000 18
801000 18
802000 18
803000 18
804000 18
805000 18
806000 18
807000 18
808000 18
809000 18
810000 18
811000 18
812000 18
813000 18
814000 18
815000 18
816000 18
817000 18
818000 18
819000 18
820000 18
821000 18
822000 18
823000 18
824000 18
825000 18
826000 18
827000 18
828000 18
829000 18
830000 18
831000 18
832000 18
833000 18
834000 18
835000 18
836000 18
837000 18
838000 18
839000 18
840000 18
841000 18
842000 18
843000 18
844000 18
845000 18
846000 18
847000 18
848000 18
849000 18
850000 18
851000 18
852000 18
853000 18
854000 18
855000 18
856000 18
857000 18
858000 18
859000 18
860000 18
861000 18
862000 18
863000 18
864000 18
865000 18
866000 18
867000 18
868000 18
869000 18
870000 18
871000 18
872000 18
873000 18
874000 18
875000 18
876000 18
877000 18
878000 18
879000 18
880000 18
881000 18
882000 18
883000 18
884000 18
885000 18
886000 18
887000 18
888000 18
889000 18
890000 18
891000 18
892000 18
893000 18
894000 18
895000 18
896000 18
897000 18
898000 18
899000 18
900000 18
901000 18
902000 18
903000 18
904000 18
905000 18
906000 18
907000 18
908000 18
909000 18
910000 18
911000 18
912000 18
913000 18
914000 18
915000 18
916000 18
917000 18
918000 18
919000 18
920000 18
921000 18
922000 18
923000 18
924000 18
925000 18
926000 18
927000 18
928000 18
929000 18
930000 18
931000 18
932000 18
933000 18
934000 18
935000 18
936000 18
937000 18
938000 18
939000 18
940000 18
941000 18
942000 18
943000 18
944000 18
945000 18
946000 18
947000 18
948000 18
949000 18
950000 18
951000 18
952000 18
953000 18
954000 18
955000 18
956000 18
957000 18
958000 18
959000 18
960000 18
961000 18
962000 18
963000 18
964000 18
965000 18
966000 18
967000 18
968000 18
969000 18
970000 18
971000 18
972000 18
973000 18
974000 18
975000 18
976000 18
977000 18
978000 18
979000 18
980000 18
981000 18
982000 18
983000 18
984000 18
985000 18
986000 18
987000 18
988000 18
989000 18
990000 18
991000 18
992000 18
993000 18
994000 18
995000 18
996000 18
997000 18
998000 18
999000 18
1000000 18
1001000 18
1002000 18
1003000 18
1004000 18
1005000 18
1006000 18
1007000 18
1008000 18
1009000 18
1010000 18
1011000 18
1012000 18
1013000 18
1014000 18
1015000 18
1016000 18
1017000 18
1018000 18
1019000 18
1020000 18
1021000 18
1022000 18
1023000 18
1024000 18
1025000 18
1026000 18
1027000 18
1028000 18
1029000 18
1030000 18
1031000 18
1032000 18
1033000 18
1034000 18
1035000 18
1036000 18
1037000 18
1038000 18
1039000 18
1040000 18
1041000 18
1042000 18
1043000 18
1044000 18
1045000 18
1046000 18
1047000 18
1048000 18
1049000 18
1050000 18
1051000 18
1052000 18
1053000 18
1054000 18
1055000 18
1056000 18
1057000 18
1058000 18
1059000 18
1060000 18
1061000 18
1062000 18
1063000 18
1064000 18
1065000 18
1066000 18
1067000 18
1068000 18
1069000 18
1070000 18
1071000 18
1072000 18
1073000 18
1074000 18
1075000 18
1076000 18
1077000 18
1078000 18
1079000 18
1080000 18
1081000 18
1082000 18
1083000 18
1084000 18
1085000 18
1086000 18
1087000 18
1088000 18
1089000 18
1090000 18
1091000 18
1092000 18
1093000 18
1094000 18
1095000 18
1096000 18
1097000 18
1098000 18
1099000 18
1100000 18
1101000 18
1102000 18
1103000 18
1104000 18
1105000 18
1106000 18
1107000 18
1108000 18
1109000 18
1110000 18
1111000 18
1112000 18
1113000 18
1114000 18
1115000 18
1116000 18
1117000 18
1118000 18
1119000 18
1120000 18
1121000 18
1122000 18
1123000 18
1124000 18
1125000 18
1126000 18
1127000 18
1128000 18
1129000 18
1130000 18
1131000 18
1132000 18
1133000 18
1134000 18
1135000 18
1136000 18
1137000 18
1138000 18
1139000 18
1140000 18
1141000 18
1142000 18
1143000 18
1144000 18
1145000 18
1146000 18
1147000 18
1148000 18
1149000 18
1150000 18
1151000 18
1152000 18
1153000 18
1154000 18
1155000 18
1156000 18
1157000 18
1158000 18
1159000 18
1160000 18
1161000 18
1162000 18
1163000 18
1164000 18
1165000 18
1166000 18
1167000 18
1168000 18
1169000 18
1170000 18
1171000 18
1172000 18
1173000 18
1174000 18
1175000 18
1176000 18
1177000 18
1178000 18
1179000 18
1180000 18
1181000 18
1182000 18
1183000 18
1184000 18
1185000 18
1186000 18
1187000 18
1188000 18
1189000 18
1190000 18
1191000 18
1192000 18
1193000 18
1194000 18
1195000 18
1196000 18
1197000 18
1198000 18
1199000 18
1200000 18
1201000 18
1202000 18
1203000 18
1204000 18
1205000 18
1206000 18
1207000 18
1208000 18
1209000 18
1210000 18
1211000 18
1212000 18
1213000 18
1214000 18
1215000 18
1216000 18
1217000 18
1218000 18
1219000 18
1220000 18
1221000 18
1222000 18
1223000 18
1224000 18
1225000 18
1226000 18
1227000 18
1228000 18
1229000 18
1230000 18
1231000 18
1232000 18
1233000 18
1234000 18
1235000 18
1236000 18
1237000 18
1238000 18
1239000 18
1240000 18
1241000 18
1242000 18
1243000 18
1244000 18
1245000 18
1246000 18
1247000 18
1248000 18
1249000 18
1250000 18
1251000 18
1252000 18
1253000 18
1254000 18
1255000 18
1256000 18
1257000 18
1258000 18
1259000 18
1260000 18
1261000 18
1262000 18
1263000 18
1264000 18
1265000 18
1266000 18
1267000 18
1268000 18
1269000 18
1270000 18
1271000 18
1272000 18
1273000 18
1274000 18
1275000 18
1276000 18
1277000 18
1278000 18
1279000 18
1280000 18
1281000 18
1282000 18
1283000 18
1284000 18
1285000 18
1286000 18
1287000 18
1288000 18
1289000 18
1290000 18
1291000 18
1292000 18
1293000 18
1294000 18
1295000 18
1296000 18
1297000 18
1298000 18
1299000 18
1300000 18
1301000 18
1302000 18
1303000 18
1304000 18
1305000 18
1306000 18
1307000 18
1308000 18
1309000 18
1310000 18
1311000 18
1312000 18
1313000 18
1314000 18
1315000 18
1316000 18
1317000 18
1318000 18
1319000 18
1320000 18
1321000 18
1322000 18
1323000 18
1324000 18
1325000 18
1326000 18
1327000 18
1328000 18
1329000 18
1330000 18
1331000 18
1332000 18
1333000 18
1334000 18
1335000 18
1336000 18
1337000 18
1338000 18
1339000 18
1340000 18
1341000 18
1342000 18
1343000 18
1344000 18
1345000 18
1346000 18
1347000 18
1348000 18
1349000 18
1350000 18
1351000 18
1352000 18
1353000 18
1354000 18
1355000 18
1356000 18
1357000 18
1358000 18
1359000 18
1360000 18
1361000 18
1362000 18
1363000 18
1364000 18
1365000 18
1366000 18
1367000 18
1368000 18
1369000 18
1370000 18
1371000 18
1372000 18
1373000 18
1374000 18
1375000 18
1376000 18
1377000 18
1378000 18
1379000 18
1380000 18
1381000 18
1382000 18
1383000 18
1384000 18
1385000 18
1386000 18
1387000 18
1388000 18
1389000 18
1390000 18
1391000 18
1392000 18
1393000 18
1394000 18
1395000 18
1396000 18
1397000 18
1398000 18
1399000 18
1400000 18
1401000 18
1402000 18
1403000 18
1404000 18
1405000 18
1406000 18
1407000 18
1408000 18
1409000 18
1410000 18
1411000 18
1412000 18
1413000 18
1414000 18
1415000 18
1416000 18
1417000 18
1418000 18
1419000 18
1420000 18
1421000 18
1422000 18
1423000 18
1424000 18
1425000 18
1426000 18
1427000 18
1428000 18
1429000 18
1430000 18
1431000 18
1432000 18
1433000 18
1434000 18
1435000 18
1436000 18
1437000 18
1438000 18
1439000 18
1440000 18
1441000 18
1442000 18
1443000 18
1444000 18
1445000 18
1446000 18
1447000 18
1448000 18
1449000 18
1450000 18
1451000 18
1452000 18
1453000 18
1454000 18
1455000 18
1456000 18
1457000 18
1458000 18
1459000 18
1460000 18
1461000 18
1462000 18
1463000 18
1464000 18
1465000 18
1466000 18
1467000 18
1468000 18
1469000 18
1470000 18
1471000 18
1472000 18
1473000 18
1474000 18
1475000 18
1476000 18
1477000 18
1478000 18
1479000 18
1480000 18
1481000 18
1482000 18
1483000 18
1484000 18
1485000 18
1486000 18
1487000 18
1488000 18
1489000 18
1490000 18
1491000 18
1492000 18
1493000 18
1494000 18
1495000 18
1496000 18
1497000 18
1498000 18
1499000 18
1500000 18
1501000 18
1502000 18
1503000 18
1504000 18
1505000 18
1506000 18
1507000 18
1508000 18
1509000 18
1510000 18
1511000 18
1512000 18
1513000 18
1514000 18
1515000 18
1516000 18
1517000 18
1518000 18
1519000 18
1520000 18
1521000 18
1522000 18
1523000 18
1524000 18
1525000 18
1526000 18
1527000 18
1528000 18
1529000 18
1530000 18
1531000 18
1532000 18
1533000 18
1534000 18
1535000 18
1536000 18
1537000 18
1538000 18
1539000 18
1540000 18
1541000 18
1542000 18
1543000 18
1544000 18
1545000 18
1546000 18
1547000 18
1548000 18
1549000 18
1550000 18
1551000 18
1552000 18
1553000 18
1554000 18
1555000 18
1556000 18
1557000 18
1558000 18
1559000 18
1560000 18
1561000 18
1562000 18
1563000 18
1564000 18
1565000 18
1566000 18
1567000 18
1568000 18
1569000 18
1570000 18
1571000 18
1572000 18
1573000 18
1574000 18
1575000 18
1576000 18
1577000 18
1578000 18
1579000 18
1580000 18
1581000 18
1582000 18
1583000 18
1584000 18
1585000 18
1586000 18
1587000 18
1588000 18
1589000 18
1590000 18
1591000 18
1592000 18
1593000 18
1594000 18
1595000 18
1596000 18
1597000 18
1598000 18
1599000 18
1600000 18
1601000 18
1602000 18
1603000 18
1604000 18
1605000 18
1606000 18
1607000 18
1608000 18
1609000 18
1610000 18
1611000 18
1612000 18
1613000 18
1614000 18
1615000 18
1616000 18
1617000 18
1618000 18
1619000 18
1620000 18
1621000 18
1622000 18
1623000 18
1624000 18
1625000 18
1626000 18
1627000 18
1628000 18
1629000 18
1630000 18
1631000 18
1632000 18
1633000 18
1634000 18
1635000 18
1636000 18
1637000 18
1638000 18
1639000 18
1640000 18
1641000 18
1642000 18
1643000 18
1644000 18
1645000 18
1646000 18
1647000 18
1648000 18
1649000 18
1650000 18
1651000 18
1652000 18
1653000 18
1654000 18
1655000 18
1656000 18
1657000 18
1658000 18
1659000 18
1660000 18
1661000 18
1662000 18
1663000 18
1664000 18
1665000 18
1666000 18
1667000 18
1668000 18
1669000 18
1670000 18
1671000 18
1672000 18
1673000 18
1674000 18
1675000 18
1676000 18
1677000 18
1678000 18
1679000 18
1680000 18
1681000 18
1682000 18
1683000 18
1684000 18
1685000 18
1686000 18
1687000 18
1688000 18
1689000 18
1690000 18
1691000 18
1692000 18
1693000 18
1694000 18
1695000 18
1696000 18
1697000 18
1698000 18
1699000 18
1700000 18
1701000 18
1702000 18
1703000 18
1704000 18
1705000 18
1706000 18
1707000 18
1708000 18
1709000 18
1710000 18
1711000 18
1712000 18
1713000 18
1714000 18
1715000 18
1716000 18
1717000 18
1718000 18
1719000 18
1720000 18
1721000 18
1722000 18
1723000 18
1724000 18
1725000 18
1726000 18
1727000 18
1728000 18
1729000 18
1730000 18
1731000 18
1732000 18
1733000 18
1734000 18
1735000 18
1736000 18
1737000 18
1738000 18
1739000 18
1740000 18
1741000 18
1742000 18
1743000 18
1744000 18
1745000 18
1746000 18
1747000 18
1748000 18
1749000 18
1750000 18
1751000 18
1752000 18
1753000 18
1754000 18
1755000 18
1756000 18
1757000 18
1758000 18
1759000 18
1760000 18
1761000 18
1762000 18
1763000 18
1764000 18
1765000 18
1766000 18
1767000 18
1768000 18
1769000 18
1770000 18
1771000 18
1772000 18
1773000 18
1774000 18
1775000 18
1776000 18
1777000 18
1778000 18
1779000 18
1780000 18
1781000 18
1782000 18
1783000 18
1784000 18
1785000 18
1786000 18
1787000 18
1788000 18
1789000 18
1790000 18
1791000 18
1792000 18
1793000 18
1794000 18
1795000 18
1796000 18
1797000 18
1798000 18
1799000 18
1800000 18
1801000 18
1802000 18
1803000 18
1804000 18
1805000 18
1806000 18
1807000 18
1808000 18
1809000 18
1810000 18
1811000 18
1812000 18
1813000 18
1814000 18
1815000 18
1816000 18
1817000 18
1818000 18
1819000 18
1820000 18
1821000 18
1822000 18
1823000 18
1824000 18
1825000 18
1826000 18
1827000 18
1828000 18
1829000 18
1830000 18
1831000 18
1832000 18
1833000 18
1834000 18
1835000 18
1836000 18
1837000 18
1838000 18
1839000 18
1840000 18
1841000 18
1842000 18
1843000 18
1844000 18
1845000 18
1846000 18
1847000 18
1848000 18
1849000 18
1850000 18
1851000 18
1852000 18
1853000 18
1854000 18
1855000 18
1856000 18
1857000 18
1858000 18
1859000 18
1860000 18
1861000 18
1862000 18
1863000 18
1864000 18
1865000 18
1866000 18
1867000 18
1868000 18
1869000 18
1870000 18
1871000 18
1872000 18
1873000 18
1874000 18
1875000 18
1876000 18
1877000 18
1878000 18
1879000 18
1880000 18
1881000 18
1882000 18
1883000 18
1884000 18
1885000 18
1886000 18
1887000 18
1888000 18
1889000 18
1890000 18
1891000 18
1892000 18
1893000 18
1894000 18
1895000 18
1896000 18
1897000 18
1898000 18
1899000 18
1900000 18
1901000 18
1902000 18
1903000 18
1904000 18
1905000 18
1906000 18
1907000 18
1908000 18
1909000 18
1910000 18
1911000 18
1912000 18
1913000 18
1914000 18
1915000 18
1916000 18
1917000 18
1918000 18
1919000 18
1920000 18
1921000 18
1922000 18
1923000 18
1924000 18
1925000 18
1926000 18
1927000 18
1928000 18
1929000 18
1930000 18
1931000 18
1932000 18
1933000 18
1934000 18
1935000 18
1936000 18
1937000 18
1938000 18
1939000 18
1940000 18
1941000 18
1942000 18
1943000 18
1944000 18
1945000 18
1946000 18
1947000 18
1948000 18
1949000 18
1950000 18
1951000 18
1952000 18
1953000 18
1954000 18
1955000 18
1956000 18
1957000 18
1958000 18
1959000 18
1960000 18
1961000 18
1962000 18
1963000 18
1964000 18
1965000 18
1966000 18
1967000 18
1968000 18
1969000 18
1970000 18
1971000 18
1972000 18
1973000 18
1974000 18
1975000 18
1976000 18
1977000 18
1978000 18
1979000 18
1980000 18
1981000 18
1982000 18
1983000 18
1984000 18
1985000 18
1986000 18
1987000 18
1988000 18
1989000 18
1990000 18
1991000 18
1992000 18
1993000 18
1994000 18
1995000 18
1996000 18
1997000 18
1998000 18
1999000 18
2000000 18
2001000 18
2002000 18
2003000 18
2004000 18
2005000 18
2006000 18
2007000 18
2008000 18
2009000 18
2010000 18
2011000 18
2012000 18
2013000 18
2014000 18
2015000 18
2016000 18
2017000 18
2018000 18
2019000 18
2020000 18
2021000 18
2022000 18
2023000 18
2024000 18
2025000 18
2026000 18
2027000 18
2028000 18
2029000 18
2030000 18
2031000 18
2032000 18
2033000 18
2034000 18
2035000 18
2036000 18
2037000 18
2038000 18
2039000 18
2040000 18
2041000 18
2042000 18
2043000 18
2044000 18
2045000 18
2046000 18
2047000 18
2048000 18
2049000 18
2050000 18
2051000 18
2052000 18
2053000 18
2054000 18
2055000 18
2056000 18
2057000 18
2058000 18
2059000 18
2060000 18
2061000 18
2062000 18
2063000 18
2064000 18
2065000 18
2066000 18
2067000 18
2068000 18
2069000 18
2070000 18
2071000 18
2072000 18
2073000 18
2074000 18
2075000 18
2076000 18
2077000 18
2078000 18
2079000 18
2080000 18
2081000 18
2082000 18
2083000 18
2084000 18
2085000 18
2086000 18
2087000 18
2088000 18
2089000 18
2090000 18
2091000 18
2092000 18
2093000 18
2094000 18
2095000 18
2096000 18
2097000 18
2098000 18
2099000 18
2100000 18
2101000 18
2102000 18
2103000 18
2104000 18
2105000 18
2106000 18
2107000 18
2108000 18
2109000 18
2110000 18
2111000 18
2112000 18
2113000 18
2114000 18
2115000 18
2116000 18
2117000 18
2118000 18
2119000 18
2120000 18
2121000 18
2122000 18
2123000 18
2124000 18
2125000 18
2126000 18
2127000 18
2128000 18
2129000 18
2130000 18
2131000 18
2132000 18
2133000 18
2134000 18
2135000 18
2136000 18
2137000 18
2138000 18
2139000 18
2140000 18
2141000 18
2142000 18
2143000 18
2144000 18
2145000 18
2146000 18
2147000 18
2148000 18
2149000 18
2150000 18
2151000 18
2152000 18
2153000 18
2154000 18
2155000 18
2156000 18
2157000 18
2158000 18
2159000 18
2160000 18
2161000 18
2162000 18
2163000 18
2164000 18
2165000 18
2166000 18
2167000 18
2168000 18
2169000 18
2170000 18
2171000 18
2172000 18
2173000 18
2174000 18
2175000 18
2176000 18
2177000 18
2178000 18
2179000 18
2180000 18
2181000 18
2182000 18
2183000 18
2184000 18
2185000 18
2186000 18
2187000 18
2188000 18
2189000 18
2190000 18
2191000 18
2192000 18
2193000 18
2194000 18
2195000 18
2196000 18
2197000 18
2198000 18
2199000 18
2200000 18
2201000 18
2202000 18
2203000 18
2204000 18
2205000 18
2206000 18
2207000 18
2208000 18
2209000 18
2210000 18
2211000 18
2212000 18
2213000 18
2214000 18
2215000 18
2216000 18
2217000 18
2218000 18
2219000 18
2220000 18
2221000 18
2222000 18
2223000 18
2224000 18
2225000 18
2226000 18
2227000 18
2228000 18
2229000 18
2230000 18
2231000 18
2232000 18
2233000 18
2234000 18
2235000 18
2236000 18
2237000 18
2238000 18
2239000 18
2240000 18
2241000 18
2242000 18
2243000 18
2244000 18
2245000 18
2246000 18
2247000 18
2248000 18
2249000 18
2250000 18
2251000 18
2252000 18
2253000 18
2254000 18
2255000 18
2256000 18
2257000 18
2258000 18
2259000 18
2260000 18
2261000 18
2262000 18
2263000 18
2264000 18
2265000 18
2266000 18
2267000 18
2268000 18
2269000 18
2270000 18
2271000 18
2272000 18
2273000 18
2274000 18
2275000 18
2276000 18
2277000 18
2278000 18
2279000 18
2280000 18
2281000 18
2282000 18
2283000 18
2284000 18
2285000 18
2286000 18
2287000 18
2288000 18
2289000 18
2290000 18
2291000 18
2292000 18
2293000 18
2294000 18
2295000 18
2296000 18
2297000 18
2298000 18
2299000 18
2300000 18
2301000 18
2302000 18
2303000 18
2304000 18
2305000 18
2306000 18
2307000 18
2308000 18
2309000 18
2310000 18
2311000 18
2312000 18
2313000 18
2314000 18
2315000 18
2316000 18
2317000 18
2318000 18
2319000 18
2320000 18
2321000 18
2322000 18
2323000 18
2324000 18
2325000 18
2326000 18
2327000 18
2328000 18
2329000 18
2330000 18
2331000 18
2332000 18
2333000 18
2334000 18
2335000 18
2336000 18
2337000 18
2338000 18
2339000 18
2340000 18
2341000 18
2342000 18
2343000 18
2344000 18
2345000 18
2346000 18
2347000 18
2348000 18
2349000 18
2350000 18
2351000 18
2352000 18
2353000 18
2354000 18
2355000 18
2356000 18
2357000 18
2358000 18
2359000 18
2360000 18
2361000 18
2362000 18
2363000 18
2364000 18
2365000 18
2366000 18
2367000 18
2368000 18
2369000 18
2370000 18
2371000 18
2372000 18
2373000 18
2374000 18
2375000 18
2376000 18
2377000 18
2378000 18
2379000 18
2380000 18
2381000 18
2382000 18
2383000 18
2384000 18
2385000 18
2386000 18
2387000 18
2388000 18
2389000 18
2390000 18
2391000 18
2392000 18
2393000 18
2394000 18
2395000 18
2396000 18
2397000 18
2398000 18
2399000 18
2400000 18
2401000 18
2402000 18
2403000 18
2404000 18
2405000 18
2406000 18
2407000 18
2408000 18
2409000 18
2410000 18
2411000 18
2412000 18
2413000 18
2414000 18
2415000 18
2416000 18
2417000 18
2418000 18
2419000 18
2420000 18
2421000 18
2422000 18
2423000 18
2424000 18
2425000 18
2426000 18
2427000 18
2428000 18
2429000 18
2430000 18
2431000 18
2432000 18
2433000 18
2434000 18
2435000 18
2436000 18
2437000 18
2438000 18
2439000 18
2440000 18
2441000 18
2442000 18
2443000 18
2444000 18
2445000 18
2446000 18
2447000 18
2448000 18
2449000 18
2450000 18
2451000 18
2452000 18
2453000 18
2454000 18
2455000 18
2456000 18
2457000 18
2458000 18
2459000 18
2460000 18
2461000 18
2462000 18
2463000 18
2464000 18
2465000 18
2466000 18
2467000 18
2468000 18
2469000 18
2470000 18
2471000 18
2472000 18
2473000 18
2474000 18
2475000 18
2476000 18
2477000 18
2478000 18
2479000 18
2480000 18
2481000 18
2482000 18
2483000 18
2484000 18
2485000 18
2486000 18
2487000 18
2488000 18
2489000 18
2490000 18
2491000 18
2492000 18
2493000 18
2494000 18
2495000 18
2496000 18
2497000 18
2498000 18
2499000 18
2500000 18
2501000 18
2502000 18
2503000 18
2504000 18
2505000 18
2506000 18
2507000 18
2508000 18
2509000 18
2510000 18
2511000 18
2512000 18
2513000 18
2514000 18
2515000 18
2516000 18
2517000 18
2518000 18
2519000 18
2520000 18
2521000 18
2522000 18
2523000 18
2524000 18
2525000 18
2526000 18
2527000 18
2528000 18
2529000 18
2530000 18
2531000 18
2532000 18
2533000 18
2534000 18
2535000 18
2536000 18
2537000 18
2538000 18
2539000 18
2540000 18
2541000 18
2542000 18
2543000 18
2544000 18
2545000 18
2546000 18
2547000 18
2548000 18
2549000 18
2550000 18
2551000 18
2552000 18
2553000 18
2554000 18
2555000 18
2556000 18
2557000 18
2558000 18
2559000 18
2560000 18
2561000 18
2562000 18
2563000 18
2564000 18
2565000 18
2566000 18
2567000 18
2568000 18
2569000 18
2570000 18
2571000 18
2572000 18
2573000 18
2574000 18
2575000 18
2576000 18
2577000 18
2578000 18
2579000 18
2580000 18
2581000 18
2582000 18
2583000 18
2584000 18
2585000 18
2586000 18
2587000 18
2588000 18
2589000 18
2590000 18
2591000 18
2592000 18
2593000 18
2594000 18
2595000 18
2596000 18
2597000 18
2598000 18
2599000 18
2600000 18
2601000 18
2602000 18
2603000 18
2604000 18
2605000 18
2606000 18
2607000 18
2608000 18
2609000 18
2610000 18
2611000 18
2612000 18
2613000 18
2614000 18
2615000 18
2616000 18
2617000 18
2618000 18
2619000 18
2620000 18
2621000 18
2622000 18
2623000 18
2624000 18
2625000 18
2626000 18
2627000 18
2628000 18
2629000 18
2630000 18
2631000 18
2632000 18
2633000 18
2634000 18
2635000 18
2636000 18
2637000 18
2638000 18
2639000 18
2640000 18
2641000 18
2642000 18
2643000 18
2644000 18
2645000 18
2646000 18
2647000 18
2648000 18
2649000 18
2650000 18
2651000 18
2652000 18
2653000 18
2654000 18
2655000 18
2656000 18
2657000 18
2658000 18
2659000 18
2660000 18
2661000 18
2662000 18
2663000 18
2664000 18
2665000 18
2666000 18
2667000 18
2668000 18
2669000 18
2670000 18
2671000 18
2672000 18
2673000 18
2674000 18
2675000 18
2676000 18
2677000 18
2678000 18
2679000 18
2680000 18
2681000 18
2682000 18
2683000 18
2684000 18
2685000 18
2686000 18
2687000 18
2688000 18
2689000 18
2690000 18
2691000 18
2692000 18
2693000 18
2694000 18
2695000 18
2696000 18
2697000 18
2698000 18
2699000 18
2700000 18
2701000 18
2702000 18
2703000 18
2704000 18
2705000 18
2706000 18
2707000 18
2708000 18
2709000 18
2710000 18
2711000 18
2712000 18
2713000 18
2714000 18
2715000 18
2716000 18
2717000 18
2718000 18
2719000 18
2720000 18
2721000 18
2722000 18
2723000 18
2724000 18
2725000 18
2726000 18
2727000 18
2728000 18
2729000 18
2730000 18
2731000 18
2732000 18
2733000 18
2734000 18
2735000 18
2736000 18
2737000 18
2738000 18
2739000 18
2740000 18
2741000 18
2742000 18
2743000 18
2744000 18
2745000 18
2746000 18
2747000 18
2748000 18
2749000 18
2750000 18
2751000 18
2752000 18
2753000 18
2754000 18
2755000 18
2756000 18
2757000 18
2758000 18
2759000 18
2760000 18
2761000 18
2762000 18
2763000 18
2764000 18
2765000 18
2766000 18
2767000 18
2768000 18
2769000 18
2770000 18
2771000 18
2772000 18
2773000 18
2774000 18
2775000 18
2776000 18
2777000 18
2778000 18
2779000 18
2780000 18
2781000 18
2782000 18
2783000 18
2784000 18
2785000 18
2786000 18
2787000 18
2788000 18
2789000 18
2790000 18
2791000 18
2792000 18
2793000 18
2794000 18
2795000 18
2796000 18
2797000 18
2798000 18
2799000 18
2800000 18
2801000 18
2802000 18
2803000 18
2804000 18
2805000 18
2806000 18
2807000 18
2808000 18
2809000 18
2810000 18
2811000 18
2812000 18
2813000 18
2814000 18
2815000 18
2816000 18
2817000 18
2818000 18
2819000 18
2820000 18
2821000 18
2822000 18
2823000 18
2824000 18
2825000 18
2826000 18
2827000 18
2828000 18
2829000 18
2830000 18
2831000 18
2832000 18
2833000 18
2834000 18
2835000 18
2836000 18
2837000 18
2838000 18
2839000 18
2840000 18
2841000 18
2842000 18
2843000 18
2844000 18
2845000 18
2846000 18
2847000 18
2848000 18
2849000 18
2850000 18
2851000 18
2852000 18
2853000 18
2854000 18
2855000 18
2856000 18
2857000 18
2858000 18
2859000 18
2860000 18
2861000 18
2862000 18
2863000 18
2864000 18
2865000 18
2866000 18
2867000 18
2868000 18
2869000 18
2870000 18
2871000 18
2872000 18
2873000 18
2874000 18
2875000 18
2876000 18
2877000 18
2878000 18
2879000 18
2880000 18
2881000 18
2882000 18
2883000 18
2884000 18
2885000 18
2886000 18
2887000 18
2888000 18
2889000 18
2890000 18
2891000 18
2892000 18
2893000 18
2894000 18
2895000 18
2896000 18
2897000 18
2898000 18
2899000 18
2900000 18
2901000 18
2902000 18
2903000 18
2904000 18
2905000 18
2906000 18
2907000 18
2908000 18
2909000 18
2910000 18
2911000 18
2912000 18
2913000 18
2914000 18
2915000 18
2916000 18
2917000 18
2918000 18
2919000 18
2920000 18
2921000 18
2922000 18
2923000 18
2924000 18
2925000 18
2926000 18
2927000 18
2928000 18
2929000 18
2930000 18
2931000 18
2932000 18
2933000 18
2934000 18
2935000 18
2936000 18
2937000 18
2938000 18
2939000 18
2940000 18
2941000 18
2942000 18
2943000 18
2944000 18
2945000 18
2946000 18
2947000 18
2948000 18
2949000 18
2950000 18
2951000 18
2952000 18
2953000 18
2954000 18
2955000 18
2956000 18
2957000 18
2958000 18
2959000 18
2960000 18
2961000 18
2962000 18
2963000 18
2964000 18
2965000 18
2966000 18
2967000 18
2968000 18
2969000 18
2970000 18
2971000 18
2972000 18
2973000 18
2974000 18
2975000 18
2976000 18
2977000 18
2978000 18
2979000 18
2980000 18
2981000 18
2982000 18
2983000 18
2984000 18
2985000 18
2986000 18
2987000 18
2988000 18
2989000 18
2990000 18
2991000 18
2992000 18
2993000 18
2994000 18
2995000 18
2996000 18
2997000 18
2998000 18
2999000 18
3000000 18
3001000 18
3002000 18
3003000 18
3004000 18
3005000 18
3006000 18
3007000 18
3008000 18
3009000 18
3010000 18
3011000 18
3012000 18
3013000 18
3014000 18
3015000 18
3016000 18
3017000 18
3018000 18
3019000 18
3020000 18
3021000 18
3022000 18
3023000 18
3024000 18
3025000 18
3026000 18
3027000 18
3028000 18
3029000 18
3030000 18
3031000 18
3032000 18
3033000 18
3034000 18
3035000 18
3036000 18
3037000 18
3038000 18
3039000 18
3040000 18
3041000 18
3042000 18
3043000 18
3044000 18
3045000 18
3046000 18
3047000 18
3048000 18
3049000 18
3050000 18
3051000 18
3052000 18
3053000 18
3054000 18
3055000 18
3056000 18
3057000 18
3058000 18
3059000 18
3060000 18
3061000 18
3062000 18
3063000 18
3064000 18
3065000 18
3066000 18
3067000 18
3068000 18
3069000 18
3070000 18
3071000 18
3072000 18
3073000 18
3074000 18
3075000 18
3076000 18
3077000 18
3078000 18
3079000 18
3080000 18
3081000 18
3082000 18
3083000 18
3084000 18
3085000 18
3086000 18
3087000 18
3088000 18
3089000 18
3090000 18
3091000 18
3092000 18
3093000 18
3094000 18
3095000 18
3096000 18
3097000 18
3098000 18
3099000 18
3100000 18
3101000 18
3102000 18
3103000 18
3104000 18
3105000 18
3106000 18
3107000 18
3108000 18
3109000 18
3110000 18
3111000 18
3112000 18
3113000 18
3114000 18
3115000 18
3116000 18
3117000 18
3118000 18
3119000 18
3120000 18
3121000 18
3122000 18
3123000 18
3124000 18
3125000 18
3126000 18
3127000 18
3128000 18
3129000 18
3130000 18
3131000 18
3132000 18
3133000 18
3134000 18
3135000 18
3136000 18
3137000 18
3138000 18
3139000 18
3140000 18
3141000 18
3142000 18
3143000 18
3144000 18
3145000 18
3146000 18
3147000 18
3148000 18
3149000 18
3150000 18
3151000 18
3152000 18
3153000 18
3154000 18
3155000 18
3156000 18
3157000 18
3158000 18
3159000 18
3160000 18
3161000 18
3162000 18
3163000 18
3164000 18
3165000 18
3166000 18
3167000 18
3168000 18
3169000 18
3170000 18
3171000 18
3172000 18
3173000 18
3174000 18
3175000 18
3176000 18
3177000 18
3178000 18
3179000 18
3180000 18
3181000 18
3182000 18
3183000 18
3184000 18
3185000 18
3186000 18
3187000 18
3188000 18
3189000 18
3190000 18
3191000 18
3192000 18
3193000 18
3194000 18
3195000 18
3196000 18
3197000 18
3198000 18
3199000 18
3200000 18
3201000 18
3202000 18
3203000 18
3204000 18
3205000 18
3206000 18
3207000 18
3208000 18
3209000 18
3210000 18
3211000 18
3212000 18
3213000 18
3214000 18
3215000 18
3216000 18
3217000 18
3218000 18
3219000 18
3220000 18
3221000 18
3222000 18
3223000 18
3224000 18
3225000 18
3226000 18
3227000 18
3228000 18
3229000 18
3230000 18
3231000 18
3232000 18
3233000 18
3234000 18
3235000 18
3236000 18
3237000 18
3238000 18
3239000 18
3240000 18
3241000 18
3242000 18
3243000 18
3244000 18
3245000 18
3246000 18
3247000 18
3248000 18
3249000 18
3250000 18
3251000 18
3252000 18
3253000 18
3254000 18
3255000 18
3256000 18
3257000 18
3258000 18
3259000 18
3260000 18
3261000 18
3262000 18
3263000 18
3264000 18
3265000 18
3266000 18
3267000 18
3268000 18
3269000 18
3270000 18
3271000 18
3272000 18
3273000 18
3274000 18
3275000 18
3276000 18
3277000 18
3278000 18
3279000 18
3280000 18
3281000 18
3282000 18
3283000 18
3284000 18
3285000 18
3286000 18
3287000 18
3288000 18
3289000 18
3290000 18
3291000 18
3292000 18
3293000 18
3294000 18
3295000 18
3296000 18
3297000 18
3298000 18
3299000 18
3300000 18
3301000 18
3302000 18
3303000 18
3304000 18
3305000 18
3306000 18
3307000 18
3308000 18
3309000 18
3310000 18
3311000 18
3312000 18
3313000 18
3314000 18
3315000 18
3316000 18
3317000 18
3318000 18
3319000 18
3320000 18
3321000 18
3322000 18
3323000 18
3324000 18
3325000 18
3326000 18
3327000 18
3328000 18
3329000 18
3330000 18
3331000 18
3332000 18
3333000 18
3334000 18
3335000 18
3336000 18
3337000 18
3338000 18
3339000 18
3340000 18
3341000 18
3342000 18
3343000 18
3344000 18
3345000 18
3346000 18
3347000 18
3348000 18
3349000 18
3350000 18
3351000 18
3352000 18
3353000 18
3354000 18
3355000 18
3356000 18
3357000 18
3358000 18
3359000 18
3360000 18
3361000 18
3362000 18
3363000 18
3364000 18
3365000 18
3366000 18
3367000 18
3368000 18
3369000 18
3370000 18
3371000 18
3372000 18
3373000 18
3374000 18
3375000 18
3376000 18
3377000 18
3378000 18
3379000 18
3380000 18
3381000 18
3382000 18
3383000 18
3384000 18
3385000 18
3386000 18
3387000 18
3388000 18
3389000 18
3390000 18
3391000 18
3392000 18
3393000 18
3394000 18
3395000 18
3396000 18
3397000 18
3398000 18
3399000 18
3400000 18
3401000 18
3402000 18
3403000 18
3404000 18
3405000 18
3406000 18
3407000 18
3408000 18
3409000 18
3410000 18
3411000 18
3412000 18
3413000 18
3414000 18
3415000 18
3416000 18
3417000 18
3418000 18
3419000 18
3420000 18
3421000 18
3422000 18
3423000 18
3424000 18
3425000 18
3426000 18
3427000 18
3428000 18
3429000 18
3430000 18
3431000 18
3432000 18
3433000 18
3434000 18
3435000 18
3436000 18
3437000 18
3438000 18
3439000 18
3440000 18
3441000 18
3442000 18
3443000 18
3444000 18
3445000 18
3446000 18
3447000 18
3448000 18
3449000 18
3450000 18
3451000 18
3452000 18
3453000 18
3454000 18
3455000 18
3456000 18
3457000 18
3458000 18
3459000 18
3460000 18
3461000 18
3462000 18
3463000 18
3464000 18
3465000 18
3466000 18
3467000 18
3468000 18
3469000 18
3470000 18
3471000 18
3472000 18
3473000 18
3474000 18
3475000 18
3476000 18
3477000 18
3478000 18
3479000 18
3480000 18
3481000 18
3482000 18
3483000 18
3484000 18
3485000 18
3486000 18
3487000 18
3488000 18
3489000 18
3490000 18
3491000 18
3492000 18
3493000 18
3494000 18
3495000 18
3496000 18
3497000 18
3498000 18
3499000 18
3500000 18
3501000 18
3502000 18
3503000 18
3504000 18
3505000 18
3506000 18
3507000 18
3508000 18
3509000 18
3510000 18
3511000 18
3512000 18
3513000 18
3514000 18
3515000 18
3516000 18
3517000 18
3518000 18
3519000 18
3520000 18
3521000 18
3522000 18
3523000 18
3524000 18
3525000 18
3526000 18
3527000 18
3528000 18
3529000 18
3530000 18
3531000 18
3532000 18
3533000 18
3534000 18
3535000 18
3536000 18
3537000 18
3538000 18
3539000 18
3540000 18
3541000 18
3542000 18
3543000 18
3544000 18
3545000 18
3546000 18
3547000 18
3548000 18
3549000 18
3550000 18
3551000 18
3552000 18
3553000 18
3554000 18
3555000 18
3556000 18
3557000 18
3558000 18
3559000 18
3560000 18
3561000 18
3562000 18
3563000 18
3564000 18
3565000 18
3566000 18
3567000 18
3568000 18
3569000 18
3570000 18
3571000 18
3572000 18
3573000 18
3574000 18
3575000 18
3576000 18
3577000 18
3578000 18
3579000 18
3580000 18
3581000 18
3582000 18
3583000 18
3584000 18
3585000 18
3586000 18
3587000 18
3588000 18
3589000 18
3590000 18
3591000 18
3592000 18
3593000 18
3594000 18
3595000 18
3596000 18
3597000 18
3598000 18
3599000 18
3600000 18
3601000 18
3602000 18
3603000 18
3604000 18
3605000 18
3606000 18
3607000 18
3608000 18
3609000 18
3610000 18
3611000 18
3612000 18
3613000 18
3614000 18
3615000 18
3616000 18
3617000 18
3618000 18
3619000 18
3620000 18
3621000 18
3622000 18
3623000 18
3624000 18
3625000 18
3626000 18
3627000 18
3628000 18
3629000 18
3630000 18
3631000 18
3632000 18
3633000 18
3634000 18
3635000 18
3636000 18
3637000 18
3638000 18
3639000 18
3640000 18
3641000 18
3642000 18
3643000 18
3644000 18
3645000 18
3646000 18
3647000 18
3648000 18
3649000 18
3650000 18
3651000 18
3652000 18
3653000 18
3654000 18
3655000 18
3656000 18
3657000 18
3658000 18
3659000 18
3660000 18
3661000 18
3662000 18
3663000 18
3664000 18
3665000 18
3666000 18
3667000 18
3668000 18
3669000 18
3670000 18
3671000 18
3672000 18
3673000 18
3674000 18
3675000 18
3676000 18
3677000 18
3678000 18
3679000 18
3680000 18
3681000 18
3682000 18
3683000 18
3684000 18
3685000 18
3686000 18
3687000 18
3688000 18
3689000 18
3690000 18
3691000 18
3692000 18
3693000 18
3694000 18
3695000 18
3696000 18
3697000 18
3698000 18
3699000 18
3700000 18
3701000 18
3702000 18
3703000 18
3704000 18
3705000 18
3706000 18
3707000 18
3708000 18
3709000 18
3710000 18
3711000 18
3712000 18
3713000 18
3714000 18
3715000 18
3716000 18
3717000 18
3718000 18
3719000 18
3720000 18
3721000 18
3722000 18
3723000 18
3724000 18
3725000 18
3726000 18
3727000 18
3728000 18
3729000 18
3730000 18
3731000 18
3732000 18
3733000 18
3734000 18
3735000 18
3736000 18
3737000 18
3738000 18
3739000 18
3740000 18
3741000 18
3742000 18
3743000 18
3744000 18
3745000 18
3746000 18
3747000 18
3748000 18
3749000 18
3750000 18
3751000 18
3752000 18
3753000 18
3754000 18
3755000 18
3756000 18
3757000 18
3758000 18
3759000 18
3760000 18
3761000 18
3762000 18
3763000 18
3764000 18
3765000 18
3766000 18
3767000 18
3768000 18
3769000 18
3770000 18
3771000 18
3772000 18
3773000 18
3774000 18
3775000 18
3776000 18
3777000 18
3778000 18
3779000 18
3780000 18
3781000 18
3782000 18
3783000 18
3784000 18
3785000 18
3786000 18
3787000 18
3788000 18
3789000 18
3790000 18
3791000 18
3792000 18
3793000 18
3794000 18
3795000 18
3796000 18
3797000 18
3798000 18
3799000 18
3800000 18
3801000 18
3802000 18
3803000 18
3804000 18
3805000 18
3806000 18
3807000 18
3808000 18
3809000 18
3810000 18
3811000 18
3812000 18
3813000 18
3814000 18
3815000 18
3816000 18
3817000 18
3818000 18
3819000 18
3820000 18
3821000 18
3822000 18
3823000 18
3824000 18
3825000 18
3826000 18
3827000 18
3828000 18
3829000 18
3830000 18
3831000 18
3832000 18
3833000 18
3834000 18
3835000 18
3836000 18
3837000 18
3838000 18
3839000 18
3840000 18
3841000 18
3842000 18
3843000 18
3844000 18
3845000 18
3846000 18
3847000 18
3848000 18
3849000 18
3850000 18
3851000 18
3852000 18
3853000 18
3854000 18
3855000 18
3856000 18
3857000 18
3858000 18
3859000 18
3860000 18
3861000 18
3862000 18
3863000 18
3864000 18
3865000 18
3866000 18
3867000 18
3868000 18
3869000 18
3870000 18
3871000 18
3872000 18
3873000 18
3874000 18
3875000 18
3876000 18
3877000 18
3878000 18
3879000 18
3880000 18
3881000 18
3882000 18
3883000 18
3884000 18
3885000 18
3886000 18
3887000 18
3888000 18
3889000 18
3890000 18
3891000 18
3892000 18
3893000 18
3894000 18
3895000 18
3896000 18
3897000 18
3898000 18
3899000 18
3900000 18
3901000 18
3902000 18
3903000 18
3904000 18
3905000 18
3906000 18
3907000 18
3908000 18
3909000 18
3910000 18
3911000 18
3912000 18
3913000 18
3914000 18
3915000 18
3916000 18
3917000 18
3918000 18
3919000 18
3920000 18
3921000 18
3922000 18
3923000 18
3924000 18
3925000 18
3926000 18
3927000 18
3928000 18
3929000 18
3930000 18
3931000 18
3932000 18
3933000 18
3934000 18
3935000 18
3936000 18
3937000 18
3938000 18
3939000 18
3940000 18
3941000 18
3942000 18
3943000 18
3944000 18
3945000 18
3946000 18
3947000 18
3948000 18
3949000 18
3950000 18
3951000 18
3952000 18
3953000 18
3954000 18
3955000 18
3956000 18
3957000 18
3958000 18
3959000 18
3960000 18
3961000 18
3962000 18
3963000 18
3964000 18
3965000 18
3966000 18
3967000 18
3968000 18
3969000 18
3970000 18
3971000 18
3972000 18
3973000 18
3974000 18
3975000 18
3976000 18
3977000 18
3978000 18
3979000 18
3980000 18
3981000 18
3982000 18
3983000 18
3984000 18
3985000 18
3986000 18
3987000 18
3988000 18
3989000 18
3990000 18
3991000 18
3992000 18
3993000 18
3994000 18
3995000 18
3996000 18
3997000 18
3998000 18
3999000 18
4000000 18
4001000 18
4002000 18
4003000 18
4004000 18
4005000 18
4006000 18
4007000 18
4008000 18
4009000 18
4010000 18
4011000 18
4012000 18
4013000 18
4014000 18
4015000 18
4016000 18
4017000 18
4018000 18
4019000 18
4020000 18
4021000 18
4022000 18
4023000 18
4024000 18
4025000 18
4026000 18
4027000 18
4028000 18
4029000 18
4030000 18
4031000 18
4032000 18
4033000 18
4034000 18
4035000 18
4036000 18
4037000 18
4038000 18
4039000 18
4040000 18
4041000 18
4042000 18
4043000 18
4044000 18
4045000 18
4046000 18
4047000 18
4048000 18
4049000 18
4050000 18
4051000 18
4052000 18
4053000 18
4054000 18
4055000 18
4056000 18
4057000 18
4058000 18
4059000 18
4060000 18
4061000 18
4062000 18
4063000 18
4064000 18
4065000 18
4066000 18
4067000 18
4068000 18
4069000 18
4070000 18
4071000 18
4072000 18
4073000 18
4074000 18
4075000 18
4076000 18
4077000 18
4078000 18
4079000 18
4080000 18
4081000 18
4082000 18
4083000 18
4084000 18
4085000 18
4086000 18
4087000 18
4088000 18
4089000 18
4090000 18
4091000 18
4092000 18
4093000 18
4094000 18
4095000 18
4096000 18
4097000 18
4098000 18
4099000 18
4100000 18
4101000 18
4102000 18
4103000 18
4104000 18
4105000 18
4106000 18
4107000 18
4108000 18
4109000 18
4110000 18
4111000 18
4112000 18
4113000 18
4114000 18
4115000 18
4116000 18
4117000 18
4118000 18
4119000 18
4120000 18
4121000 18
4122000 18
4123000 18
4124000 18
4125000 18
4126000 18
4127000 18
4128000 18
4129000 18
4130000 18
4131000 18
4132000 18
4133000 18
4134000 18
4135000 18
4136000 18
4137000 18
4138000 18
4139000 18
4140000 18
4141000 18
4142000 18
4143000 18
4144000 18
4145000 18
4146000 18
4147000 18
4148000 18
4149000 18
4150000 18
4151000 18
4152000 18
4153000 18
4154000 18
4155000 18
4156000 18
4157000 18
4158000 18
4159000 18
4160000 18
4161000 18
4162000 18
4163000 18
4164000 18
4165000 18
4166000 18
4167000 18
4168000 18
4169000 18
4170000 18
4171000 18
4172000 18
4173000 18
4174000 18
4175000 18
4176000 18
4177000 18
4178000 18
4179000 18
4180000 18
4181000 18
4182000 18
4183000 18
4184000 18
4185000 18
4186000 18
4187000 18
4188000 18
4189000 18
4190000 18
4191000 18
4192000 18
4193000 18
4194000 18
4195000 18
4196000 18
4197000 18
4198000 18
4199000 18
4200000 18
4201000 18
4202000 18
4203000 18
4204000 18
4205000 18
4206000 18
4207000 18
4208000 18
4209000 18
4210000 18
4211000 18
4212000 18
4213000 18
4214000 18
4215000 18
4216000 18
4217000 18
4218000 18
4219000 18
4220000 18
4221000 18
4222000 18
4223000 18
4224000 18
4225000 18
4226000 18
4227000 18
4228000 18
4229000 18
4230000 18
4231000 18
4232000 18
4233000 18
4234000 18
4235000 18
4236000 18
4237000 18
4238000 18
4239000 18
4240000 18
4241000 18
4242000 18
4243000 18
4244000 18
4245000 18
4246000 18
4247000 18
4248000 18
4249000 18
4250000 18
4251000 18
4252000 18
4253000 18
4254000 18
4255000 18
4256000 18
4257000 18
4258000 18
4259000 18
4260000 18
4261000 18
4262000 18
4263000 18
4264000 18
4265000 18
4266000 18
4267000 18
4268000 18
4269000 18
4270000 18
4271000 18
4272000 18
4273000 18
4274000 18
4275000 18
4276000 18
4277000 18
4278000 18
4279000 18
4280000 18
4281000 18
4282000 18
4283000 18
4284000 18
4285000 18
4286000 18
4287000 18
4288000 18
4289000 18
4290000 18
4291000 18
4292000 18
4293000 18
4294000 18
4295000 18
4296000 18
4297000 18
4298000 18
4299000 18
4300000 18
4301000 18
4302000 18
4303000 18
4304000 18
4305000 18
4306000 18
4307000 18
4308000 18
4309000 18
4310000 18
4311000 18
4312000 18
4313000 18
4314000 18
4315000 18
4316000 18
4317000 18
4318000 18
4319000 18
4320000 18
4321000 18
4322000 18
4323000 18
4324000 18
4325000 18
4326000 18
4327000 18
4328000 18
4329000 18
4330000 18
4331000 18
4332000 18
4333000 18
4334000 18
4335000 18
4336000 18
4337000 18
4338000 18
4339000 18
4340000 18
4341000 18
4342000 18
4343000 18
4344000 18
4345000 18
4346000 18
4347000 18
4348000 18
4349000 18
4350000 18
4351000 18
4352000 18
4353000 18
4354000 18
4355000 18
4356000 18
4357000 18
4358000 18
4359000 18
4360000 18
4361000 18
4362000 18
4363000 18
4364000 18
4365000 18
4366000 18
4367000 18
4368000 18
4369000 18
4370000 18
4371000 18
4372000 18
4373000 18
4374000 18
4375000 18
4376000 18
4377000 18
4378000 18
4379000 18
4380000 18
4381000 18
4382000 18
4383000 18
4384000 18
4385000 18
4386000 18
4387000 18
4388000 18
4389000 18
4390000 18
4391000 18
4392000 18
4393000 18
4394000 18
4395000 18
4396000 18
4397000 18
4398000 18
4399000 18
4400000 18
4401000 18
4402000 18
4403000 18
4404000 18
4405000 18
4406000 18
4407000 18
4408000 18
4409000 18
4410000 18
4411000 18
4412000 18
4413000 18
4414000 18
4415000 18
4416000 18
4417000 18
4418000 18
4419000 18
4420000 18
4421000 18
4422000 18
4423000 18
4424000 18
4425000 18
4426000 18
4427000 18
4428000 18
4429000 18
4430000 18
4431000 18
4432000 18
4433000 18
4434000 18
4435000 18
4436000 18
4437000 18
4438000 18
4439000 18
4440000 18
4441000 18
4442000 18
4443000 18
4444000 18
4445000 18
4446000 18
4447000 18
4448000 18
4449000 18
4450000 18
4451000 18
4452000 18
4453000 18
4454000 18
4455000 18
4456000 18
4457000 18
4458000 18
4459000 18
4460000 18
4461000 18
4462000 18
4463000 18
4464000 18
4465000 18
4466000 18
4467000 18
4468000 18
4469000 18
4470000 18
4471000 18
4472000 18
4473000 18
4474000 18
4475000 18
4476000 18
4477000 18
4478000 18
4479000 18
4480000 18
4481000 18
4482000 18
4483000 18
4484000 18
4485000 18
4486000 18
4487000 18
4488000 18
4489000 18
4490000 18
4491000 18
4492000 18
4493000 18
4494000 18
4495000 18
4496000 18
4497000 18
4498000 18
4499000 18
4500000 18
4501000 18
4502000 18
4503000 18
4504000 18
4505000 18
4506000 18
4507000 18
4508000 18
4509000 18
4510000 18
4511000 18
4512000 18
4513000 18
4514000 18
4515000 18
4516000 18
4517000 18
4518000 18
4519000 18
4520000 18
4521000 18
4522000 18
4523000 18
4524000 18
4525000 18
4526000 18
4527000 18
4528000 18
4529000 18
4530000 18
4531000 18
4532000 18
4533000 18
4534000 18
4535000 18
4536000 18
4537000 18
4538000 18
4539000 18
4540000 18
4541000 18
4542000 18
4543000 18
4544000 18
4545000 18
4546000 18
4547000 18
4548000 18
4549000 18
4550000 18
4551000 18
4552000 18
4553000 18
4554000 18
4555000 18
4556000 18
4557000 18
4558000 18
4559000 18
4560000 18
4561000 18
4562000 18
4563000 18
4564000 18
4565000 18
4566000 18
4567000 18
4568000 18
4569000 18
4570000 18
4571000 18
4572000 18
4573000 18
4574000 18
4575000 18
4576000 18
4577000 18
4578000 18
4579000 18
4580000 18
4581000 18
4582000 18
4583000 18
4584000 18
4585000 18
4586000 18
4587000 18
4588000 18
4589000 18
4590000 18
4591000 18
4592000 18
4593000 18
4594000 18
4595000 18
4596000 18
4597000 18
4598000 18
4599000 18
4600000 18
4601000 18
4602000 18
4603000 18
4604000 18
4605000 18
4606000 18
4607000 18
4608000 18
4609000 18
4610000 18
4611000 18
4612000 18
4613000 18
4614000 18
4615000 18
4616000 18
4617000 18
4618000 18
4619000 18
4620000 18
4621000 18
4622000 18
4623000 18
4624000 18
4625000 18
4626000 18
4627000 18
4628000 18
4629000 18
4630000 18
4631000 18
4632000 18
4633000 18
4634000 18
4635000 18
4636000 18
4637000 18
4638000 18
4639000 18
4640000 18
4641000 18
4642000 18
4643000 18
4644000 18
4645000 18
4646000 18
4647000 18
4648000 18
4649000 18
4650000 18
4651000 18
4652000 18
4653000 18
4654000 18
4655000 18
4656000 18
4657000 18
4658000 18
4659000 18
4660000 18
4661000 18
4662000 18
4663000 18
4664000 18
4665000 18
4666000 18
4667000 18
4668000 18
4669000 18
4670000 18
4671000 18
4672000 18
4673000 18
4674000 18
4675000 18
4676000 18
4677000 18
4678000 18
4679000 18
4680000 18
4681000 18
4682000 18
4683000 18
4684000 18
4685000 18
4686000 18
4687000 18
4688000 18
4689000 18
4690000 18
4691000 18
4692000 18
4693000 18
4694000 18
4695000 18
4696000 18
4697000 18
4698000 18
4699000 18
4700000 18
4701000 18
4702000 18
4703000 18
4704000 18
4705000 18
4706000 18
4707000 18
4708000 18
4709000 18
4710000 18
4711000 18
4712000 18
4713000 18
4714000 18
4715000 18
4716000 18
4717000 18
4718000 18
4719000 18
4720000 18
4721000 18
4722000 18
4723000 18
4724000 18
4725000 18
4726000 18
4727000 18
4728000 18
4729000 18
4730000 18
4731000 18
4732000 18
4733000 18
4734000 18
4735000 18
4736000 18
4737000 18
4738000 18
4739000 18
4740000 18
4741000 18
4742000 18
4743000 18
4744000 18
4745000 18
4746000 18
4747000 18
4748000 18
4749000 18
4750000 18
4751000 18
4752000 18
4753000 18
4754000 18
4755000 18
4756000 18
4757000 18
4758000 18
4759000 18
4760000 18
4761000 18
4762000 18
4763000 18
4764000 18
4765000 18
4766000 18
4767000 18
4768000 18
4769000 18
4770000 18
4771000 18
4772000 18
4773000 18
4774000 18
4775000 18
4776000 18
4777000 18
4778000 18
4779000 18
4780000 18
4781000 18
4782000 18
4783000 18
4784000 18
4785000 18
4786000 18
4787000 18
4788000 18
4789000 18
4790000 18
4791000 18
4792000 18
4793000 18
4794000 18
4795000 18
4796000 18
4797000 18
4798000 18
4799000 18
4800000 18
4801000 18
4802000 18
4803000 18
4804000 18
4805000 18
4806000 18
4807000 18
4808000 18
4809000 18
4810000 18
4811000 18
4812000 18
4813000 18
4814000 18
4815000 18
4816000 18
4817000 18
4818000 18
4819000 18
4820000 18
4821000 18
4822000 18
4823000 18
4824000 18
4825000 18
4826000 18
4827000 18
4828000 18
4829000 18
4830000 18
4831000 18
4832000 18
4833000 18
4834000 18
4835000 18
4836000 18
4837000 18
4838000 18
4839000 18
4840000 18
4841000 18
4842000 18
4843000 18
4844000 18
4845000 18
4846000 18
4847000 18
4848000 18
4849000 18
4850000 18
4851000 18
4852000 18
4853000 18
4854000 18
4855000 18
4856000 18
4857000 18
4858000 18
4859000 18
4860000 18
4861000 18
4862000 18
4863000 18
4864000 18
4865000 18
4866000 18
4867000 18
4868000 18
4869000 18
4870000 18
4871000 18
4872000 18
4873000 18
4874000 18
4875000 18
4876000 18
4877000 18
4878000 18
4879000 18
4880000 18
4881000 18
4882000 18
4883000 18
4884000 18
4885000 18
4886000 18
4887000 18
4888000 18
4889000 18
4890000 18
4891000 18
4892000 18
4893000 18
4894000 18
4895000 18
4896000 18
4897000 18
4898000 18
4899000 18
4900000 18
4901000 18
4902000 18
4903000 18
4904000 18
4905000 18
4906000 18
4907000 18
4908000 18
4909000 18
4910000 18
4911000 18
4912000 18
4913000 18
4914000 18
4915000 18
4916000 18
4917000 18
4918000 18
4919000 18
4920000 18
4921000 18
4922000 18
4923000 18
4924000 18
4925000 18
4926000 18
4927000 18
4928000 18
4929000 18
4930000 18
4931000 18
4932000 18
4933000 18
4934000 18
4935000 18
4936000 18
4937000 18
4938000 18
4939000 18
4940000 18
4941000 18
4942000 18
4943000 18
4944000 18
4945000 18
4946000 18
4947000 18
4948000 18
4949000 18
4950000 18
4951000 18
4952000 18
4953000 18
4954000 18
4955000 18
4956000 18
4957000 18
4958000 18
4959000 18
4960000 18
4961000 18
4962000 18
4963000 18
4964000 18
4965000 18
4966000 18
4967000 18
4968000 18
4969000 18
4970000 18
4971000 18
4972000 18
4973000 18
4974000 18
4975000 18
4976000 18
4977000 18
4978000 18
4979000 18
4980000 18
4981000 18
4982000 18
4983000 18
4984000 18
4985000 18
4986000 18
4987000 18
4988000 18
4989000 18
4990000 18
4991000 18
4992000 18
4993000 18
4994000 18
4995000 18
4996000 18
4997000 18
4998000 18
4999000 18
5000000 18
5001000 18
5002000 18
5003000 18
5004000 18
5005000 18
5006000 18
5007000 18
5008000 18
5009000 18
5010000 18
5011000 18
5012000 18
5013000 18
5014000 18
5015000 18
5016000 18
5017000 18
5018000 18
5019000 18
5020000 18
5021000 18
5022000 18
5023000 18
5024000 18
5025000 18
5026000 18
5027000 18
5028000 18
5029000 18
5030000 18
5031000 18
5032000 18
5033000 18
5034000 18
5035000 18
5036000 18
5037000 18
5038000 18
5039000 18
5040000 18
5041000 18
5042000 18
5043000 18
5044000 18
5045000 18
5046000 18
5047000 18
5048000 18
5049000 18
5050000 18
5051000 18
5052000 18
5053000 18
5054000 18
5055000 18
5056000 18
5057000 18
5058000 18
5059000 18
5060000 18
5061000 18
5062000 18
5063000 18
5064000 18
5065000 18
5066000 18
5067000 18
5068000 18
5069000 18
5070000 18
5071000 18
5072000 18
5073000 18
5074000 18
5075000 18
5076000 18
5077000 18
5078000 18
5079000 18
5080000 18
5081000 18
5082000 18
5083000 18
5084000 18
5085000 18
5086000 18
5087000 18
5088000 18
5089000 18
5090000 18
5091000 18
5092000 18
5093000 18
5094000 18
5095000 18
5096000 18
5097000 18
5098000 18
5099000 18
5100000 18
5101000 18
5102000 18
5103000 18
5104000 18
5105000 18
5106000 18
5107000 18
5108000 18
5109000 18
5110000 18
5111000 18
5112000 18
5113000 18
5114000 18
5115000 18
5116000 18
5117000 18
5118000 18
5119000 18
5120000 18
5121000 18
5122000 18
5123000 18
5124000 18
5125000 18
5126000 18
5127000 18
5128000 18
5129000 18
5130000 18
5131000 18
5132000 18
5133000 18
5134000 18
5135000 18
5136000 18
5137000 18
5138000 18
5139000 18
5140000 18
5141000 18
5142000 18
5143000 18
5144000 18
5145000 18
5146000 18
5147000 18
5148000 18
5149000 18
5150000 18
5151000 18
5152000 18
5153000 18
5154000 18
5155000 18
5156000 18
5157000 18
5158000 18
5159000 18
5160000 18
5161000 18
5162000 18
5163000 18
5164000 18
5165000 18
5166000 18
5167000 18
5168000 18
5169000 18
5170000 18
5171000 18
5172000 18
5173000 18
5174000 18
5175000 18
5176000 18
5177000 18
5178000 18
5179000 18
5180000 18
5181000 18
5182000 18
5183000 18
5184000 18
5185000 18
5186000 18
5187000 18
5188000 18
5189000 18
5190000 18
5191000 18
5192000 18
5193000 18
5194000 18
5195000 18
5196000 18
5197000 18
5198000 18
5199000 18
5200000 18
5201000 18
5202000 18
5203000 18
5204000 18
5205000 18
5206000 18
5207000 18
5208000 18
5209000 18
5210000 18
5211000 18
5212000 18
5213000 18
5214000 18
5215000 18
5216000 18
5217000 18
5218000 18
5219000 18
5220000 18
5221000 18
5222000 18
5223000 18
5224000 18
5225000 18
5226000 18
5227000 18
5228000 18
5229000 18
5230000 18
5231000 18
5232000 18
5233000 18
5234000 18
5235000 18
5236000 18
5237000 18
5238000 18
5239000 18
5240000 18
5241000 18
5242000 18
5243000 18
5244000 18
5245000 18
5246000 18
5247000 18
5248000 18
5249000 18
5250000 18
5251000 18
5252000 18
5253000 18
5254000 18
5255000 18
5256000 18
5257000 18
5258000 18
5259000 18
5260000 18
5261000 18
5262000 18
5263000 18
5264000 18
5265000 18
5266000 18
5267000 18
5268000 18
5269000 18
5270000 18
5271000 18
5272000 18
5273000 18
5274000 18
5275000 18
5276000 18
5277000 18
5278000 18
5279000 18
5280000 18
5281000 18
5282000 18
5283000 18
5284000 18
5285000 18
5286000 18
5287000 18
5288000 18
5289000 18
5290000 18
5291000 18
5292000 18
5293000 18
5294000 18
5295000 18
5296000 18
5297000 18
5298000 18
5299000 18
5300000 18
5301000 18
5302000 18
5303000 18
5304000 18
5305000 18
5306000 18
5307000 18
5308000 18
5309000 18
5310000 18
5311000 18
5312000 18
5313000 18
5314000 18
5315000 18
5316000 18
5317000 18
5318000 18
5319000 18
5320000 18
5321000 18
5322000 18
5323000 18
5324000 18
5325000 18
5326000 18
5327000 18
5328000 18
5329000 18
5330000 18
5331000 18
5332000 18
5333000 18
5334000 18
5335000 18
5336000 18
5337000 18
5338000 18
5339000 18
5340000 18
5341000 18
5342000 18
5343000 18
5344000 18
5345000 18
5346000 18
5347000 18
5348000 18
5349000 18
5350000 18
5351000 18
5352000 18
5353000 18
5354000 18
5355000 18
5356000 18
5357000 18
5358000 18
5359000 18
5360000 18
5361000 18
5362000 18
5363000 18
5364000 18
5365000 18
5366000 18
5367000 18
5368000 18
5369000 18
5370000 18
5371000 18
5372000 18
5373000 18
5374000 18
5375000 18
5376000 18
5377000 18
5378000 18
5379000 18
5380000 18
5381000 18
5382000 18
5383000 18
5384000 18
5385000 18
5386000 18
5387000 18
5388000 18
5389000 18
5390000 18
5391000 18
5392000 18
5393000 18
5394000 18
5395000 18
5396000 18
5397000 18
5398000 18
5399000 18
5400000 18
5401000 18
5402000 18
5403000 18
5404000 18
5405000 18
5406000 18
5407000 18
5408000 18
5409000 18
5410000 18
5411000 18
5412000 18
5413000 18
5414000 18
5415000 18
5416000 18
5417000 18
5418000 18
5419000 18
5420000 18
5421000 18
5422000 18
5423000 18
5424000 18
5425000 18
5426000 18
5427000 18
5428000 18
5429000 18
5430000 18
5431000 18
5432000 18
5433000 18
5434000 18
5435000 18
5436000 18
5437000 18
5438000 18
5439000 18
5440000 18
5441000 18
5442000 18
5443000 18
5444000 18
5445000 18
5446000 18
5447000 18
5448000 18
5449000 18
5450000 18
5451000 18
5452000 18
5453000 18
5454000 18
5455000 18
5456000 18
5457000 18
5458000 18
5459000 18
5460000 18
5461000 18
5462000 18
5463000 18
5464000 18
5465000 18
5466000 18
5467000 18
5468000 18
5469000 18
5470000 18
5471000 18
5472000 18
5473000 18
5474000 18
5475000 18
5476000 18
5477000 18
5478000 18
5479000 18
5480000 18
5481000 18
5482000 18
5483000 18
5484000 18
5485000 18
5486000 18
5487000 18
5488000 18
5489000 18
5490000 18
5491000 18
5492000 18
5493000 18
5494000 18
5495000 18
5496000 18
5497000 18
5498000 18
5499000 18
5500000 18
5501000 18
5502000 18
5503000 18
5504000 18
5505000 18
5506000 18
5507000 18
5508000 18
5509000 18
5510000 18
5511000 18
5512000 18
5513000 18
5514000 18
5515000 18
5516000 18
5517000 18
5518000 18
5519000 18
5520000 18
5521000 18
5522000 18
5523000 18
5524000 18
5525000 18
5526000 18
5527000 18
5528000 18
5529000 18
5530000 18
5531000 18
5532000 18
5533000 18
5534000 18
5535000 18
5536000 18
5537000 18
5538000 18
5539000 18
5540000 18
5541000 18
5542000 18
5543000 18
5544000 18
5545000 18
5546000 18
5547000 18
5548000 18
5549000 18
5550000 18
5551000 18
5552000 18
5553000 18
5554000 18
5555000 18
5556000 18
5557000 18
5558000 18
5559000 18
5560000 18
5561000 18
5562000 18
5563000 18
5564000 18
5565000 18
5566000 18
5567000 18
5568000 18
5569000 18
5570000 18
5571000 18
5572000 18
5573000 18
5574000 18
5575000 18
5576000 18
5577000 18
5578000 18
5579000 18
5580000 18
5581000 18
5582000 18
5583000 18
5584000 18
5585000 18
5586000 18
5587000 18
5588000 18
5589000 18
5590000 18
5591000 18
5592000 18
5593000 18
5594000 18
5595000 18
5596000 18
5597000 18
5598000 18
5599000 18
5600000 18
5601000 18
5602000 18
5603000 18
5604000 18
5605000 18
5606000 18
5607000 18
5608000 18
5609000 18
5610000 18
5611000 18
5612000 18
5613000 18
5614000 18
5615000 18
5616000 18
5617000 18
5618000 18
5619000 18
5620000 18
5621000 18
5622000 18
5623000 18
5624000 18
5625000 18
5626000 18
5627000 18
5628000 18
5629000 18
5630000 18
5631000 18
5632000 18
5633000 18
5634000 18
5635000 18
5636000 18
5637000 18
5638000 18
5639000 18
5640000 18
5641000 18
5642000 18
5643000 18
5644000 18
5645000 18
5646000 18
5647000 18
5648000 18
5649000 18
5650000 18
5651000 18
5652000 18
5653000 18
5654000 18
5655000 18
5656000 18
5657000 18
5658000 18
5659000 18
5660000 18
5661000 18
5662000 18
5663000 18
5664000 18
5665000 18
5666000 18
5667000 18
5668000 18
5669000 18
5670000 18
5671000 18
5672000 18
5673000 18
5674000 18
5675000 18
5676000 18
5677000 18
5678000 18
5679000 18
5680000 18
5681000 18
5682000 18
5683000 18
5684000 18
5685000 18
5686000 18
5687000 18
5688000 18
5689000 18
5690000 18
5691000 18
5692000 18
5693000 18
5694000 18
5695000 18
5696000 18
5697000 18
5698000 18
5699000 18
5700000 18
5701000 18
5702000 18
5703000 18
5704000 18
5705000 18
5706000 18
5707000 18
5708000 18
5709000 18
5710000 18
5711000 18
5712000 18
5713000 18
5714000 18
5715000 18
5716000 18
5717000 18
5718000 18
5719000 18
5720000 18
5721000 18
5722000 18
5723000 18
5724000 18
5725000 18
5726000 18
5727000 18
5728000 18
5729000 18
5730000 18
5731000 18
5732000 18
5733000 18
5734000 18
5735000 18
5736000 18
5737000 18
5738000 18
5739000 18
5740000 18
5741000 18
5742000 18
5743000 18
5744000 18
5745000 18
5746000 18
5747000 18
5748000 18
5749000 18
5750000 18
5751000 18
5752000 18
5753000 18
5754000 18
5755000 18
5756000 18
5757000 18
5758000 18
5759000 18
5760000 18
5761000 18
5762000 18
5763000 18
5764000 18
5765000 18
5766000 18
5767000 18
5768000 18
5769000 18
5770000 18
5771000 18
5772000 18
5773000 18
5774000 18
5775000 18
5776000 18
5777000 18
5778000 18
5779000 18
5780000 18
5781000 18
5782000 18
5783000 18
5784000 18
5785000 18
5786000 18
5787000 18
5788000 18
5789000 18
5790000 18
5791000 18
5792000 18
5793000 18
5794000 18
5795000 18
5796000 18
5797000 18
5798000 18
5799000 18
5800000 18
5801000 18
5802000 18
5803000 18
5804000 18
5805000 18
5806000 18
5807000 18
5808000 18
5809000 18
5810000 18
5811000 18
5812000 18
5813000 18
5814000 18
5815000 18
5816000 18
5817000 18
5818000 18
5819000 18
5820000 18
5821000 18
5822000 18
5823000 18
5824000 18
5825000 18
5826000 18
5827000 18
5828000 18
5829000 18
5830000 18
5831000 18
5832000 18
5833000 18
5834000 18
5835000 18
5836000 18
5837000 18
5838000 18
5839000 18
5840000 18
5841000 18
5842000 18
5843000 18
5844000 18
5845000 18
5846000 18
5847000 18
5848000 18
5849000 18
5850000 18
5851000 18
5852000 18
5853000 18
5854000 18
5855000 18
5856000 18
5857000 18
5858000 18
5859000 18
5860000 18
5861000 18
5862000 18
5863000 18
5864000 18
5865000 18
5866000 18
5867000 18
5868000 18
5869000 18
5870000 18
5871000 18
5872000 18
5873000 18
5874000 18
5875000 18
5876000 18
5877000 18
5878000 18
5879000 18
5880000 18
5881000 18
5882000 18
5883000 18
5884000 18
5885000 18
5886000 18
5887000 18
5888000 18
5889000 18
5890000 18
5891000 18
5892000 18
5893000 18
5894000 18
5895000 18
5896000 18
5897000 18
5898000 18
5899000 18
5900000 18
5901000 18
5902000 18
5903000 18
5904000 18
5905000 18
5906000 18
5907000 18
5908000 18
5909000 18
5910000 18
5911000 18
5912000 18
5913000 18
5914000 18
5915000 18
5916000 18
5917000 18
5918000 18
5919000 18
5920000 18
5921000 18
5922000 18
5923000 18
5924000 18
5925000 18
5926000 18
5927000 18
5928000 18
5929000 18
5930000 18
5931000 18
5932000 18
5933000 18
5934000 18
5935000 18
5936000 18
5937000 18
5938000 18
5939000 18
5940000 18
5941000 18
5942000 18
5943000 18
5944000 18
5945000 18
5946000 18
5947000 18
5948000 18
5949000 18
5950000 18
5951000 18
5952000 18
5953000 18
5954000 18
5955000 18
5956000 18
5957000 18
5958000 18
5959000 18
5960000 18
5961000 18
5962000 18
5963000 18
5964000 18
5965000 18
5966000 18
5967000 18
5968000 18
5969000 18
5970000 18
5971000 18
5972000 18
5973000 18
5974000 18
5975000 18
5976000 18
5977000 18
5978000 18
5979000 18
5980000 18
5981000 18
5982000 18
5983000 18
5984000 18
5985000 18
5986000 18
5987000 18
5988000 18
5989000 18
5990000 18
5991000 18
5992000 18
5993000 18
5994000 18
5995000 18
5996000 18
5997000 18
5998000 18
5999000 18
6000000 18
6001000 18
6002000 18
6003000 18
6004000 18
6005000 18
6006000 18
6007000 18
6008000 18
6009000 18
6010000 18
6011000 18
6012000 18
6013000 18
6014000 18
6015000 18
6016000 18
6017000 18
6018000 18
6019000 18
6020000 18
6021000 18
6022000 18
6023000 18
6024000 18
6025000 18
6026000 18
6027000 18
6028000 18
6029000 18
6030000 18
6031000 18
6032000 18
6033000 18
6034000 18
6035000 18
6036000 18
6037000 18
6038000 18
6039000 18
6040000 18
6041000 18
6042000 18
6043000 18
6044000 18
6045000 18
6046000 18
6047000 18
6048000 18
6049000 18
6050000 18
6051000 18
6052000 18
6053000 18
6054000 18
6055000 18
6056000 18
6057000 18
6058000 18
6059000 18
6060000 18
6061000 18
6062000 18
6063000 18
6064000 18
6065000 18
6066000 18
6067000 18
6068000 18
6069000 18
6070000 18
6071000 18
6072000 18
6073000 18
6074000 18
6075000 18
6076000 18
6077000 18
6078000 18
6079000 18
6080000 18
6081000 18
6082000 18
6083000 18
6084000 18
6085000 18
6086000 18
6087000 18
6088000 18
6089000 18
6090000 18
6091000 18
6092000 18
6093000 18
6094000 18
6095000 18
6096000 18
6097000 18
6098000 18
6099000 18
6100000 18
6101000 18
6102000 18
6103000 18
6104000 18
6105000 18
6106000 18
6107000 18
6108000 18
6109000 18
6110000 18
6111000 18
6112000 18
6113000 18
6114000 18
6115000 18
6116000 18
6117000 18
6118000 18
6119000 18
6120000 18
6121000 18
6122000 18
6123000 18
6124000 18
6125000 18
6126000 18
6127000 18
6128000 18
6129000 18
6130000 18
6131000 18
6132000 18
6133000 18
6134000 18
6135000 18
6136000 18
6137000 18
6138000 18
6139000 18
6140000 18
6141000 18
6142000 18
6143000 18
6144000 18
6145000 18
6146000 18
6147000 18
6148000 18
6149000 18
6150000 18
6151000 18
6152000 18
6153000 18
6154000 18
6155000 18
6156000 18
6157000 18
6158000 18
6159000 18
6160000 18
6161000 18
6162000 18
6163000 18
6164000 18
6165000 18
6166000 18
6167000 18
6168000 18
6169000 18
6170000 18
6171000 18
6172000 18
6173000 18
6174000 18
6175000 18
6176000 18
6177000 18
6178000 18
6179000 18
6180000 18
6181000 18
6182000 18
6183000 18
6184000 18
6185000 18
6186000 18
6187000 18
6188000 18
6189000 18
6190000 18
6191000 18
6192000 18
6193000 18
6194000 18
6195000 18
6196000 18
6197000 18
6198000 18
6199000 18
6200000 18
6201000 18
6202000 18
6203000 18
6204000 18
6205000 18
6206000 18
6207000 18
6208000 18
6209000 18
6210000 18
6211000 18
6212000 18
6213000 18
6214000 18
6215000 18
6216000 18
6217000 18
6218000 18
6219000 18
6220000 18
6221000 18
6222000 18
6223000 18
6224000 18
6225000 18
6226000 18
6227000 18
6228000 18
6229000 18
6230000 18
6231000 18
6232000 18
6233000 18
6234000 18
6235000 18
6236000 18
6237000 18
6238000 18
6239000 18
6240000 18
6241000 18
6242000 18
6243000 18
6244000 18
6245000 18
6246000 18
6247000 18
6248000 18
6249000 18
6250000 18
6251000 18
6252000 18
6253000 18
6254000 18
6255000 18
6256000 18
6257000 18
6258000 18
6259000 18
6260000 18
6261000 18
6262000 18
6263000 18
6264000 18
6265000 18
6266000 18
6267000 18
6268000 18
6269000 18
6270000 18
6271000 18
6272000 18
6273000 18
6274000 18
6275000 18
6276000 18
6277000 18
6278000 18
6279000 18
6280000 18
6281000 18
6282000 18
6283000 18
6284000 18
6285000 18
6286000 18
6287000 18
6288000 18
6289000 18
6290000 18
6291000 18
6292000 18
6293000 18
6294000 18
6295000 18
6296000 18
6297000 18
6298000 18
6299000 18
6300000 18
6301000 18
6302000 18
6303000 18
6304000 18
6305000 18
6306000 18
6307000 18
6308000 18
6309000 18
6310000 18
6311000 18
6312000 18
6313000 18
6314000 18
6315000 18
6316000 18
6317000 18
6318000 18
6319000 18
6320000 18
6321000 18
6322000 18
6323000 18
6324000 18
6325000 18
6326000 18
6327000 18
6328000 18
6329000 18
6330000 18
6331000 18
6332000 18
6333000 18
6334000 18
6335000 18
6336000 18
6337000 18
6338000 18
6339000 18
6340000 18
6341000 18
6342000 18
6343000 18
6344000 18
6345000 18
6346000 18
6347000 18
6348000 18
6349000 18
6350000 18
6351000 18
6352000 18
6353000 18
6354000 18
6355000 18
6356000 18
6357000 18
6358000 18
6359000 18
6360000 18
6361000 18
6362000 18
6363000 18
6364000 18
6365000 18
6366000 18
6367000 18
6368000 18
6369000 18
6370000 18
6371000 18
6372000 18
6373000 18
6374000 18
6375000 18
6376000 18
6377000 18
6378000 18
6379000 18
6380000 18
6381000 18
6382000 18
6383000 18
6384000 18
6385000 18
6386000 18
6387000 18
6388000 18
6389000 18
6390000 18
6391000 18
6392000 18
6393000 18
6394000 18
6395000 18
6396000 18
6397000 18
6398000 18
6399000 18
6400000 18
6401000 18
6402000 18
6403000 18
6404000 18
6405000 18
6406000 18
6407000 18
6408000 18
6409000 18
6410000 18
6411000 18
6412000 18
6413000 18
6414000 18
6415000 18
6416000 18
6417000 18
6418000 18
6419000 18
6420000 18
6421000 18
6422000 18
6423000 18
6424000 18
6425000 18
6426000 18
6427000 18
6428000 18
6429000 18
6430000 18
6431000 18
6432000 18
6433000 18
6434000 18
6435000 18
6436000 18
6437000 18
6438000 18
6439000 18
6440000 18
6441000 18
6442000 18
6443000 18
6444000 18
6445000 18
6446000 18
6447000 18
6448000 18
6449000 18
6450000 18
6451000 18
6452000 18
6453000 18
6454000 18
6455000 18
6456000 18
6457000 18
6458000 18
6459000 18
6460000 18
6461000 18
6462000 18
6463000 18
6464000 18
6465000 18
6466000 18
6467000 18
6468000 18
6469000 18
6470000 18
6471000 18
6472000 18
6473000 18
6474000 18
6475000 18
6476000 18
6477000 18
6478000 18
6479000 18
6480000 18
6481000 18
6482000 18
6483000 18
6484000 18
6485000 18
6486000 18
6487000 18
6488000 18
6489000 18
6490000 18
6491000 18
6492000 18
6493000 18
6494000 18
6495000 18
6496000 18
6497000 18
6498000 18
6499000 18
6500000 18
6501000 18
6502000 18
6503000 18
6504000 18
6505000 18
6506000 18
6507000 18
6508000 18
6509000 18
6510000 18
6511000 18
6512000 18
6513000 18
6514000 18
6515000 18
6516000 18
6517000 18
6518000 18
6519000 18
6520000 18
6521000 18
6522000 18
6523000 18
6524000 18
6525000 18
6526000 18
6527000 18
6528000 18
6529000 18
6530000 18
6531000 18
6532000 18
6533000 18
6534000 18
6535000 18
6536000 18
6537000 18
6538000 18
6539000 18
6540000 18
6541000 18
6542000 18
6543000 18
6544000 18
6545000 18
6546000 18
6547000 18
6548000 18
6549000 18
6550000 18
6551000 18
6552000 18
6553000 18
6554000 18
6555000 18
6556000 18
6557000 18
6558000 18
6559000 18
6560000 18
6561000 18
6562000 18
6563000 18
6564000 18
6565000 18
6566000 18
6567000 18
6568000 18
6569000 18
6570000 18
6571000 18
6572000 18
6573000 18
6574000 18
6575000 18
6576000 18
6577000 18
6578000 18
6579000 18
6580000 18
6581000 18
6582000 18
6583000 18
6584000 18
6585000 18
6586000 18
6587000 18
6588000 18
6589000 18
6590000 18
6591000 18
6592000 18
6593000 18
6594000 18
6595000 18
6596000 18
6597000 18
6598000 18
6599000 18
6600000 18
6601000 18
6602000 18
6603000 18
6604000 18
6605000 18
6606000 18
6607000 18
6608000 18
6609000 18
6610000 18
6611000 18
6612000 18
6613000 18
6614000 18
6615000 18
6616000 18
6617000 18
6618000 18
6619000 18
6620000 18
6621000 18
6622000 18
6623000 18
6624000 18
6625000 18
6626000 18
6627000 18
6628000 18
6629000 18
6630000 18
6631000 18
6632000 18
6633000 18
6634000 18
6635000 18
6636000 18
6637000 18
6638000 18
6639000 18
6640000 18
6641000 18
6642000 18
6643000 18
6644000 18
6645000 18
6646000 18
6647000 18
6648000 18
6649000 18
6650000 18
6651000 18
6652000 18
6653000 18
6654000 18
6655000 18
6656000 18
6657000 18
6658000 18
6659000 18
6660000 18
6661000 18
6662000 18
6663000 18
6664000 18
6665000 18
6666000 18
6667000 18
6668000 18
6669000 18
6670000 18
6671000 18
6672000 18
6673000 18
6674000 18
6675000 18
6676000 18
6677000 18
6678000 18
6679000 18
6680000 18
6681000 18
6682000 18
6683000 18
6684000 18
6685000 18
6686000 18
6687000 18
6688000 18
6689000 18
6690000 18
6691000 18
6692000 18
6693000 18
6694000 18
6695000 18
6696000 18
6697000 18
6698000 18
6699000 18
6700000 18
6701000 18
6702000 18
6703000 18
6704000 18
6705000 18
6706000 18
6707000 18
6708000 18
6709000 18
6710000 18
6711000 18
6712000 18
6713000 18
6714000 18
6715000 18
6716000 18
6717000 18
6718000 18
6719000 18
6720000 18
6721000 18
6722000 18
6723000 18
6724000 18
6725000 18
6726000 18
6727000 18
6728000 18
6729000 18
6730000 18
6731000 18
6732000 18
6733000 18
6734000 18
6735000 18
6736000 18
6737000 18
6738000 18
6739000 18
6740000 18
6741000 18
6742000 18
6743000 18
6744000 18
6745000 18
6746000 18
6747000 18
6748000 18
6749000 18
6750000 18
6751000 18
6752000 18
6753000 18
6754000 18
6755000 18
6756000 18
6757000 18
6758000 18
6759000 18
6760000 18
6761000 18
6762000 18
6763000 18
6764000 18
6765000 18
6766000 18
6767000 18
6768000 18
6769000 18
6770000 18
6771000 18
6772000 18
6773000 18
6774000 18
6775000 18
6776000 18
6777000 18
6778000 18
6779000 18
6780000 18
6781000 18
6782000 18
6783000 18
6784000 18
6785000 18
6786000 18
6787000 18
6788000 18
6789000 18
6790000 18
6791000 18
6792000 18
6793000 18
6794000 18
6795000 18
6796000 18
6797000 18
6798000 18
6799000 18
6800000 18
6801000 18
6802000 18
6803000 18
6804000 18
6805000 18
6806000 18
6807000 18
6808000 18
6809000 18
6810000 18
6811000 18
6812000 18
6813000 18
6814000 18
6815000 18
6816000 18
6817000 18
6818000 18
6819000 18
6820000 18
6821000 18
6822000 18
6823000 18
6824000 18
6825000 18
6826000 18
6827000 18
6828000 18
6829000 18
6830000 18
6831000 18
6832000 18
6833000 18
6834000 18
6835000 18
6836000 18
6837000 18
6838000 18
6839000 18
6840000 18
6841000 18
6842000 18
6843000 18
6844000 18
6845000 18
6846000 18
6847000 18
6848000 18
6849000 18
6850000 18
6851000 18
6852000 18
6853000 18
6854000 18
6855000 18
6856000 18
6857000 18
6858000 18
6859000 18
6860000 18
6861000 18
6862000 18
6863000 18
6864000 18
6865000 18
6866000 18
6867000 18
6868000 18
6869000 18
6870000 18
6871000 18
6872000 18
6873000 18
6874000 18
6875000 18
6876000 18
6877000 18
6878000 18
6879000 18
6880000 18
6881000 18
6882000 18
6883000 18
6884000 18
6885000 18
6886000 18
6887000 18
6888000 18
6889000 18
6890000 18
6891000 18
6892000 18
6893000 18
6894000 18
6895000 18
6896000 18
6897000 18
6898000 18
6899000 18
6900000 18
6901000 18
6902000 18
6903000 18
6904000 18
6905000 18
6906000 18
6907000 18
6908000 18
6909000 18
6910000 18
6911000 18
6912000 18
6913000 18
6914000 18
6915000 18
6916000 18
6917000 18
6918000 18
6919000 18
6920000 18
6921000 18
6922000 18
6923000 18
6924000 18
6925000 18
6926000 18
6927000 18
6928000 18
6929000 18
6930000 18
6931000 18
6932000 18
6933000 18
6934000 18
6935000 18
6936000 18
6937000 18
6938000 18
6939000 18
6940000 18
6941000 18
6942000 18
6943000 18
6944000 18
6945000 18
6946000 18
6947000 18
6948000 18
6949000 18
6950000 18
6951000 18
6952000 18
6953000 18
6954000 18
6955000 18
6956000 18
6957000 18
6958000 18
6959000 18
6960000 18
6961000 18
6962000 18
6963000 18
6964000 18
6965000 18
6966000 18
6967000 18
6968000 18
6969000 18
6970000 18
6971000 18
6972000 18
6973000 18
6974000 18
6975000 18
6976000 18
6977000 18
6978000 18
6979000 18
6980000 18
6981000 18
6982000 18
6983000 18
6984000 18
6985000 18
6986000 18
6987000 18
6988000 18
6989000 18
6990000 18
6991000 18
6992000 18
6993000 18
6994000 18
6995000 18
6996000 18
6997000 18
6998000 18
6999000 18
