# frame 	 heights
0 7
1000 7
2000 7
3000 7
4000 7
5000 7
6000 7
7000 7
8000 7
9000 7
10000 7
11000 7
12000 7
13000 7
14000 7
15000 7
16000 7
17000 7
18000 7
19000 7
20000 7
21000 7
22000 7
23000 7
24000 7
25000 7
26000 7
27000 7
28000 7
29000 7
30000 7
31000 7
32000 7
33000 7
34000 7
35000 7
36000 7
37000 7
38000 7
39000 7
40000 7
41000 7
42000 7
43000 7
44000 7
45000 7
46000 7
47000 7
48000 7
49000 7
50000 7
51000 7
52000 7
53000 7
54000 7
55000 7
56000 7
57000 7
58000 7
59000 7
60000 7
61000 7
62000 7
63000 7
64000 7
65000 7
66000 7
67000 7
68000 7
69000 7
70000 7
71000 7
72000 7
73000 7
74000 7
75000 7
76000 7
77000 7
78000 7
79000 7
80000 7
81000 7
82000 7
83000 7
84000 7
85000 7
86000 7
87000 7
88000 7
89000 7
90000 7
91000 7
92000 7
93000 7
94000 7
95000 7
96000 7
97000 7
98000 7
99000 7
100000 7
101000 7
102000 7
103000 7
104000 7
105000 7
106000 7
107000 7
108000 7
109000 7
110000 7
111000 7
112000 7
113000 7
114000 7
115000 7
116000 7
117000 7
118000 7
119000 7
120000 7
121000 7
122000 7
123000 7
124000 7
125000 7
126000 7
127000 7
128000 7
129000 7
130000 7
131000 7
132000 7
133000 7
134000 7
135000 7
136000 7
137000 7
138000 7
139000 7
140000 7
141000 7
142000 7
143000 7
144000 7
145000 7
146000 7
147000 7
148000 7
149000 7
150000 7
151000 7
152000 7
153000 7
154000 7
155000 7
156000 7
157000 7
158000 7
159000 7
160000 7
161000 7
162000 7
163000 7
164000 7
165000 7
166000 7
167000 7
168000 7
169000 7
170000 7
171000 7
172000 7
173000 7
174000 7
175000 7
176000 7
177000 7
178000 7
179000 7
180000 7
181000 7
182000 7
183000 7
184000 7
185000 7
186000 7
187000 7
188000 7
189000 7
190000 7
191000 7
192000 7
193000 7
194000 7
195000 7
196000 7
197000 7
198000 7
199000 7
200000 7
201000 7
202000 7
203000 7
204000 7
205000 7
206000 7
207000 7
208000 7
209000 7
210000 7
211000 7
212000 7
213000 7
214000 7
215000 7
216000 7
217000 7
218000 7
219000 7
220000 7
221000 7
222000 7
223000 7
224000 7
225000 7
226000 7
227000 7
228000 7
229000 7
230000 7
231000 7
232000 7
233000 7
234000 7
235000 7
236000 7
237000 7
238000 7
239000 7
240000 7
241000 7
242000 7
243000 7
244000 7
245000 7
246000 7
247000 7
248000 7
249000 7
250000 7
251000 7
252000 7
253000 7
254000 7
255000 7
256000 7
257000 7
258000 7
259000 7
260000 7
261000 7
262000 7
263000 7
264000 7
265000 7
266000 7
267000 7
268000 7
269000 7
270000 7
271000 7
272000 7
273000 7
274000 7
275000 7
276000 7
277000 7
278000 7
279000 7
280000 7
281000 7
282000 7
283000 7
284000 7
285000 7
286000 7
287000 7
288000 7
289000 7
290000 7
291000 7
292000 7
293000 7
294000 7
295000 7
296000 7
297000 7
298000 7
299000 7
300000 7
301000 7
302000 7
303000 7
304000 7
305000 7
306000 7
307000 7
308000 7
309000 7
310000 7
311000 7
312000 7
313000 7
314000 7
315000 7
316000 7
317000 7
318000 7
319000 7
320000 7
321000 7
322000 7
323000 7
324000 7
325000 7
326000 7
327000 7
328000 7
329000 7
330000 7
331000 7
332000 7
333000 7
334000 7
335000 7
336000 7
337000 7
338000 7
339000 7
340000 7
341000 7
342000 7
343000 7
344000 7
345000 7
346000 7
347000 7
348000 7
349000 7
350000 7
351000 7
352000 7
353000 7
354000 7
355000 7
356000 7
357000 7
358000 7
359000 7
360000 7
361000 7
362000 7
363000 7
364000 7
365000 7
366000 7
367000 7
368000 7
369000 7
370000 7
371000 7
372000 7
373000 7
374000 7
375000 7
376000 7
377000 7
378000 7
379000 7
380000 7
381000 7
382000 7
383000 7
384000 7
385000 7
386000 7
387000 7
388000 7
389000 7
390000 7
391000 7
392000 7
393000 7
394000 7
395000 7
396000 7
397000 7
398000 7
399000 7
400000 7
401000 7
402000 7
403000 7
404000 7
405000 7
406000 7
407000 7
408000 7
409000 7
410000 7
411000 7
412000 7
413000 7
414000 7
415000 7
416000 7
417000 7
418000 7
419000 7
420000 7
421000 7
422000 7
423000 7
424000 7
425000 7
426000 7
427000 7
428000 7
429000 7
430000 7
431000 7
432000 7
433000 7
434000 7
435000 7
436000 7
437000 7
438000 7
439000 7
440000 7
441000 7
442000 7
443000 7
444000 7
445000 7
446000 7
447000 7
448000 7
449000 7
450000 7
451000 7
452000 7
453000 7
454000 7
455000 7
456000 7
457000 7
458000 7
459000 7
460000 7
461000 7
462000 7
463000 7
464000 7
465000 7
466000 7
467000 7
468000 7
469000 7
470000 7
471000 7
472000 7
473000 7
474000 7
475000 7
476000 7
477000 7
478000 7
479000 7
480000 7
481000 7
482000 7
483000 7
484000 7
485000 7
486000 7
487000 7
488000 7
489000 7
490000 7
491000 7
492000 7
493000 7
494000 7
495000 7
496000 7
497000 7
498000 7
499000 7
500000 7
501000 7
502000 7
503000 7
504000 7
505000 7
506000 7
507000 7
508000 7
509000 7
510000 7
511000 7
512000 7
513000 7
514000 7
515000 7
516000 7
517000 7
518000 7
519000 7
520000 7
521000 7
522000 7
523000 7
524000 7
525000 7
526000 7
527000 7
528000 7
529000 7
530000 7
531000 7
532000 7
533000 7
534000 7
535000 7
536000 7
537000 7
538000 7
539000 7
540000 7
541000 7
542000 7
543000 7
544000 7
545000 7
546000 7
547000 7
548000 7
549000 7
550000 7
551000 7
552000 7
553000 7
554000 7
555000 7
556000 7
557000 7
558000 7
559000 7
560000 7
561000 7
562000 7
563000 7
564000 7
565000 7
566000 7
567000 7
568000 7
569000 7
570000 7
571000 7
572000 7
573000 7
574000 7
575000 7
576000 7
577000 7
578000 7
579000 7
580000 7
581000 7
582000 7
583000 7
584000 7
585000 7
586000 7
587000 7
588000 7
589000 7
590000 7
591000 7
592000 7
593000 7
594000 7
595000 7
596000 7
597000 7
598000 7
599000 7
600000 7
601000 7
602000 7
603000 7
604000 7
605000 7
606000 7
607000 7
608000 7
609000 7
610000 7
611000 7
612000 7
613000 7
614000 7
615000 7
616000 7
617000 7
618000 7
619000 7
620000 7
621000 7
622000 7
623000 7
624000 7
625000 7
626000 7
627000 7
628000 7
629000 7
630000 7
631000 7
632000 7
633000 7
634000 7
635000 7
636000 7
637000 7
638000 7
639000 7
640000 7
641000 7
642000 7
643000 7
644000 7
645000 7
646000 7
647000 7
648000 7
649000 7
650000 7
651000 7
652000 7
653000 7
654000 7
655000 7
656000 7
657000 7
658000 7
659000 7
660000 7
661000 7
662000 7
663000 7
664000 7
665000 7
666000 7
667000 7
668000 7
669000 7
670000 7
671000 7
672000 7
673000 7
674000 7
675000 7
676000 7
677000 7
678000 7
679000 7
680000 7
681000 7
682000 7
683000 7
684000 7
685000 7
686000 7
687000 7
688000 7
689000 7
690000 7
691000 7
692000 7
693000 7
694000 7
695000 7
696000 7
697000 7
698000 7
699000 7
700000 7
701000 7
702000 7
703000 7
704000 7
705000 7
706000 7
707000 7
708000 7
709000 7
710000 7
711000 7
712000 7
713000 7
714000 7
715000 7
716000 7
717000 7
718000 7
719000 7
720000 7
721000 7
722000 7
723000 7
724000 7
725000 7
726000 7
727000 7
728000 7
729000 7
730000 7
731000 7
732000 7
733000 7
734000 7
735000 7
736000 7
737000 7
738000 7
739000 7
740000 7
741000 7
742000 7
743000 7
744000 7
745000 7
746000 7
747000 7
748000 7
749000 7
750000 7
751000 7
752000 7
753000 7
754000 7
755000 7
756000 7
757000 7
758000 7
759000 7
760000 7
761000 7
762000 7
763000 7
764000 7
765000 7
766000 7
767000 7
768000 7
769000 7
770000 7
771000 7
772000 7
773000 7
774000 7
775000 7
776000 7
777000 7
778000 7
779000 7
780000 7
781000 7
782000 7
783000 7
784000 7
785000 7
786000 7
787000 7
788000 7
789000 7
790000 7
791000 7
792000 7
793000 7
794000 7
795000 7
796000 7
797000 7
798000 7
799000 7
800000 7
801000 7
802000 7
803000 7
804000 7
805000 7
806000 7
807000 7
808000 7
809000 7
810000 7
811000 7
812000 7
813000 7
814000 7
815000 7
816000 7
817000 7
818000 7
819000 7
820000 7
821000 7
822000 7
823000 7
824000 7
825000 7
826000 7
827000 7
828000 7
829000 7
830000 7
831000 7
832000 7
833000 7
834000 7
835000 7
836000 7
837000 7
838000 7
839000 7
840000 7
841000 7
842000 7
843000 7
844000 7
845000 7
846000 7
847000 7
848000 7
849000 7
850000 7
851000 7
852000 7
853000 7
854000 7
855000 7
856000 7
857000 7
858000 7
859000 7
860000 7
861000 7
862000 7
863000 7
864000 7
865000 7
866000 7
867000 7
868000 7
869000 7
870000 7
871000 7
872000 7
873000 7
874000 7
875000 7
876000 7
877000 7
878000 7
879000 7
880000 7
881000 7
882000 7
883000 7
884000 7
885000 7
886000 7
887000 7
888000 7
889000 7
890000 7
891000 7
892000 7
893000 7
894000 7
895000 7
896000 7
897000 7
898000 7
899000 7
900000 7
901000 7
902000 7
903000 7
904000 7
905000 7
906000 7
907000 7
908000 7
909000 7
910000 7
911000 7
912000 7
913000 7
914000 7
915000 7
916000 7
917000 7
918000 7
919000 7
920000 7
921000 7
922000 7
923000 7
924000 7
925000 7
926000 7
927000 7
928000 7
929000 7
930000 7
931000 7
932000 7
933000 7
934000 7
935000 7
936000 7
937000 7
938000 7
939000 7
940000 7
941000 7
942000 7
943000 7
944000 7
945000 7
946000 7
947000 7
948000 7
949000 7
950000 7
951000 7
952000 7
953000 7
954000 7
955000 7
956000 7
957000 7
958000 7
959000 7
960000 7
961000 7
962000 7
963000 7
964000 7
965000 7
966000 7
967000 7
968000 7
969000 7
970000 7
971000 7
972000 7
973000 7
974000 7
975000 7
976000 7
977000 7
978000 7
979000 7
980000 7
981000 7
982000 7
983000 7
984000 7
985000 7
986000 7
987000 7
988000 7
989000 7
990000 7
991000 7
992000 7
993000 7
994000 7
995000 7
996000 7
997000 7
998000 7
999000 7
1000000 7
1001000 7
1002000 7
1003000 7
1004000 7
1005000 7
1006000 7
1007000 7
1008000 7
1009000 7
1010000 7
1011000 7
1012000 7
1013000 7
1014000 7
1015000 7
1016000 7
1017000 7
1018000 7
1019000 7
1020000 7
1021000 7
1022000 7
1023000 7
1024000 7
1025000 7
1026000 7
1027000 7
1028000 7
1029000 7
1030000 7
1031000 7
1032000 7
1033000 7
1034000 7
1035000 7
1036000 7
1037000 7
1038000 7
1039000 7
1040000 7
1041000 7
1042000 7
1043000 7
1044000 7
1045000 7
1046000 7
1047000 7
1048000 7
1049000 7
1050000 7
1051000 7
1052000 7
1053000 7
1054000 7
1055000 7
1056000 7
1057000 7
1058000 7
1059000 7
1060000 7
1061000 7
1062000 7
1063000 7
1064000 7
1065000 7
1066000 7
1067000 7
1068000 7
1069000 7
1070000 7
1071000 7
1072000 7
1073000 7
1074000 7
1075000 7
1076000 7
1077000 7
1078000 7
1079000 7
1080000 7
1081000 7
1082000 7
1083000 7
1084000 7
1085000 7
1086000 7
1087000 7
1088000 7
1089000 7
1090000 7
1091000 7
1092000 7
1093000 7
1094000 7
1095000 7
1096000 7
1097000 7
1098000 7
1099000 7
1100000 7
1101000 7
1102000 7
1103000 7
1104000 7
1105000 7
1106000 7
1107000 7
1108000 7
1109000 7
1110000 7
1111000 7
1112000 7
1113000 7
1114000 7
1115000 7
1116000 7
1117000 7
1118000 7
1119000 7
1120000 7
1121000 7
1122000 7
1123000 7
1124000 7
1125000 7
1126000 7
1127000 7
1128000 7
1129000 7
1130000 7
1131000 7
1132000 7
1133000 7
1134000 7
1135000 7
1136000 7
1137000 7
1138000 7
1139000 7
1140000 7
1141000 7
1142000 7
1143000 7
1144000 7
1145000 7
1146000 7
1147000 7
1148000 7
1149000 7
1150000 7
1151000 7
1152000 7
1153000 7
1154000 7
1155000 7
1156000 7
1157000 7
1158000 7
1159000 7
1160000 7
1161000 7
1162000 7
1163000 7
1164000 7
1165000 7
1166000 7
1167000 7
1168000 7
1169000 7
1170000 7
1171000 7
1172000 7
1173000 7
1174000 7
1175000 7
1176000 7
1177000 7
1178000 7
1179000 7
1180000 7
1181000 7
1182000 7
1183000 7
1184000 7
1185000 7
1186000 7
1187000 7
1188000 7
1189000 7
1190000 7
1191000 7
1192000 7
1193000 7
1194000 7
1195000 7
1196000 7
1197000 7
1198000 7
1199000 7
1200000 7
1201000 7
1202000 7
1203000 7
1204000 7
1205000 7
1206000 7
1207000 7
1208000 7
1209000 7
1210000 7
1211000 7
1212000 7
1213000 7
1214000 7
1215000 7
1216000 7
1217000 7
1218000 7
1219000 7
1220000 7
1221000 7
1222000 7
1223000 7
1224000 7
1225000 7
1226000 7
1227000 7
1228000 7
1229000 7
1230000 7
1231000 7
1232000 7
1233000 7
1234000 7
1235000 7
1236000 7
1237000 7
1238000 7
1239000 7
1240000 7
1241000 7
1242000 7
1243000 7
1244000 7
1245000 7
1246000 7
1247000 7
1248000 7
1249000 7
1250000 7
1251000 7
1252000 7
1253000 7
1254000 7
1255000 7
1256000 7
1257000 7
1258000 7
1259000 7
1260000 7
1261000 7
1262000 7
1263000 7
1264000 7
1265000 7
1266000 7
1267000 7
1268000 7
1269000 7
1270000 7
1271000 7
1272000 7
1273000 7
1274000 7
1275000 7
1276000 7
1277000 7
1278000 7
1279000 7
1280000 7
1281000 7
1282000 7
1283000 7
1284000 7
1285000 7
1286000 7
1287000 7
1288000 7
1289000 7
1290000 7
1291000 7
1292000 7
1293000 7
1294000 7
1295000 7
1296000 7
1297000 7
1298000 7
1299000 7
1300000 7
1301000 7
1302000 7
1303000 7
1304000 7
1305000 7
1306000 7
1307000 7
1308000 7
1309000 7
1310000 7
1311000 7
1312000 7
1313000 7
1314000 7
1315000 7
1316000 7
1317000 7
1318000 7
1319000 7
1320000 7
1321000 7
1322000 7
1323000 7
1324000 7
1325000 7
1326000 7
1327000 7
1328000 7
1329000 7
1330000 7
1331000 7
1332000 7
1333000 7
1334000 7
1335000 7
1336000 7
1337000 7
1338000 7
1339000 7
1340000 7
1341000 7
1342000 7
1343000 7
1344000 7
1345000 7
1346000 7
1347000 7
1348000 7
1349000 7
1350000 7
1351000 7
1352000 7
1353000 7
1354000 7
1355000 7
1356000 7
1357000 7
1358000 7
1359000 7
1360000 7
1361000 7
1362000 7
1363000 7
1364000 7
1365000 7
1366000 7
1367000 7
1368000 7
1369000 7
1370000 7
1371000 7
1372000 7
1373000 7
1374000 7
1375000 7
1376000 7
1377000 7
1378000 7
1379000 7
1380000 7
1381000 7
1382000 7
1383000 7
1384000 7
1385000 7
1386000 7
1387000 7
1388000 7
1389000 7
1390000 7
1391000 7
1392000 7
1393000 7
1394000 7
1395000 7
1396000 7
1397000 7
1398000 7
1399000 7
1400000 7
1401000 7
1402000 7
1403000 7
1404000 7
1405000 7
1406000 7
1407000 7
1408000 7
1409000 7
1410000 7
1411000 7
1412000 7
1413000 7
1414000 7
1415000 7
1416000 7
1417000 7
1418000 7
1419000 7
1420000 7
1421000 7
1422000 7
1423000 7
1424000 7
1425000 7
1426000 7
1427000 7
1428000 7
1429000 7
1430000 7
1431000 7
1432000 7
1433000 7
1434000 7
1435000 7
1436000 7
1437000 7
1438000 7
1439000 7
1440000 7
1441000 7
1442000 7
1443000 7
1444000 7
1445000 7
1446000 7
1447000 7
1448000 7
1449000 7
1450000 7
1451000 7
1452000 7
1453000 7
1454000 7
1455000 7
1456000 7
1457000 7
1458000 7
1459000 7
1460000 7
1461000 7
1462000 7
1463000 7
1464000 7
1465000 7
1466000 7
1467000 7
1468000 7
1469000 7
1470000 7
1471000 7
1472000 7
1473000 7
1474000 7
1475000 7
1476000 7
1477000 7
1478000 7
1479000 7
1480000 7
1481000 7
1482000 7
1483000 7
1484000 7
1485000 7
1486000 7
1487000 7
1488000 7
1489000 7
1490000 7
1491000 7
1492000 7
1493000 7
1494000 7
1495000 7
1496000 7
1497000 7
1498000 7
1499000 7
1500000 7
1501000 7
1502000 7
1503000 7
1504000 7
1505000 7
1506000 7
1507000 7
1508000 7
1509000 7
1510000 7
1511000 7
1512000 7
1513000 7
1514000 7
1515000 7
1516000 7
1517000 7
1518000 7
1519000 7
1520000 7
1521000 7
1522000 7
1523000 7
1524000 7
1525000 7
1526000 7
1527000 7
1528000 7
1529000 7
1530000 7
1531000 7
1532000 7
1533000 7
1534000 7
1535000 7
1536000 7
1537000 7
1538000 7
1539000 7
1540000 7
1541000 7
1542000 7
1543000 7
1544000 7
1545000 7
1546000 7
1547000 7
1548000 7
1549000 7
1550000 7
1551000 7
1552000 7
1553000 7
1554000 7
1555000 7
1556000 7
1557000 7
1558000 7
1559000 7
1560000 7
1561000 7
1562000 7
1563000 7
1564000 7
1565000 7
1566000 7
1567000 7
1568000 7
1569000 7
1570000 7
1571000 7
1572000 7
1573000 7
1574000 7
1575000 7
1576000 7
1577000 7
1578000 7
1579000 7
1580000 7
1581000 7
1582000 7
1583000 7
1584000 7
1585000 7
1586000 7
1587000 7
1588000 7
1589000 7
1590000 7
1591000 7
1592000 7
1593000 7
1594000 7
1595000 7
1596000 7
1597000 7
1598000 7
1599000 7
1600000 7
1601000 7
1602000 7
1603000 7
1604000 7
1605000 7
1606000 7
1607000 7
1608000 7
1609000 7
1610000 7
1611000 7
1612000 7
1613000 7
1614000 7
1615000 7
1616000 7
1617000 7
1618000 7
1619000 7
1620000 7
1621000 7
1622000 7
1623000 7
1624000 7
1625000 7
1626000 7
1627000 7
1628000 7
1629000 7
1630000 7
1631000 7
1632000 7
1633000 7
1634000 7
1635000 7
1636000 7
1637000 7
1638000 7
1639000 7
1640000 7
1641000 7
1642000 7
1643000 7
1644000 7
1645000 7
1646000 7
1647000 7
1648000 7
1649000 7
1650000 7
1651000 7
1652000 7
1653000 7
1654000 7
1655000 7
1656000 7
1657000 7
1658000 7
1659000 7
1660000 7
1661000 7
1662000 7
1663000 7
1664000 7
1665000 7
1666000 7
1667000 7
1668000 7
1669000 7
1670000 7
1671000 7
1672000 7
1673000 7
1674000 7
1675000 7
1676000 7
1677000 7
1678000 7
1679000 7
1680000 7
1681000 7
1682000 7
1683000 7
1684000 7
1685000 7
1686000 7
1687000 7
1688000 7
1689000 7
1690000 7
1691000 7
1692000 7
1693000 7
1694000 7
1695000 7
1696000 7
1697000 7
1698000 7
1699000 7
1700000 7
1701000 7
1702000 7
1703000 7
1704000 7
1705000 7
1706000 7
1707000 7
1708000 7
1709000 7
1710000 7
1711000 7
1712000 7
1713000 7
1714000 7
1715000 7
1716000 7
1717000 7
1718000 7
1719000 7
1720000 7
1721000 7
1722000 7
1723000 7
1724000 7
1725000 7
1726000 7
1727000 7
1728000 7
1729000 7
1730000 7
1731000 7
1732000 7
1733000 7
1734000 7
1735000 7
1736000 7
1737000 7
1738000 7
1739000 7
1740000 7
1741000 7
1742000 7
1743000 7
1744000 7
1745000 7
1746000 7
1747000 7
1748000 7
1749000 7
1750000 7
1751000 7
1752000 7
1753000 7
1754000 7
1755000 7
1756000 7
1757000 7
1758000 7
1759000 7
1760000 7
1761000 7
1762000 7
1763000 7
1764000 7
1765000 7
1766000 7
1767000 7
1768000 7
1769000 7
1770000 7
1771000 7
1772000 7
1773000 7
1774000 7
1775000 7
1776000 7
1777000 7
1778000 7
1779000 7
1780000 7
1781000 7
1782000 7
1783000 7
1784000 7
1785000 7
1786000 7
1787000 7
1788000 7
1789000 7
1790000 7
1791000 7
1792000 7
1793000 7
1794000 7
1795000 7
1796000 7
1797000 7
1798000 7
1799000 7
1800000 7
1801000 7
1802000 7
1803000 7
1804000 7
1805000 7
1806000 7
1807000 7
1808000 7
1809000 7
1810000 7
1811000 7
1812000 7
1813000 7
1814000 7
1815000 7
1816000 7
1817000 7
1818000 7
1819000 7
1820000 7
1821000 7
1822000 7
1823000 7
1824000 7
1825000 7
1826000 7
1827000 7
1828000 7
1829000 7
1830000 7
1831000 7
1832000 7
1833000 7
1834000 7
1835000 7
1836000 7
1837000 7
1838000 7
1839000 7
1840000 7
1841000 7
1842000 7
1843000 7
1844000 7
1845000 7
1846000 7
1847000 7
1848000 7
1849000 7
1850000 7
1851000 7
1852000 7
1853000 7
1854000 7
1855000 7
1856000 7
1857000 7
1858000 7
1859000 7
1860000 7
1861000 7
1862000 7
1863000 7
1864000 7
1865000 7
1866000 7
1867000 7
1868000 7
1869000 7
1870000 7
1871000 7
1872000 7
1873000 7
1874000 7
1875000 7
1876000 7
1877000 7
1878000 7
1879000 7
1880000 7
1881000 7
1882000 7
1883000 7
1884000 7
1885000 7
1886000 7
1887000 7
1888000 7
1889000 7
1890000 7
1891000 7
1892000 7
1893000 7
1894000 7
1895000 7
1896000 7
1897000 7
1898000 7
1899000 7
1900000 7
1901000 7
1902000 7
1903000 7
1904000 7
1905000 7
1906000 7
1907000 7
1908000 7
1909000 7
1910000 7
1911000 7
1912000 7
1913000 7
1914000 7
1915000 7
1916000 7
1917000 7
1918000 7
1919000 7
1920000 7
1921000 7
1922000 7
1923000 7
1924000 7
1925000 7
1926000 7
1927000 7
1928000 7
1929000 7
1930000 7
1931000 7
1932000 7
1933000 7
1934000 7
1935000 7
1936000 7
1937000 7
1938000 7
1939000 7
1940000 7
1941000 7
1942000 7
1943000 7
1944000 7
1945000 7
1946000 7
1947000 7
1948000 7
1949000 7
1950000 7
1951000 7
1952000 7
1953000 7
1954000 7
1955000 7
1956000 7
1957000 7
1958000 7
1959000 7
1960000 7
1961000 7
1962000 7
1963000 7
1964000 7
1965000 7
1966000 7
1967000 7
1968000 7
1969000 7
1970000 7
1971000 7
1972000 7
1973000 7
1974000 7
1975000 7
1976000 7
1977000 7
1978000 7
1979000 7
1980000 7
1981000 7
1982000 7
1983000 7
1984000 7
1985000 7
1986000 7
1987000 7
1988000 7
1989000 7
1990000 7
1991000 7
1992000 7
1993000 7
1994000 7
1995000 7
1996000 7
1997000 7
1998000 7
1999000 7
2000000 7
2001000 7
2002000 7
2003000 7
2004000 7
2005000 7
2006000 7
2007000 7
2008000 7
2009000 7
2010000 7
2011000 7
2012000 7
2013000 7
2014000 7
2015000 7
2016000 7
2017000 7
2018000 7
2019000 7
2020000 7
2021000 7
2022000 7
2023000 7
2024000 7
2025000 7
2026000 7
2027000 7
2028000 7
2029000 7
2030000 7
2031000 7
2032000 7
2033000 7
2034000 7
2035000 7
2036000 7
2037000 7
2038000 7
2039000 7
2040000 7
2041000 7
2042000 7
2043000 7
2044000 7
2045000 7
2046000 7
2047000 7
2048000 7
2049000 7
2050000 7
2051000 7
2052000 7
2053000 7
2054000 7
2055000 7
2056000 7
2057000 7
2058000 7
2059000 7
2060000 7
2061000 7
2062000 7
2063000 7
2064000 7
2065000 7
2066000 7
2067000 7
2068000 7
2069000 7
2070000 7
2071000 7
2072000 7
2073000 7
2074000 7
2075000 7
2076000 7
2077000 7
2078000 7
2079000 7
2080000 7
2081000 7
2082000 7
2083000 7
2084000 7
2085000 7
2086000 7
2087000 7
2088000 7
2089000 7
2090000 7
2091000 7
2092000 7
2093000 7
2094000 7
2095000 7
2096000 7
2097000 7
2098000 7
2099000 7
2100000 7
2101000 7
2102000 7
2103000 7
2104000 7
2105000 7
2106000 7
2107000 7
2108000 7
2109000 7
2110000 7
2111000 7
2112000 7
2113000 7
2114000 7
2115000 7
2116000 7
2117000 7
2118000 7
2119000 7
2120000 7
2121000 7
2122000 7
2123000 7
2124000 7
2125000 7
2126000 7
2127000 7
2128000 7
2129000 7
2130000 7
2131000 7
2132000 7
2133000 7
2134000 7
2135000 7
2136000 7
2137000 7
2138000 7
2139000 7
2140000 7
2141000 7
2142000 7
2143000 7
2144000 7
2145000 7
2146000 7
2147000 7
2148000 7
2149000 7
2150000 7
2151000 7
2152000 7
2153000 7
2154000 7
2155000 7
2156000 7
2157000 7
2158000 7
2159000 7
2160000 7
2161000 7
2162000 7
2163000 7
2164000 7
2165000 7
2166000 7
2167000 7
2168000 7
2169000 7
2170000 7
2171000 7
2172000 7
2173000 7
2174000 7
2175000 7
2176000 7
2177000 7
2178000 7
2179000 7
2180000 7
2181000 7
2182000 7
2183000 7
2184000 7
2185000 7
2186000 7
2187000 7
2188000 7
2189000 7
2190000 7
2191000 7
2192000 7
2193000 7
2194000 7
2195000 7
2196000 7
2197000 7
2198000 7
2199000 7
2200000 7
2201000 7
2202000 7
2203000 7
2204000 7
2205000 7
2206000 7
2207000 7
2208000 7
2209000 7
2210000 7
2211000 7
2212000 7
2213000 7
2214000 7
2215000 7
2216000 7
2217000 7
2218000 7
2219000 7
2220000 7
2221000 7
2222000 7
2223000 7
2224000 7
2225000 7
2226000 7
2227000 7
2228000 7
2229000 7
2230000 7
2231000 7
2232000 7
2233000 7
2234000 7
2235000 7
2236000 7
2237000 7
2238000 7
2239000 7
2240000 7
2241000 7
2242000 7
2243000 7
2244000 7
2245000 7
2246000 7
2247000 7
2248000 7
2249000 7
2250000 7
2251000 7
2252000 7
2253000 7
2254000 7
2255000 7
2256000 7
2257000 7
2258000 7
2259000 7
2260000 7
2261000 7
2262000 7
2263000 7
2264000 7
2265000 7
2266000 7
2267000 7
2268000 7
2269000 7
2270000 7
2271000 7
2272000 7
2273000 7
2274000 7
2275000 7
2276000 7
2277000 7
2278000 7
2279000 7
2280000 7
2281000 7
2282000 7
2283000 7
2284000 7
2285000 7
2286000 7
2287000 7
2288000 7
2289000 7
2290000 7
2291000 7
2292000 7
2293000 7
2294000 7
2295000 7
2296000 7
2297000 7
2298000 7
2299000 7
2300000 7
2301000 7
2302000 7
2303000 7
2304000 7
2305000 7
2306000 7
2307000 7
2308000 7
2309000 7
2310000 7
2311000 7
2312000 7
2313000 7
2314000 7
2315000 7
2316000 7
2317000 7
2318000 7
2319000 7
2320000 7
2321000 7
2322000 7
2323000 7
2324000 7
2325000 7
2326000 7
2327000 7
2328000 7
2329000 7
2330000 7
2331000 7
2332000 7
2333000 7
2334000 7
2335000 7
2336000 7
2337000 7
2338000 7
2339000 7
2340000 7
2341000 7
2342000 7
2343000 7
2344000 7
2345000 7
2346000 7
2347000 7
2348000 7
2349000 7
2350000 7
2351000 7
2352000 7
2353000 7
2354000 7
2355000 7
2356000 7
2357000 7
2358000 7
2359000 7
2360000 7
2361000 7
2362000 7
2363000 7
2364000 7
2365000 7
2366000 7
2367000 7
2368000 7
2369000 7
2370000 7
2371000 7
2372000 7
2373000 7
2374000 7
2375000 7
2376000 7
2377000 7
2378000 7
2379000 7
2380000 7
2381000 7
2382000 7
2383000 7
2384000 7
2385000 7
2386000 7
2387000 7
2388000 7
2389000 7
2390000 7
2391000 7
2392000 7
2393000 7
2394000 7
2395000 7
2396000 7
2397000 7
2398000 7
2399000 7
2400000 7
2401000 7
2402000 7
2403000 7
2404000 7
2405000 7
2406000 7
2407000 7
2408000 7
2409000 7
2410000 7
2411000 7
2412000 7
2413000 7
2414000 7
2415000 7
2416000 7
2417000 7
2418000 7
2419000 7
2420000 7
2421000 7
2422000 7
2423000 7
2424000 7
2425000 7
2426000 7
2427000 7
2428000 7
2429000 7
2430000 7
2431000 7
2432000 7
2433000 7
2434000 7
2435000 7
2436000 7
2437000 7
2438000 7
2439000 7
2440000 7
2441000 7
2442000 7
2443000 7
2444000 7
2445000 7
2446000 7
2447000 7
2448000 7
2449000 7
2450000 7
2451000 7
2452000 7
2453000 7
2454000 7
2455000 7
2456000 7
2457000 7
2458000 7
2459000 7
2460000 7
2461000 7
2462000 7
2463000 7
2464000 7
2465000 7
2466000 7
2467000 7
2468000 7
2469000 7
2470000 7
2471000 7
2472000 7
2473000 7
2474000 7
2475000 7
2476000 7
2477000 7
2478000 7
2479000 7
2480000 7
2481000 7
2482000 7
2483000 7
2484000 7
2485000 7
2486000 7
2487000 7
2488000 7
2489000 7
2490000 7
2491000 7
2492000 7
2493000 7
2494000 7
2495000 7
2496000 7
2497000 7
2498000 7
2499000 7
2500000 7
2501000 7
2502000 7
2503000 7
2504000 7
2505000 7
2506000 7
2507000 7
2508000 7
2509000 7
2510000 7
2511000 7
2512000 7
2513000 7
2514000 7
2515000 7
2516000 7
2517000 7
2518000 7
2519000 7
2520000 7
2521000 7
2522000 7
2523000 7
2524000 7
2525000 7
2526000 7
2527000 7
2528000 7
2529000 7
2530000 7
2531000 7
2532000 7
2533000 7
2534000 7
2535000 7
2536000 7
2537000 7
2538000 7
2539000 7
2540000 7
2541000 7
2542000 7
2543000 7
2544000 7
2545000 7
2546000 7
2547000 7
2548000 7
2549000 7
2550000 7
2551000 7
2552000 7
2553000 7
2554000 7
2555000 7
2556000 7
2557000 7
2558000 7
2559000 7
2560000 7
2561000 7
2562000 7
2563000 7
2564000 7
2565000 7
2566000 7
2567000 7
2568000 7
2569000 7
2570000 7
2571000 7
2572000 7
2573000 7
2574000 7
2575000 7
2576000 7
2577000 7
2578000 7
2579000 7
2580000 7
2581000 7
2582000 7
2583000 7
2584000 7
2585000 7
2586000 7
2587000 7
2588000 7
2589000 7
2590000 7
2591000 7
2592000 7
2593000 7
2594000 7
2595000 7
2596000 7
2597000 7
2598000 7
2599000 7
2600000 7
2601000 7
2602000 7
2603000 7
2604000 7
2605000 7
2606000 7
2607000 7
2608000 7
2609000 7
2610000 7
2611000 7
2612000 7
2613000 7
2614000 7
2615000 7
2616000 7
2617000 7
2618000 7
2619000 7
2620000 7
2621000 7
2622000 7
2623000 7
2624000 7
2625000 7
2626000 7
2627000 7
2628000 7
2629000 7
2630000 7
2631000 7
2632000 7
2633000 7
2634000 7
2635000 7
2636000 7
2637000 7
2638000 7
2639000 7
2640000 7
2641000 7
2642000 7
2643000 7
2644000 7
2645000 7
2646000 7
2647000 7
2648000 7
2649000 7
2650000 7
2651000 7
2652000 7
2653000 7
2654000 7
2655000 7
2656000 7
2657000 7
2658000 7
2659000 7
2660000 7
2661000 7
2662000 7
2663000 7
2664000 7
2665000 7
2666000 7
2667000 7
2668000 7
2669000 7
2670000 7
2671000 7
2672000 7
2673000 7
2674000 7
2675000 7
2676000 7
2677000 7
2678000 7
2679000 7
2680000 7
2681000 7
2682000 7
2683000 7
2684000 7
2685000 7
2686000 7
2687000 7
2688000 7
2689000 7
2690000 7
2691000 7
2692000 7
2693000 7
2694000 7
2695000 7
2696000 7
2697000 7
2698000 7
2699000 7
2700000 7
2701000 7
2702000 7
2703000 7
2704000 7
2705000 7
2706000 7
2707000 7
2708000 7
2709000 7
2710000 7
2711000 7
2712000 7
2713000 7
2714000 7
2715000 7
2716000 7
2717000 7
2718000 7
2719000 7
2720000 7
2721000 7
2722000 7
2723000 7
2724000 7
2725000 7
2726000 7
2727000 7
2728000 7
2729000 7
2730000 7
2731000 7
2732000 7
2733000 7
2734000 7
2735000 7
2736000 7
2737000 7
2738000 7
2739000 7
2740000 7
2741000 7
2742000 7
2743000 7
2744000 7
2745000 7
2746000 7
2747000 7
2748000 7
2749000 7
2750000 7
2751000 7
2752000 7
2753000 7
2754000 7
2755000 7
2756000 7
2757000 7
2758000 7
2759000 7
2760000 7
2761000 7
2762000 7
2763000 7
2764000 7
2765000 7
2766000 7
2767000 7
2768000 7
2769000 7
2770000 7
2771000 7
2772000 7
2773000 7
2774000 7
2775000 7
2776000 7
2777000 7
2778000 7
2779000 7
2780000 7
2781000 7
2782000 7
2783000 7
2784000 7
2785000 7
2786000 7
2787000 7
2788000 7
2789000 7
2790000 7
2791000 7
2792000 7
2793000 7
2794000 7
2795000 7
2796000 7
2797000 7
2798000 7
2799000 7
2800000 7
2801000 7
2802000 7
2803000 7
2804000 7
2805000 7
2806000 7
2807000 7
2808000 7
2809000 7
2810000 7
2811000 7
2812000 7
2813000 7
2814000 7
2815000 7
2816000 7
2817000 7
2818000 7
2819000 7
2820000 7
2821000 7
2822000 7
2823000 7
2824000 7
2825000 7
2826000 7
2827000 7
2828000 7
2829000 7
2830000 7
2831000 7
2832000 7
2833000 7
2834000 7
2835000 7
2836000 7
2837000 7
2838000 7
2839000 7
2840000 7
2841000 7
2842000 7
2843000 7
2844000 7
2845000 7
2846000 7
2847000 7
2848000 7
2849000 7
2850000 7
2851000 7
2852000 7
2853000 7
2854000 7
2855000 7
2856000 7
2857000 7
2858000 7
2859000 7
2860000 7
2861000 7
2862000 7
2863000 7
2864000 7
2865000 7
2866000 7
2867000 7
2868000 7
2869000 7
2870000 7
2871000 7
2872000 7
2873000 7
2874000 7
2875000 7
2876000 7
2877000 7
2878000 7
2879000 7
2880000 7
2881000 7
2882000 7
2883000 7
2884000 7
2885000 7
2886000 7
2887000 7
2888000 7
2889000 7
2890000 7
2891000 7
2892000 7
2893000 7
2894000 7
2895000 7
2896000 7
2897000 7
2898000 7
2899000 7
2900000 7
2901000 7
2902000 7
2903000 7
2904000 7
2905000 7
2906000 7
2907000 7
2908000 7
2909000 7
2910000 7
2911000 7
2912000 7
2913000 7
2914000 7
2915000 7
2916000 7
2917000 7
2918000 7
2919000 7
2920000 7
2921000 7
2922000 7
2923000 7
2924000 7
2925000 7
2926000 7
2927000 7
2928000 7
2929000 7
2930000 7
2931000 7
2932000 7
2933000 7
2934000 7
2935000 7
2936000 7
2937000 7
2938000 7
2939000 7
2940000 7
2941000 7
2942000 7
2943000 7
2944000 7
2945000 7
2946000 7
2947000 7
2948000 7
2949000 7
2950000 7
2951000 7
2952000 7
2953000 7
2954000 7
2955000 7
2956000 7
2957000 7
2958000 7
2959000 7
2960000 7
2961000 7
2962000 7
2963000 7
2964000 7
2965000 7
2966000 7
2967000 7
2968000 7
2969000 7
2970000 7
2971000 7
2972000 7
2973000 7
2974000 7
2975000 7
2976000 7
2977000 7
2978000 7
2979000 7
2980000 7
2981000 7
2982000 7
2983000 7
2984000 7
2985000 7
2986000 7
2987000 7
2988000 7
2989000 7
2990000 7
2991000 7
2992000 7
2993000 7
2994000 7
2995000 7
2996000 7
2997000 7
2998000 7
2999000 7
3000000 7
3001000 7
3002000 7
3003000 7
3004000 7
3005000 7
3006000 7
3007000 7
3008000 7
3009000 7
3010000 7
3011000 7
3012000 7
3013000 7
3014000 7
3015000 7
3016000 7
3017000 7
3018000 7
3019000 7
3020000 7
3021000 7
3022000 7
3023000 7
3024000 7
3025000 7
3026000 7
3027000 7
3028000 7
3029000 7
3030000 7
3031000 7
3032000 7
3033000 7
3034000 7
3035000 7
3036000 7
3037000 7
3038000 7
3039000 7
3040000 7
3041000 7
3042000 7
3043000 7
3044000 7
3045000 7
3046000 7
3047000 7
3048000 7
3049000 7
3050000 7
3051000 7
3052000 7
3053000 7
3054000 7
3055000 7
3056000 7
3057000 7
3058000 7
3059000 7
3060000 7
3061000 7
3062000 7
3063000 7
3064000 7
3065000 7
3066000 7
3067000 7
3068000 7
3069000 7
3070000 7
3071000 7
3072000 7
3073000 7
3074000 7
3075000 7
3076000 7
3077000 7
3078000 7
3079000 7
3080000 7
3081000 7
3082000 7
3083000 7
3084000 7
3085000 7
3086000 7
3087000 7
3088000 7
3089000 7
3090000 7
3091000 7
3092000 7
3093000 7
3094000 7
3095000 7
3096000 7
3097000 7
3098000 7
3099000 7
3100000 7
3101000 7
3102000 7
3103000 7
3104000 7
3105000 7
3106000 7
3107000 7
3108000 7
3109000 7
3110000 7
3111000 7
3112000 7
3113000 7
3114000 7
3115000 7
3116000 7
3117000 7
3118000 7
3119000 7
3120000 7
3121000 7
3122000 7
3123000 7
3124000 7
3125000 7
3126000 7
3127000 7
3128000 7
3129000 7
3130000 7
3131000 7
3132000 7
3133000 7
3134000 7
3135000 7
3136000 7
3137000 7
3138000 7
3139000 7
3140000 7
3141000 7
3142000 7
3143000 7
3144000 7
3145000 7
3146000 7
3147000 7
3148000 7
3149000 7
3150000 7
3151000 7
3152000 7
3153000 7
3154000 7
3155000 7
3156000 7
3157000 7
3158000 7
3159000 7
3160000 7
3161000 7
3162000 7
3163000 7
3164000 7
3165000 7
3166000 7
3167000 7
3168000 7
3169000 7
3170000 7
3171000 7
3172000 7
3173000 7
3174000 7
3175000 7
3176000 7
3177000 7
3178000 7
3179000 7
3180000 7
3181000 7
3182000 7
3183000 7
3184000 7
3185000 7
3186000 7
3187000 7
3188000 7
3189000 7
3190000 7
3191000 7
3192000 7
3193000 7
3194000 7
3195000 7
3196000 7
3197000 7
3198000 7
3199000 7
3200000 7
3201000 7
3202000 7
3203000 7
3204000 7
3205000 7
3206000 7
3207000 7
3208000 7
3209000 7
3210000 7
3211000 7
3212000 7
3213000 7
3214000 7
3215000 7
3216000 7
3217000 7
3218000 7
3219000 7
3220000 7
3221000 7
3222000 7
3223000 7
3224000 7
3225000 7
3226000 7
3227000 7
3228000 7
3229000 7
3230000 7
3231000 7
3232000 7
3233000 7
3234000 7
3235000 7
3236000 7
3237000 7
3238000 7
3239000 7
3240000 7
3241000 7
3242000 7
3243000 7
3244000 7
3245000 7
3246000 7
3247000 7
3248000 7
3249000 7
3250000 7
3251000 7
3252000 7
3253000 7
3254000 7
3255000 7
3256000 7
3257000 7
3258000 7
3259000 7
3260000 7
3261000 7
3262000 7
3263000 7
3264000 7
3265000 7
3266000 7
3267000 7
3268000 7
3269000 7
3270000 7
3271000 7
3272000 7
3273000 7
3274000 7
3275000 7
3276000 7
3277000 7
3278000 7
3279000 7
3280000 7
3281000 7
3282000 7
3283000 7
3284000 7
3285000 7
3286000 7
3287000 7
3288000 7
3289000 7
3290000 7
3291000 7
3292000 7
3293000 7
3294000 7
3295000 7
3296000 7
3297000 7
3298000 7
3299000 7
3300000 7
3301000 7
3302000 7
3303000 7
3304000 7
3305000 7
3306000 7
3307000 7
3308000 7
3309000 7
3310000 7
3311000 7
3312000 7
3313000 7
3314000 7
3315000 7
3316000 7
3317000 7
3318000 7
3319000 7
3320000 7
3321000 7
3322000 7
3323000 7
3324000 7
3325000 7
3326000 7
3327000 7
3328000 7
3329000 7
3330000 7
3331000 7
3332000 7
3333000 7
3334000 7
3335000 7
3336000 7
3337000 7
3338000 7
3339000 7
3340000 7
3341000 7
3342000 7
3343000 7
3344000 7
3345000 7
3346000 7
3347000 7
3348000 7
3349000 7
3350000 7
3351000 7
3352000 7
3353000 7
3354000 7
3355000 7
3356000 7
3357000 7
3358000 7
3359000 7
3360000 7
3361000 7
3362000 7
3363000 7
3364000 7
3365000 7
3366000 7
3367000 7
3368000 7
3369000 7
3370000 7
3371000 7
3372000 7
3373000 7
3374000 7
3375000 7
3376000 7
3377000 7
3378000 7
3379000 7
3380000 7
3381000 7
3382000 7
3383000 7
3384000 7
3385000 7
3386000 7
3387000 7
3388000 7
3389000 7
3390000 7
3391000 7
3392000 7
3393000 7
3394000 7
3395000 7
3396000 7
3397000 7
3398000 7
3399000 7
3400000 7
3401000 7
3402000 7
3403000 7
3404000 7
3405000 7
3406000 7
3407000 7
3408000 7
3409000 7
3410000 7
3411000 7
3412000 7
3413000 7
3414000 7
3415000 7
3416000 7
3417000 7
3418000 7
3419000 7
3420000 7
3421000 7
3422000 7
3423000 7
3424000 7
3425000 7
3426000 7
3427000 7
3428000 7
3429000 7
3430000 7
3431000 7
3432000 7
3433000 7
3434000 7
3435000 7
3436000 7
3437000 7
3438000 7
3439000 7
3440000 7
3441000 7
3442000 7
3443000 7
3444000 7
3445000 7
3446000 7
3447000 7
3448000 7
3449000 7
3450000 7
3451000 7
3452000 7
3453000 7
3454000 7
3455000 7
3456000 7
3457000 7
3458000 7
3459000 7
3460000 7
3461000 7
3462000 7
3463000 7
3464000 7
3465000 7
3466000 7
3467000 7
3468000 7
3469000 7
3470000 7
3471000 7
3472000 7
3473000 7
3474000 7
3475000 7
3476000 7
3477000 7
3478000 7
3479000 7
3480000 7
3481000 7
3482000 7
3483000 7
3484000 7
3485000 7
3486000 7
3487000 7
3488000 7
3489000 7
3490000 7
3491000 7
3492000 7
3493000 7
3494000 7
3495000 7
3496000 7
3497000 7
3498000 7
3499000 7
3500000 7
3501000 7
3502000 7
3503000 7
3504000 7
3505000 7
3506000 7
3507000 7
3508000 7
3509000 7
3510000 7
3511000 7
3512000 7
3513000 7
3514000 7
3515000 7
3516000 7
3517000 7
3518000 7
3519000 7
3520000 7
3521000 7
3522000 7
3523000 7
3524000 7
3525000 7
3526000 7
3527000 7
3528000 7
3529000 7
3530000 7
3531000 7
3532000 7
3533000 7
3534000 7
3535000 7
3536000 7
3537000 7
3538000 7
3539000 7
3540000 7
3541000 7
3542000 7
3543000 7
3544000 7
3545000 7
3546000 7
3547000 7
3548000 7
3549000 7
3550000 7
3551000 7
3552000 7
3553000 7
3554000 7
3555000 7
3556000 7
3557000 7
3558000 7
3559000 7
3560000 7
3561000 7
3562000 7
3563000 7
3564000 7
3565000 7
3566000 7
3567000 7
3568000 7
3569000 7
3570000 7
3571000 7
3572000 7
3573000 7
3574000 7
3575000 7
3576000 7
3577000 7
3578000 7
3579000 7
3580000 7
3581000 7
3582000 7
3583000 7
3584000 7
3585000 7
3586000 7
3587000 7
3588000 7
3589000 7
3590000 7
3591000 7
3592000 7
3593000 7
3594000 7
3595000 7
3596000 7
3597000 7
3598000 7
3599000 7
3600000 7
3601000 7
3602000 7
3603000 7
3604000 7
3605000 7
3606000 7
3607000 7
3608000 7
3609000 7
3610000 7
3611000 7
3612000 7
3613000 7
3614000 7
3615000 7
3616000 7
3617000 7
3618000 7
3619000 7
3620000 7
3621000 7
3622000 7
3623000 7
3624000 7
3625000 7
3626000 7
3627000 7
3628000 7
3629000 7
3630000 7
3631000 7
3632000 7
3633000 7
3634000 7
3635000 7
3636000 7
3637000 7
3638000 7
3639000 7
3640000 7
3641000 7
3642000 7
3643000 7
3644000 7
3645000 7
3646000 7
3647000 7
3648000 7
3649000 7
3650000 7
3651000 7
3652000 7
3653000 7
3654000 7
3655000 7
3656000 7
3657000 7
3658000 7
3659000 7
3660000 7
3661000 7
3662000 7
3663000 7
3664000 7
3665000 7
3666000 7
3667000 7
3668000 7
3669000 7
3670000 7
3671000 7
3672000 7
3673000 7
3674000 7
3675000 7
3676000 7
3677000 7
3678000 7
3679000 7
3680000 7
3681000 7
3682000 7
3683000 7
3684000 7
3685000 7
3686000 7
3687000 7
3688000 7
3689000 7
3690000 7
3691000 7
3692000 7
3693000 7
3694000 7
3695000 7
3696000 7
3697000 7
3698000 7
3699000 7
3700000 7
3701000 7
3702000 7
3703000 7
3704000 7
3705000 7
3706000 7
3707000 7
3708000 7
3709000 7
3710000 7
3711000 7
3712000 7
3713000 7
3714000 7
3715000 7
3716000 7
3717000 7
3718000 7
3719000 7
3720000 7
3721000 7
3722000 7
3723000 7
3724000 7
3725000 7
3726000 7
3727000 7
3728000 7
3729000 7
3730000 7
3731000 7
3732000 7
3733000 7
3734000 7
3735000 7
3736000 7
3737000 7
3738000 7
3739000 7
3740000 7
3741000 7
3742000 7
3743000 7
3744000 7
3745000 7
3746000 7
3747000 7
3748000 7
3749000 7
3750000 7
3751000 7
3752000 7
3753000 7
3754000 7
3755000 7
3756000 7
3757000 7
3758000 7
3759000 7
3760000 7
3761000 7
3762000 7
3763000 7
3764000 7
3765000 7
3766000 7
3767000 7
3768000 7
3769000 7
3770000 7
3771000 7
3772000 7
3773000 7
3774000 7
3775000 7
3776000 7
3777000 7
3778000 7
3779000 7
3780000 7
3781000 7
3782000 7
3783000 7
3784000 7
3785000 7
3786000 7
3787000 7
3788000 7
3789000 7
3790000 7
3791000 7
3792000 7
3793000 7
3794000 7
3795000 7
3796000 7
3797000 7
3798000 7
3799000 7
3800000 7
3801000 7
3802000 7
3803000 7
3804000 7
3805000 7
3806000 7
3807000 7
3808000 7
3809000 7
3810000 7
3811000 7
3812000 7
3813000 7
3814000 7
3815000 7
3816000 7
3817000 7
3818000 7
3819000 7
3820000 7
3821000 7
3822000 7
3823000 7
3824000 7
3825000 7
3826000 7
3827000 7
3828000 7
3829000 7
3830000 7
3831000 7
3832000 7
3833000 7
3834000 7
3835000 7
3836000 7
3837000 7
3838000 7
3839000 7
3840000 7
3841000 7
3842000 7
3843000 7
3844000 7
3845000 7
3846000 7
3847000 7
3848000 7
3849000 7
3850000 7
3851000 7
3852000 7
3853000 7
3854000 7
3855000 7
3856000 7
3857000 7
3858000 7
3859000 7
3860000 7
3861000 7
3862000 7
3863000 7
3864000 7
3865000 7
3866000 7
3867000 7
3868000 7
3869000 7
3870000 7
3871000 7
3872000 7
3873000 7
3874000 7
3875000 7
3876000 7
3877000 7
3878000 7
3879000 7
3880000 7
3881000 7
3882000 7
3883000 7
3884000 7
3885000 7
3886000 7
3887000 7
3888000 7
3889000 7
3890000 7
3891000 7
3892000 7
3893000 7
3894000 7
3895000 7
3896000 7
3897000 7
3898000 7
3899000 7
3900000 7
3901000 7
3902000 7
3903000 7
3904000 7
3905000 7
3906000 7
3907000 7
3908000 7
3909000 7
3910000 7
3911000 7
3912000 7
3913000 7
3914000 7
3915000 7
3916000 7
3917000 7
3918000 7
3919000 7
3920000 7
3921000 7
3922000 7
3923000 7
3924000 7
3925000 7
3926000 7
3927000 7
3928000 7
3929000 7
3930000 7
3931000 7
3932000 7
3933000 7
3934000 7
3935000 7
3936000 7
3937000 7
3938000 7
3939000 7
3940000 7
3941000 7
3942000 7
3943000 7
3944000 7
3945000 7
3946000 7
3947000 7
3948000 7
3949000 7
3950000 7
3951000 7
3952000 7
3953000 7
3954000 7
3955000 7
3956000 7
3957000 7
3958000 7
3959000 7
3960000 7
3961000 7
3962000 7
3963000 7
3964000 7
3965000 7
3966000 7
3967000 7
3968000 7
3969000 7
3970000 7
3971000 7
3972000 7
3973000 7
3974000 7
3975000 7
3976000 7
3977000 7
3978000 7
3979000 7
3980000 7
3981000 7
3982000 7
3983000 7
3984000 7
3985000 7
3986000 7
3987000 7
3988000 7
3989000 7
3990000 7
3991000 7
3992000 7
3993000 7
3994000 7
3995000 7
3996000 7
3997000 7
3998000 7
3999000 7
4000000 7
4001000 7
4002000 7
4003000 7
4004000 7
4005000 7
4006000 7
4007000 7
4008000 7
4009000 7
4010000 7
4011000 7
4012000 7
4013000 7
4014000 7
4015000 7
4016000 7
4017000 7
4018000 7
4019000 7
4020000 7
4021000 7
4022000 7
4023000 7
4024000 7
4025000 7
4026000 7
4027000 7
4028000 7
4029000 7
4030000 7
4031000 7
4032000 7
4033000 7
4034000 7
4035000 7
4036000 7
4037000 7
4038000 7
4039000 7
4040000 7
4041000 7
4042000 7
4043000 7
4044000 7
4045000 7
4046000 7
4047000 7
4048000 7
4049000 7
4050000 7
4051000 7
4052000 7
4053000 7
4054000 7
4055000 7
4056000 7
4057000 7
4058000 7
4059000 7
4060000 7
4061000 7
4062000 7
4063000 7
4064000 7
4065000 7
4066000 7
4067000 7
4068000 7
4069000 7
4070000 7
4071000 7
4072000 7
4073000 7
4074000 7
4075000 7
4076000 7
4077000 7
4078000 7
4079000 7
4080000 7
4081000 7
4082000 7
4083000 7
4084000 7
4085000 7
4086000 7
4087000 7
4088000 7
4089000 7
4090000 7
4091000 7
4092000 7
4093000 7
4094000 7
4095000 7
4096000 7
4097000 7
4098000 7
4099000 7
4100000 7
4101000 7
4102000 7
4103000 7
4104000 7
4105000 7
4106000 7
4107000 7
4108000 7
4109000 7
4110000 7
4111000 7
4112000 7
4113000 7
4114000 7
4115000 7
4116000 7
4117000 7
4118000 7
4119000 7
4120000 7
4121000 7
4122000 7
4123000 7
4124000 7
4125000 7
4126000 7
4127000 7
4128000 7
4129000 7
4130000 7
4131000 7
4132000 7
4133000 7
4134000 7
4135000 7
4136000 7
4137000 7
4138000 7
4139000 7
4140000 7
4141000 7
4142000 7
4143000 7
4144000 7
4145000 7
4146000 7
4147000 7
4148000 7
4149000 7
4150000 7
4151000 7
4152000 7
4153000 7
4154000 7
4155000 7
4156000 7
4157000 7
4158000 7
4159000 7
4160000 7
4161000 7
4162000 7
4163000 7
4164000 7
4165000 7
4166000 7
4167000 7
4168000 7
4169000 7
4170000 7
4171000 7
4172000 7
4173000 7
4174000 7
4175000 7
4176000 7
4177000 7
4178000 7
4179000 7
4180000 7
4181000 7
4182000 7
4183000 7
4184000 7
4185000 7
4186000 7
4187000 7
4188000 7
4189000 7
4190000 7
4191000 7
4192000 7
4193000 7
4194000 7
4195000 7
4196000 7
4197000 7
4198000 7
4199000 7
4200000 7
4201000 7
4202000 7
4203000 7
4204000 7
4205000 7
4206000 7
4207000 7
4208000 7
4209000 7
4210000 7
4211000 7
4212000 7
4213000 7
4214000 7
4215000 7
4216000 7
4217000 7
4218000 7
4219000 7
4220000 7
4221000 7
4222000 7
4223000 7
4224000 7
4225000 7
4226000 7
4227000 7
4228000 7
4229000 7
4230000 7
4231000 7
4232000 7
4233000 7
4234000 7
4235000 7
4236000 7
4237000 7
4238000 7
4239000 7
4240000 7
4241000 7
4242000 7
4243000 7
4244000 7
4245000 7
4246000 7
4247000 7
4248000 7
4249000 7
4250000 7
4251000 7
4252000 7
4253000 7
4254000 7
4255000 7
4256000 7
4257000 7
4258000 7
4259000 7
4260000 7
4261000 7
4262000 7
4263000 7
4264000 7
4265000 7
4266000 7
4267000 7
4268000 7
4269000 7
4270000 7
4271000 7
4272000 7
4273000 7
4274000 7
4275000 7
4276000 7
4277000 7
4278000 7
4279000 7
4280000 7
4281000 7
4282000 7
4283000 7
4284000 7
4285000 7
4286000 7
4287000 7
4288000 7
4289000 7
4290000 7
4291000 7
4292000 7
4293000 7
4294000 7
4295000 7
4296000 7
4297000 7
4298000 7
4299000 7
4300000 7
4301000 7
4302000 7
4303000 7
4304000 7
4305000 7
4306000 7
4307000 7
4308000 7
4309000 7
4310000 7
4311000 7
4312000 7
4313000 7
4314000 7
4315000 7
4316000 7
4317000 7
4318000 7
4319000 7
4320000 7
4321000 7
4322000 7
4323000 7
4324000 7
4325000 7
4326000 7
4327000 7
4328000 7
4329000 7
4330000 7
4331000 7
4332000 7
4333000 7
4334000 7
4335000 7
4336000 7
4337000 7
4338000 7
4339000 7
4340000 7
4341000 7
4342000 7
4343000 7
4344000 7
4345000 7
4346000 7
4347000 7
4348000 7
4349000 7
4350000 7
4351000 7
4352000 7
4353000 7
4354000 7
4355000 7
4356000 7
4357000 7
4358000 7
4359000 7
4360000 7
4361000 7
4362000 7
4363000 7
4364000 7
4365000 7
4366000 7
4367000 7
4368000 7
4369000 7
4370000 7
4371000 7
4372000 7
4373000 7
4374000 7
4375000 7
4376000 7
4377000 7
4378000 7
4379000 7
4380000 7
4381000 7
4382000 7
4383000 7
4384000 7
4385000 7
4386000 7
4387000 7
4388000 7
4389000 7
4390000 7
4391000 7
4392000 7
4393000 7
4394000 7
4395000 7
4396000 7
4397000 7
4398000 7
4399000 7
4400000 7
4401000 7
4402000 7
4403000 7
4404000 7
4405000 7
4406000 7
4407000 7
4408000 7
4409000 7
4410000 7
4411000 7
4412000 7
4413000 7
4414000 7
4415000 7
4416000 7
4417000 7
4418000 7
4419000 7
4420000 7
4421000 7
4422000 7
4423000 7
4424000 7
4425000 7
4426000 7
4427000 7
4428000 7
4429000 7
4430000 7
4431000 7
4432000 7
4433000 7
4434000 7
4435000 7
4436000 7
4437000 7
4438000 7
4439000 7
4440000 7
4441000 7
4442000 7
4443000 7
4444000 7
4445000 7
4446000 7
4447000 7
4448000 7
4449000 7
4450000 7
4451000 7
4452000 7
4453000 7
4454000 7
4455000 7
4456000 7
4457000 7
4458000 7
4459000 7
4460000 7
4461000 7
4462000 7
4463000 7
4464000 7
4465000 7
4466000 7
4467000 7
4468000 7
4469000 7
4470000 7
4471000 7
4472000 7
4473000 7
4474000 7
4475000 7
4476000 7
4477000 7
4478000 7
4479000 7
4480000 7
4481000 7
4482000 7
4483000 7
4484000 7
4485000 7
4486000 7
4487000 7
4488000 7
4489000 7
4490000 7
4491000 7
4492000 7
4493000 7
4494000 7
4495000 7
4496000 7
4497000 7
4498000 7
4499000 7
4500000 7
4501000 7
4502000 7
4503000 7
4504000 7
4505000 7
4506000 7
4507000 7
4508000 7
4509000 7
4510000 7
4511000 7
4512000 7
4513000 7
4514000 7
4515000 7
4516000 7
4517000 7
4518000 7
4519000 7
4520000 7
4521000 7
4522000 7
4523000 7
4524000 7
4525000 7
4526000 7
4527000 7
4528000 7
4529000 7
4530000 7
4531000 7
4532000 7
4533000 7
4534000 7
4535000 7
4536000 7
4537000 7
4538000 7
4539000 7
4540000 7
4541000 7
4542000 7
4543000 7
4544000 7
4545000 7
4546000 7
4547000 7
4548000 7
4549000 7
4550000 7
4551000 7
4552000 7
4553000 7
4554000 7
4555000 7
4556000 7
4557000 7
4558000 7
4559000 7
4560000 7
4561000 7
4562000 7
4563000 7
4564000 7
4565000 7
4566000 7
4567000 7
4568000 7
4569000 7
4570000 7
4571000 7
4572000 7
4573000 7
4574000 7
4575000 7
4576000 7
4577000 7
4578000 7
4579000 7
4580000 7
4581000 7
4582000 7
4583000 7
4584000 7
4585000 7
4586000 7
4587000 7
4588000 7
4589000 7
4590000 7
4591000 7
4592000 7
4593000 7
4594000 7
4595000 7
4596000 7
4597000 7
4598000 7
4599000 7
4600000 7
4601000 7
4602000 7
4603000 7
4604000 7
4605000 7
4606000 7
4607000 7
4608000 7
4609000 7
4610000 7
4611000 7
4612000 7
4613000 7
4614000 7
4615000 7
4616000 7
4617000 7
4618000 7
4619000 7
4620000 7
4621000 7
4622000 7
4623000 7
4624000 7
4625000 7
4626000 7
4627000 7
4628000 7
4629000 7
4630000 7
4631000 7
4632000 7
4633000 7
4634000 7
4635000 7
4636000 7
4637000 7
4638000 7
4639000 7
4640000 7
4641000 7
4642000 7
4643000 7
4644000 7
4645000 7
4646000 7
4647000 7
4648000 7
4649000 7
4650000 7
4651000 7
4652000 7
4653000 7
4654000 7
4655000 7
4656000 7
4657000 7
4658000 7
4659000 7
4660000 7
4661000 7
4662000 7
4663000 7
4664000 7
4665000 7
4666000 7
4667000 7
4668000 7
4669000 7
4670000 7
4671000 7
4672000 7
4673000 7
4674000 7
4675000 7
4676000 7
4677000 7
4678000 7
4679000 7
4680000 7
4681000 7
4682000 7
4683000 7
4684000 7
4685000 7
4686000 7
4687000 7
4688000 7
4689000 7
4690000 7
4691000 7
4692000 7
4693000 7
4694000 7
4695000 7
4696000 7
4697000 7
4698000 7
4699000 7
4700000 7
4701000 7
4702000 7
4703000 7
4704000 7
4705000 7
4706000 7
4707000 7
4708000 7
4709000 7
4710000 7
4711000 7
4712000 7
4713000 7
4714000 7
4715000 7
4716000 7
4717000 7
4718000 7
4719000 7
4720000 7
4721000 7
4722000 7
4723000 7
4724000 7
4725000 7
4726000 7
4727000 7
4728000 7
4729000 7
4730000 7
4731000 7
4732000 7
4733000 7
4734000 7
4735000 7
4736000 7
4737000 7
4738000 7
4739000 7
4740000 7
4741000 7
4742000 7
4743000 7
4744000 7
4745000 7
4746000 7
4747000 7
4748000 7
4749000 7
4750000 7
4751000 7
4752000 7
4753000 7
4754000 7
4755000 7
4756000 7
4757000 7
4758000 7
4759000 7
4760000 7
4761000 7
4762000 7
4763000 7
4764000 7
4765000 7
4766000 7
4767000 7
4768000 7
4769000 7
4770000 7
4771000 7
4772000 7
4773000 7
4774000 7
4775000 7
4776000 7
4777000 7
4778000 7
4779000 7
4780000 7
4781000 7
4782000 7
4783000 7
4784000 7
4785000 7
4786000 7
4787000 7
4788000 7
4789000 7
4790000 7
4791000 7
4792000 7
4793000 7
4794000 7
4795000 7
4796000 7
4797000 7
4798000 7
4799000 7
4800000 7
4801000 7
4802000 7
4803000 7
4804000 7
4805000 7
4806000 7
4807000 7
4808000 7
4809000 7
4810000 7
4811000 7
4812000 7
4813000 7
4814000 7
4815000 7
4816000 7
4817000 7
4818000 7
4819000 7
4820000 7
4821000 7
4822000 7
4823000 7
4824000 7
4825000 7
4826000 7
4827000 7
4828000 7
4829000 7
4830000 7
4831000 7
4832000 7
4833000 7
4834000 7
4835000 7
4836000 7
4837000 7
4838000 7
4839000 7
4840000 7
4841000 7
4842000 7
4843000 7
4844000 7
4845000 7
4846000 7
4847000 7
4848000 7
4849000 7
4850000 7
4851000 7
4852000 7
4853000 7
4854000 7
4855000 7
4856000 7
4857000 7
4858000 7
4859000 7
4860000 7
4861000 7
4862000 7
4863000 7
4864000 7
4865000 7
4866000 7
4867000 7
4868000 7
4869000 7
4870000 7
4871000 7
4872000 7
4873000 7
4874000 7
4875000 7
4876000 7
4877000 7
4878000 7
4879000 7
4880000 7
4881000 7
4882000 7
4883000 7
4884000 7
4885000 7
4886000 7
4887000 7
4888000 7
4889000 7
4890000 7
4891000 7
4892000 7
4893000 7
4894000 7
4895000 7
4896000 7
4897000 7
4898000 7
4899000 7
4900000 7
4901000 7
4902000 7
4903000 7
4904000 7
4905000 7
4906000 7
4907000 7
4908000 7
4909000 7
4910000 7
4911000 7
4912000 7
4913000 7
4914000 7
4915000 7
4916000 7
4917000 7
4918000 7
4919000 7
4920000 7
4921000 7
4922000 7
4923000 7
4924000 7
4925000 7
4926000 7
4927000 7
4928000 7
4929000 7
4930000 7
4931000 7
4932000 7
4933000 7
4934000 7
4935000 7
4936000 7
4937000 7
4938000 7
4939000 7
4940000 7
4941000 7
4942000 7
4943000 7
4944000 7
4945000 7
4946000 7
4947000 7
4948000 7
4949000 7
4950000 7
4951000 7
4952000 7
4953000 7
4954000 7
4955000 7
4956000 7
4957000 7
4958000 7
4959000 7
4960000 7
4961000 7
4962000 7
4963000 7
4964000 7
4965000 7
4966000 7
4967000 7
4968000 7
4969000 7
4970000 7
4971000 7
4972000 7
4973000 7
4974000 7
4975000 7
4976000 7
4977000 7
4978000 7
4979000 7
4980000 7
4981000 7
4982000 7
4983000 7
4984000 7
4985000 7
4986000 7
4987000 7
4988000 7
4989000 7
4990000 7
4991000 7
4992000 7
4993000 7
4994000 7
4995000 7
4996000 7
4997000 7
4998000 7
4999000 7
5000000 7
5001000 7
5002000 7
5003000 7
5004000 7
5005000 7
5006000 7
5007000 7
5008000 7
5009000 7
5010000 7
5011000 7
5012000 7
5013000 7
5014000 7
5015000 7
5016000 7
5017000 7
5018000 7
5019000 7
5020000 7
5021000 7
5022000 7
5023000 7
5024000 7
5025000 7
5026000 7
5027000 7
5028000 7
5029000 7
5030000 7
5031000 7
5032000 7
5033000 7
5034000 7
5035000 7
5036000 7
5037000 7
5038000 7
5039000 7
5040000 7
5041000 7
5042000 7
5043000 7
5044000 7
5045000 7
5046000 7
5047000 7
5048000 7
5049000 7
5050000 7
5051000 7
5052000 7
5053000 7
5054000 7
5055000 7
5056000 7
5057000 7
5058000 7
5059000 7
5060000 7
5061000 7
5062000 7
5063000 7
5064000 7
5065000 7
5066000 7
5067000 7
5068000 7
5069000 7
5070000 7
5071000 7
5072000 7
5073000 7
5074000 7
5075000 7
5076000 7
5077000 7
5078000 7
5079000 7
5080000 7
5081000 7
5082000 7
5083000 7
5084000 7
5085000 7
5086000 7
5087000 7
5088000 7
5089000 7
5090000 7
5091000 7
5092000 7
5093000 7
5094000 7
5095000 7
5096000 7
5097000 7
5098000 7
5099000 7
5100000 7
5101000 7
5102000 7
5103000 7
5104000 7
5105000 7
5106000 7
5107000 7
5108000 7
5109000 7
5110000 7
5111000 7
5112000 7
5113000 7
5114000 7
5115000 7
5116000 7
5117000 7
5118000 7
5119000 7
5120000 7
5121000 7
5122000 7
5123000 7
5124000 7
5125000 7
5126000 7
5127000 7
5128000 7
5129000 7
5130000 7
5131000 7
5132000 7
5133000 7
5134000 7
5135000 7
5136000 7
5137000 7
5138000 7
5139000 7
5140000 7
5141000 7
5142000 7
5143000 7
5144000 7
5145000 7
5146000 7
5147000 7
5148000 7
5149000 7
5150000 7
5151000 7
5152000 7
5153000 7
5154000 7
5155000 7
5156000 7
5157000 7
5158000 7
5159000 7
5160000 7
5161000 7
5162000 7
5163000 7
5164000 7
5165000 7
5166000 7
5167000 7
5168000 7
5169000 7
5170000 7
5171000 7
5172000 7
5173000 7
5174000 7
5175000 7
5176000 7
5177000 7
5178000 7
5179000 7
5180000 7
5181000 7
5182000 7
5183000 7
5184000 7
5185000 7
5186000 7
5187000 7
5188000 7
5189000 7
5190000 7
5191000 7
5192000 7
5193000 7
5194000 7
5195000 7
5196000 7
5197000 7
5198000 7
5199000 7
5200000 7
5201000 7
5202000 7
5203000 7
5204000 7
5205000 7
5206000 7
5207000 7
5208000 7
5209000 7
5210000 7
5211000 7
5212000 7
5213000 7
5214000 7
5215000 7
5216000 7
5217000 7
5218000 7
5219000 7
5220000 7
5221000 7
5222000 7
5223000 7
5224000 7
5225000 7
5226000 7
5227000 7
5228000 7
5229000 7
5230000 7
5231000 7
5232000 7
5233000 7
5234000 7
5235000 7
5236000 7
5237000 7
5238000 7
5239000 7
5240000 7
5241000 7
5242000 7
5243000 7
5244000 7
5245000 7
5246000 7
5247000 7
5248000 7
5249000 7
5250000 7
5251000 7
5252000 7
5253000 7
5254000 7
5255000 7
5256000 7
5257000 7
5258000 7
5259000 7
5260000 7
5261000 7
5262000 7
5263000 7
5264000 7
5265000 7
5266000 7
5267000 7
5268000 7
5269000 7
5270000 7
5271000 7
5272000 7
5273000 7
5274000 7
5275000 7
5276000 7
5277000 7
5278000 7
5279000 7
5280000 7
5281000 7
5282000 7
5283000 7
5284000 7
5285000 7
5286000 7
5287000 7
5288000 7
5289000 7
5290000 7
5291000 7
5292000 7
5293000 7
5294000 7
5295000 7
5296000 7
5297000 7
5298000 7
5299000 7
5300000 7
5301000 7
5302000 7
5303000 7
5304000 7
5305000 7
5306000 7
5307000 7
5308000 7
5309000 7
5310000 7
5311000 7
5312000 7
5313000 7
5314000 7
5315000 7
5316000 7
5317000 7
5318000 7
5319000 7
5320000 7
5321000 7
5322000 7
5323000 7
5324000 7
5325000 7
5326000 7
5327000 7
5328000 7
5329000 7
5330000 7
5331000 7
5332000 7
5333000 7
5334000 7
5335000 7
5336000 7
5337000 7
5338000 7
5339000 7
5340000 7
5341000 7
5342000 7
5343000 7
5344000 7
5345000 7
5346000 7
5347000 7
5348000 7
5349000 7
5350000 7
5351000 7
5352000 7
5353000 7
5354000 7
5355000 7
5356000 7
5357000 7
5358000 7
5359000 7
5360000 7
5361000 7
5362000 7
5363000 7
5364000 7
5365000 7
5366000 7
5367000 7
5368000 7
5369000 7
5370000 7
5371000 7
5372000 7
5373000 7
5374000 7
5375000 7
5376000 7
5377000 7
5378000 7
5379000 7
5380000 7
5381000 7
5382000 7
5383000 7
5384000 7
5385000 7
5386000 7
5387000 7
5388000 7
5389000 7
5390000 7
5391000 7
5392000 7
5393000 7
5394000 7
5395000 7
5396000 7
5397000 7
5398000 7
5399000 7
5400000 7
5401000 7
5402000 7
5403000 7
5404000 7
5405000 7
5406000 7
5407000 7
5408000 7
5409000 7
5410000 7
5411000 7
5412000 7
5413000 7
5414000 7
5415000 7
5416000 7
5417000 7
5418000 7
5419000 7
5420000 7
5421000 7
5422000 7
5423000 7
5424000 7
5425000 7
5426000 7
5427000 7
5428000 7
5429000 7
5430000 7
5431000 7
5432000 7
5433000 7
5434000 7
5435000 7
5436000 7
5437000 7
5438000 7
5439000 7
5440000 7
5441000 7
5442000 7
5443000 7
5444000 7
5445000 7
5446000 7
5447000 7
5448000 7
5449000 7
5450000 7
5451000 7
5452000 7
5453000 7
5454000 7
5455000 7
5456000 7
5457000 7
5458000 7
5459000 7
5460000 7
5461000 7
5462000 7
5463000 7
5464000 7
5465000 7
5466000 7
5467000 7
5468000 7
5469000 7
5470000 7
5471000 7
5472000 7
5473000 7
5474000 7
5475000 7
5476000 7
5477000 7
5478000 7
5479000 7
5480000 7
5481000 7
5482000 7
5483000 7
5484000 7
5485000 7
5486000 7
5487000 7
5488000 7
5489000 7
5490000 7
5491000 7
5492000 7
5493000 7
5494000 7
5495000 7
5496000 7
5497000 7
5498000 7
5499000 7
5500000 7
5501000 7
5502000 7
5503000 7
5504000 7
5505000 7
5506000 7
5507000 7
5508000 7
5509000 7
5510000 7
5511000 7
5512000 7
5513000 7
5514000 7
5515000 7
5516000 7
5517000 7
5518000 7
5519000 7
5520000 7
5521000 7
5522000 7
5523000 7
5524000 7
5525000 7
5526000 7
5527000 7
5528000 7
5529000 7
5530000 7
5531000 7
5532000 7
5533000 7
5534000 7
5535000 7
5536000 7
5537000 7
5538000 7
5539000 7
5540000 7
5541000 7
5542000 7
5543000 7
5544000 7
5545000 7
5546000 7
5547000 7
5548000 7
5549000 7
5550000 7
5551000 7
5552000 7
5553000 7
5554000 7
5555000 7
5556000 7
5557000 7
5558000 7
5559000 7
5560000 7
5561000 7
5562000 7
5563000 7
5564000 7
5565000 7
5566000 7
5567000 7
5568000 7
5569000 7
5570000 7
5571000 7
5572000 7
5573000 7
5574000 7
5575000 7
5576000 7
5577000 7
5578000 7
5579000 7
5580000 7
5581000 7
5582000 7
5583000 7
5584000 7
5585000 7
5586000 7
5587000 7
5588000 7
5589000 7
5590000 7
5591000 7
5592000 7
5593000 7
5594000 7
5595000 7
5596000 7
5597000 7
5598000 7
5599000 7
5600000 7
5601000 7
5602000 7
5603000 7
5604000 7
5605000 7
5606000 7
5607000 7
5608000 7
5609000 7
5610000 7
5611000 7
5612000 7
5613000 7
5614000 7
5615000 7
5616000 7
5617000 7
5618000 7
5619000 7
5620000 7
5621000 7
5622000 7
5623000 7
5624000 7
5625000 7
5626000 7
5627000 7
5628000 7
5629000 7
5630000 7
5631000 7
5632000 7
5633000 7
5634000 7
5635000 7
5636000 7
5637000 7
5638000 7
5639000 7
5640000 7
5641000 7
5642000 7
5643000 7
5644000 7
5645000 7
5646000 7
5647000 7
5648000 7
5649000 7
5650000 7
5651000 7
5652000 7
5653000 7
5654000 7
5655000 7
5656000 7
5657000 7
5658000 7
5659000 7
5660000 7
5661000 7
5662000 7
5663000 7
5664000 7
5665000 7
5666000 7
5667000 7
5668000 7
5669000 7
5670000 7
5671000 7
5672000 7
5673000 7
5674000 7
5675000 7
5676000 7
5677000 7
5678000 7
5679000 7
5680000 7
5681000 7
5682000 7
5683000 7
5684000 7
5685000 7
5686000 7
5687000 7
5688000 7
5689000 7
5690000 7
5691000 7
5692000 7
5693000 7
5694000 7
5695000 7
5696000 7
5697000 7
5698000 7
5699000 7
5700000 7
5701000 7
5702000 7
5703000 7
5704000 7
5705000 7
5706000 7
5707000 7
5708000 7
5709000 7
5710000 7
5711000 7
5712000 7
5713000 7
5714000 7
5715000 7
5716000 7
5717000 7
5718000 7
5719000 7
5720000 7
5721000 7
5722000 7
5723000 7
5724000 7
5725000 7
5726000 7
5727000 7
5728000 7
5729000 7
5730000 7
5731000 7
5732000 7
5733000 7
5734000 7
5735000 7
5736000 7
5737000 7
5738000 7
5739000 7
5740000 7
5741000 7
5742000 7
5743000 7
5744000 7
5745000 7
5746000 7
5747000 7
5748000 7
5749000 7
5750000 7
5751000 7
5752000 7
5753000 7
5754000 7
5755000 7
5756000 7
5757000 7
5758000 7
5759000 7
5760000 7
5761000 7
5762000 7
5763000 7
5764000 7
5765000 7
5766000 7
5767000 7
5768000 7
5769000 7
5770000 7
5771000 7
5772000 7
5773000 7
5774000 7
5775000 7
5776000 7
5777000 7
5778000 7
5779000 7
5780000 7
5781000 7
5782000 7
5783000 7
5784000 7
5785000 7
5786000 7
5787000 7
5788000 7
5789000 7
5790000 7
5791000 7
5792000 7
5793000 7
5794000 7
5795000 7
5796000 7
5797000 7
5798000 7
5799000 7
5800000 7
5801000 7
5802000 7
5803000 7
5804000 7
5805000 7
5806000 7
5807000 7
5808000 7
5809000 7
5810000 7
5811000 7
5812000 7
5813000 7
5814000 7
5815000 7
5816000 7
5817000 7
5818000 7
5819000 7
5820000 7
5821000 7
5822000 7
5823000 7
5824000 7
5825000 7
5826000 7
5827000 7
5828000 7
5829000 7
5830000 7
5831000 7
5832000 7
5833000 7
5834000 7
5835000 7
5836000 7
5837000 7
5838000 7
5839000 7
5840000 7
5841000 7
5842000 7
5843000 7
5844000 7
5845000 7
5846000 7
5847000 7
5848000 7
5849000 7
5850000 7
5851000 7
5852000 7
5853000 7
5854000 7
5855000 7
5856000 7
5857000 7
5858000 7
5859000 7
5860000 7
5861000 7
5862000 7
5863000 7
5864000 7
5865000 7
5866000 7
5867000 7
5868000 7
5869000 7
5870000 7
5871000 7
5872000 7
5873000 7
5874000 7
5875000 7
5876000 7
5877000 7
5878000 7
5879000 7
5880000 7
5881000 7
5882000 7
5883000 7
5884000 7
5885000 7
5886000 7
5887000 7
5888000 7
5889000 7
5890000 7
5891000 7
5892000 7
5893000 7
5894000 7
5895000 7
5896000 7
5897000 7
5898000 7
5899000 7
5900000 7
5901000 7
5902000 7
5903000 7
5904000 7
5905000 7
5906000 7
5907000 7
5908000 7
5909000 7
5910000 7
5911000 7
5912000 7
5913000 7
5914000 7
5915000 7
5916000 7
5917000 7
5918000 7
5919000 7
5920000 7
5921000 7
5922000 7
5923000 7
5924000 7
5925000 7
5926000 7
5927000 7
5928000 7
5929000 7
5930000 7
5931000 7
5932000 7
5933000 7
5934000 7
5935000 7
5936000 7
5937000 7
5938000 7
5939000 7
5940000 7
5941000 7
5942000 7
5943000 7
5944000 7
5945000 7
5946000 7
5947000 7
5948000 7
5949000 7
5950000 7
5951000 7
5952000 7
5953000 7
5954000 7
5955000 7
5956000 7
5957000 7
5958000 7
5959000 7
5960000 7
5961000 7
5962000 7
5963000 7
5964000 7
5965000 7
5966000 7
5967000 7
5968000 7
5969000 7
5970000 7
5971000 7
5972000 7
5973000 7
5974000 7
5975000 7
5976000 7
5977000 7
5978000 7
5979000 7
5980000 7
5981000 7
5982000 7
5983000 7
5984000 7
5985000 7
5986000 7
5987000 7
5988000 7
5989000 7
5990000 7
5991000 7
5992000 7
5993000 7
5994000 7
5995000 7
5996000 7
5997000 7
5998000 7
5999000 7
6000000 7
6001000 7
6002000 7
6003000 7
6004000 7
6005000 7
6006000 7
6007000 7
6008000 7
6009000 7
6010000 7
6011000 7
6012000 7
6013000 7
6014000 7
6015000 7
6016000 7
6017000 7
6018000 7
6019000 7
6020000 7
6021000 7
6022000 7
6023000 7
6024000 7
6025000 7
6026000 7
6027000 7
6028000 7
6029000 7
6030000 7
6031000 7
6032000 7
6033000 7
6034000 7
6035000 7
6036000 7
6037000 7
6038000 7
6039000 7
6040000 7
6041000 7
6042000 7
6043000 7
6044000 7
6045000 7
6046000 7
6047000 7
6048000 7
6049000 7
6050000 7
6051000 7
6052000 7
6053000 7
6054000 7
6055000 7
6056000 7
6057000 7
6058000 7
6059000 7
6060000 7
6061000 7
6062000 7
6063000 7
6064000 7
6065000 7
6066000 7
6067000 7
6068000 7
6069000 7
6070000 7
6071000 7
6072000 7
6073000 7
6074000 7
6075000 7
6076000 7
6077000 7
6078000 7
6079000 7
6080000 7
6081000 7
6082000 7
6083000 7
6084000 7
6085000 7
6086000 7
6087000 7
6088000 7
6089000 7
6090000 7
6091000 7
6092000 7
6093000 7
6094000 7
6095000 7
6096000 7
6097000 7
6098000 7
6099000 7
6100000 7
6101000 7
6102000 7
6103000 7
6104000 7
6105000 7
6106000 7
6107000 7
6108000 7
6109000 7
6110000 7
6111000 7
6112000 7
6113000 7
6114000 7
6115000 7
6116000 7
6117000 7
6118000 7
6119000 7
6120000 7
6121000 7
6122000 7
6123000 7
6124000 7
6125000 7
6126000 7
6127000 7
6128000 7
6129000 7
6130000 7
6131000 7
6132000 7
6133000 7
6134000 7
6135000 7
6136000 7
6137000 7
6138000 7
6139000 7
6140000 7
6141000 7
6142000 7
6143000 7
6144000 7
6145000 7
6146000 7
6147000 7
6148000 7
6149000 7
6150000 7
6151000 7
6152000 7
6153000 7
6154000 7
6155000 7
6156000 7
6157000 7
6158000 7
6159000 7
6160000 7
6161000 7
6162000 7
6163000 7
6164000 7
6165000 7
6166000 7
6167000 7
6168000 7
6169000 7
6170000 7
6171000 7
6172000 7
6173000 7
6174000 7
6175000 7
6176000 7
6177000 7
6178000 7
6179000 7
6180000 7
6181000 7
6182000 7
6183000 7
6184000 7
6185000 7
6186000 7
6187000 7
6188000 7
6189000 7
6190000 7
6191000 7
6192000 7
6193000 7
6194000 7
6195000 7
6196000 7
6197000 7
6198000 7
6199000 7
6200000 7
6201000 7
6202000 7
6203000 7
6204000 7
6205000 7
6206000 7
6207000 7
6208000 7
6209000 7
6210000 7
6211000 7
6212000 7
6213000 7
6214000 7
6215000 7
6216000 7
6217000 7
6218000 7
6219000 7
6220000 7
6221000 7
6222000 7
6223000 7
6224000 7
6225000 7
6226000 7
6227000 7
6228000 7
6229000 7
6230000 7
6231000 7
6232000 7
6233000 7
6234000 7
6235000 7
6236000 7
6237000 7
6238000 7
6239000 7
6240000 7
6241000 7
6242000 7
6243000 7
6244000 7
6245000 7
6246000 7
6247000 7
6248000 7
6249000 7
6250000 7
6251000 7
6252000 7
6253000 7
6254000 7
6255000 7
6256000 7
6257000 7
6258000 7
6259000 7
6260000 7
6261000 7
6262000 7
6263000 7
6264000 7
6265000 7
6266000 7
6267000 7
6268000 7
6269000 7
6270000 7
6271000 7
6272000 7
6273000 7
6274000 7
6275000 7
6276000 7
6277000 7
6278000 7
6279000 7
6280000 7
6281000 7
6282000 7
6283000 7
6284000 7
6285000 7
6286000 7
6287000 7
6288000 7
6289000 7
6290000 7
6291000 7
6292000 7
6293000 7
6294000 7
6295000 7
6296000 7
6297000 7
6298000 7
6299000 7
6300000 7
6301000 7
6302000 7
6303000 7
6304000 7
6305000 7
6306000 7
6307000 7
6308000 7
6309000 7
6310000 7
6311000 7
6312000 7
6313000 7
6314000 7
6315000 7
6316000 7
6317000 7
6318000 7
6319000 7
6320000 7
6321000 7
6322000 7
6323000 7
6324000 7
6325000 7
6326000 7
6327000 7
6328000 7
6329000 7
6330000 7
6331000 7
6332000 7
6333000 7
6334000 7
6335000 7
6336000 7
6337000 7
6338000 7
6339000 7
6340000 7
6341000 7
6342000 7
6343000 7
6344000 7
6345000 7
6346000 7
6347000 7
6348000 7
6349000 7
6350000 7
6351000 7
6352000 7
6353000 7
6354000 7
6355000 7
6356000 7
6357000 7
6358000 7
6359000 7
6360000 7
6361000 7
6362000 7
6363000 7
6364000 7
6365000 7
6366000 7
6367000 7
6368000 7
6369000 7
6370000 7
6371000 7
6372000 7
6373000 7
6374000 7
6375000 7
6376000 7
6377000 7
6378000 7
6379000 7
6380000 7
6381000 7
6382000 7
6383000 7
6384000 7
6385000 7
6386000 7
6387000 7
6388000 7
6389000 7
6390000 7
6391000 7
6392000 7
6393000 7
6394000 7
6395000 7
6396000 7
6397000 7
6398000 7
6399000 7
6400000 7
6401000 7
6402000 7
6403000 7
6404000 7
6405000 7
6406000 7
6407000 7
6408000 7
6409000 7
6410000 7
6411000 7
6412000 7
6413000 7
6414000 7
6415000 7
6416000 7
6417000 7
6418000 7
6419000 7
6420000 7
6421000 7
6422000 7
6423000 7
6424000 7
6425000 7
6426000 7
6427000 7
6428000 7
6429000 7
6430000 7
6431000 7
6432000 7
6433000 7
6434000 7
6435000 7
6436000 7
6437000 7
6438000 7
6439000 7
6440000 7
6441000 7
6442000 7
6443000 7
6444000 7
6445000 7
6446000 7
6447000 7
6448000 7
6449000 7
6450000 7
6451000 7
6452000 7
6453000 7
6454000 7
6455000 7
6456000 7
6457000 7
6458000 7
6459000 7
6460000 7
6461000 7
6462000 7
6463000 7
6464000 7
6465000 7
6466000 7
6467000 7
6468000 7
6469000 7
6470000 7
6471000 7
6472000 7
6473000 7
6474000 7
6475000 7
6476000 7
6477000 7
6478000 7
6479000 7
6480000 7
6481000 7
6482000 7
6483000 7
6484000 7
6485000 7
6486000 7
6487000 7
6488000 7
6489000 7
6490000 7
6491000 7
6492000 7
6493000 7
6494000 7
6495000 7
6496000 7
6497000 7
6498000 7
6499000 7
6500000 7
6501000 7
6502000 7
6503000 7
6504000 7
6505000 7
6506000 7
6507000 7
6508000 7
6509000 7
6510000 7
6511000 7
6512000 7
6513000 7
6514000 7
6515000 7
6516000 7
6517000 7
6518000 7
6519000 7
6520000 7
6521000 7
6522000 7
6523000 7
6524000 7
6525000 7
6526000 7
6527000 7
6528000 7
6529000 7
6530000 7
6531000 7
6532000 7
6533000 7
6534000 7
6535000 7
6536000 7
6537000 7
6538000 7
6539000 7
6540000 7
6541000 7
6542000 7
6543000 7
6544000 7
6545000 7
6546000 7
6547000 7
6548000 7
6549000 7
6550000 7
6551000 7
6552000 7
6553000 7
6554000 7
6555000 7
6556000 7
6557000 7
6558000 7
6559000 7
6560000 7
6561000 7
6562000 7
6563000 7
6564000 7
6565000 7
6566000 7
6567000 7
6568000 7
6569000 7
6570000 7
6571000 7
6572000 7
6573000 7
6574000 7
6575000 7
6576000 7
6577000 7
6578000 7
6579000 7
6580000 7
6581000 7
6582000 7
6583000 7
6584000 7
6585000 7
6586000 7
6587000 7
6588000 7
6589000 7
6590000 7
6591000 7
6592000 7
6593000 7
6594000 7
6595000 7
6596000 7
6597000 7
6598000 7
6599000 7
6600000 7
6601000 7
6602000 7
6603000 7
6604000 7
6605000 7
6606000 7
6607000 7
6608000 7
6609000 7
6610000 7
6611000 7
6612000 7
6613000 7
6614000 7
6615000 7
6616000 7
6617000 7
6618000 7
6619000 7
6620000 7
6621000 7
6622000 7
6623000 7
6624000 7
6625000 7
6626000 7
6627000 7
6628000 7
6629000 7
6630000 7
6631000 7
6632000 7
6633000 7
6634000 7
6635000 7
6636000 7
6637000 7
6638000 7
6639000 7
6640000 7
6641000 7
6642000 7
6643000 7
6644000 7
6645000 7
6646000 7
6647000 7
6648000 7
6649000 7
6650000 7
6651000 7
6652000 7
6653000 7
6654000 7
6655000 7
6656000 7
6657000 7
6658000 7
6659000 7
6660000 7
6661000 7
6662000 7
6663000 7
6664000 7
6665000 7
6666000 7
6667000 7
6668000 7
6669000 7
6670000 7
6671000 7
6672000 7
6673000 7
6674000 7
6675000 7
6676000 7
6677000 7
6678000 7
6679000 7
6680000 7
6681000 7
6682000 7
6683000 7
6684000 7
6685000 7
6686000 7
6687000 7
6688000 7
6689000 7
6690000 7
6691000 7
6692000 7
6693000 7
6694000 7
6695000 7
6696000 7
6697000 7
6698000 7
6699000 7
6700000 7
6701000 7
6702000 7
6703000 7
6704000 7
6705000 7
6706000 7
6707000 7
6708000 7
6709000 7
6710000 7
6711000 7
6712000 7
6713000 7
6714000 7
6715000 7
6716000 7
6717000 7
6718000 7
6719000 7
6720000 7
6721000 7
6722000 7
6723000 7
6724000 7
6725000 7
6726000 7
6727000 7
6728000 7
6729000 7
6730000 7
6731000 7
6732000 7
6733000 7
6734000 7
6735000 7
6736000 7
6737000 7
6738000 7
6739000 7
6740000 7
6741000 7
6742000 7
6743000 7
6744000 7
6745000 7
6746000 7
6747000 7
6748000 7
6749000 7
6750000 7
6751000 7
6752000 7
6753000 7
6754000 7
6755000 7
6756000 7
6757000 7
6758000 7
6759000 7
6760000 7
6761000 7
6762000 7
6763000 7
6764000 7
6765000 7
6766000 7
6767000 7
6768000 7
6769000 7
6770000 7
6771000 7
6772000 7
6773000 7
6774000 7
6775000 7
6776000 7
6777000 7
6778000 7
6779000 7
6780000 7
6781000 7
6782000 7
6783000 7
6784000 7
6785000 7
6786000 7
6787000 7
6788000 7
6789000 7
6790000 7
6791000 7
6792000 7
6793000 7
6794000 7
6795000 7
6796000 7
6797000 7
6798000 7
6799000 7
6800000 7
6801000 7
6802000 7
6803000 7
6804000 7
6805000 7
6806000 7
6807000 7
6808000 7
6809000 7
6810000 7
6811000 7
6812000 7
6813000 7
6814000 7
6815000 7
6816000 7
6817000 7
6818000 7
6819000 7
6820000 7
6821000 7
6822000 7
6823000 7
6824000 7
6825000 7
6826000 7
6827000 7
6828000 7
6829000 7
6830000 7
6831000 7
6832000 7
6833000 7
6834000 7
6835000 7
6836000 7
6837000 7
6838000 7
6839000 7
6840000 7
6841000 7
6842000 7
6843000 7
6844000 7
6845000 7
6846000 7
6847000 7
6848000 7
6849000 7
6850000 7
6851000 7
6852000 7
6853000 7
6854000 7
6855000 7
6856000 7
6857000 7
6858000 7
6859000 7
6860000 7
6861000 7
6862000 7
6863000 7
6864000 7
6865000 7
6866000 7
6867000 7
6868000 7
6869000 7
6870000 7
6871000 7
6872000 7
6873000 7
6874000 7
6875000 7
6876000 7
6877000 7
6878000 7
6879000 7
6880000 7
6881000 7
6882000 7
6883000 7
6884000 7
6885000 7
6886000 7
6887000 7
6888000 7
6889000 7
6890000 7
6891000 7
6892000 7
6893000 7
6894000 7
6895000 7
6896000 7
6897000 7
6898000 7
6899000 7
6900000 7
6901000 7
6902000 7
6903000 7
6904000 7
6905000 7
6906000 7
6907000 7
6908000 7
6909000 7
6910000 7
6911000 7
6912000 7
6913000 7
6914000 7
6915000 7
6916000 7
6917000 7
6918000 7
6919000 7
6920000 7
6921000 7
6922000 7
6923000 7
6924000 7
6925000 7
6926000 7
6927000 7
6928000 7
6929000 7
6930000 7
6931000 7
6932000 7
6933000 7
6934000 7
6935000 7
6936000 7
6937000 7
6938000 7
6939000 7
6940000 7
6941000 7
6942000 7
6943000 7
6944000 7
6945000 7
6946000 7
6947000 7
6948000 7
6949000 7
6950000 7
6951000 7
6952000 7
6953000 7
6954000 7
6955000 7
6956000 7
6957000 7
6958000 7
6959000 7
6960000 7
6961000 7
6962000 7
6963000 7
6964000 7
6965000 7
6966000 7
6967000 7
6968000 7
6969000 7
6970000 7
6971000 7
6972000 7
6973000 7
6974000 7
6975000 7
6976000 7
6977000 7
6978000 7
6979000 7
6980000 7
6981000 7
6982000 7
6983000 7
6984000 7
6985000 7
6986000 7
6987000 7
6988000 7
6989000 7
6990000 7
6991000 7
6992000 7
6993000 7
6994000 7
6995000 7
6996000 7
6997000 7
6998000 7
6999000 7
