# frame 	 heights
0 20
1000 20
2000 20
3000 20
4000 20
5000 20
6000 20
7000 20
8000 20
9000 20
10000 20
11000 20
12000 20
13000 20
14000 20
15000 20
16000 20
17000 20
18000 20
19000 20
20000 20
21000 20
22000 20
23000 20
24000 20
25000 20
26000 20
27000 20
28000 20
29000 20
30000 20
31000 20
32000 20
33000 20
34000 20
35000 20
36000 20
37000 20
38000 20
39000 20
40000 20
41000 20
42000 20
43000 20
44000 20
45000 20
46000 20
47000 20
48000 20
49000 20
50000 20
51000 20
52000 20
53000 20
54000 20
55000 20
56000 20
57000 20
58000 20
59000 20
60000 20
61000 20
62000 20
63000 20
64000 20
65000 20
66000 20
67000 20
68000 20
69000 20
70000 20
71000 20
72000 20
73000 20
74000 20
75000 20
76000 20
77000 20
78000 20
79000 20
80000 20
81000 20
82000 20
83000 20
84000 20
85000 20
86000 20
87000 20
88000 20
89000 20
90000 20
91000 20
92000 20
93000 20
94000 20
95000 20
96000 20
97000 20
98000 20
99000 20
100000 20
101000 20
102000 20
103000 20
104000 20
105000 20
106000 20
107000 20
108000 20
109000 20
110000 20
111000 20
112000 20
113000 20
114000 20
115000 20
116000 20
117000 20
118000 20
119000 20
120000 20
121000 20
122000 20
123000 20
124000 20
125000 20
126000 20
127000 20
128000 20
129000 20
130000 20
131000 20
132000 20
133000 20
134000 20
135000 20
136000 20
137000 20
138000 20
139000 20
140000 20
141000 20
142000 20
143000 20
144000 20
145000 20
146000 20
147000 20
148000 20
149000 20
150000 20
151000 20
152000 20
153000 20
154000 20
155000 20
156000 20
157000 20
158000 20
159000 20
160000 20
161000 20
162000 20
163000 20
164000 20
165000 20
166000 20
167000 20
168000 20
169000 20
170000 20
171000 20
172000 20
173000 20
174000 20
175000 20
176000 20
177000 20
178000 20
179000 20
180000 20
181000 20
182000 20
183000 20
184000 20
185000 20
186000 20
187000 20
188000 20
189000 20
190000 20
191000 20
192000 20
193000 20
194000 20
195000 20
196000 20
197000 20
198000 20
199000 20
200000 20
201000 20
202000 20
203000 20
204000 20
205000 20
206000 20
207000 20
208000 20
209000 20
210000 20
211000 20
212000 20
213000 20
214000 20
215000 20
216000 20
217000 20
218000 20
219000 20
220000 20
221000 20
222000 20
223000 20
224000 20
225000 20
226000 20
227000 20
228000 20
229000 20
230000 20
231000 20
232000 20
233000 20
234000 20
235000 20
236000 20
237000 20
238000 20
239000 20
240000 20
241000 20
242000 20
243000 20
244000 20
245000 20
246000 20
247000 20
248000 20
249000 20
250000 20
251000 20
252000 20
253000 20
254000 20
255000 20
256000 20
257000 20
258000 20
259000 20
260000 20
261000 20
262000 20
263000 20
264000 20
265000 20
266000 20
267000 20
268000 20
269000 20
270000 20
271000 20
272000 20
273000 20
274000 20
275000 20
276000 20
277000 20
278000 20
279000 20
280000 20
281000 20
282000 20
283000 20
284000 20
285000 20
286000 20
287000 20
288000 20
289000 20
290000 20
291000 20
292000 20
293000 20
294000 20
295000 20
296000 20
297000 20
298000 20
299000 20
300000 20
301000 20
302000 20
303000 20
304000 20
305000 20
306000 20
307000 20
308000 20
309000 20
310000 20
311000 20
312000 20
313000 20
314000 20
315000 20
316000 20
317000 20
318000 20
319000 20
320000 20
321000 20
322000 20
323000 20
324000 20
325000 20
326000 20
327000 20
328000 20
329000 20
330000 20
331000 20
332000 20
333000 20
334000 20
335000 20
336000 20
337000 20
338000 20
339000 20
340000 20
341000 20
342000 20
343000 20
344000 20
345000 20
346000 20
347000 20
348000 20
349000 20
350000 20
351000 20
352000 20
353000 20
354000 20
355000 20
356000 20
357000 20
358000 20
359000 20
360000 20
361000 20
362000 20
363000 20
364000 20
365000 20
366000 20
367000 20
368000 20
369000 20
370000 20
371000 20
372000 20
373000 20
374000 20
375000 20
376000 20
377000 20
378000 20
379000 20
380000 20
381000 20
382000 20
383000 20
384000 20
385000 20
386000 20
387000 20
388000 20
389000 20
390000 20
391000 20
392000 20
393000 20
394000 20
395000 20
396000 20
397000 20
398000 20
399000 20
400000 20
401000 20
402000 20
403000 20
404000 20
405000 20
406000 20
407000 20
408000 20
409000 20
410000 20
411000 20
412000 20
413000 20
414000 20
415000 20
416000 20
417000 20
418000 20
419000 20
420000 20
421000 20
422000 20
423000 20
424000 20
425000 20
426000 20
427000 20
428000 20
429000 20
430000 20
431000 20
432000 20
433000 20
434000 20
435000 20
436000 20
437000 20
438000 20
439000 20
440000 20
441000 20
442000 20
443000 20
444000 20
445000 20
446000 20
447000 20
448000 20
449000 20
450000 20
451000 20
452000 20
453000 20
454000 20
455000 20
456000 20
457000 20
458000 20
459000 20
460000 20
461000 20
462000 20
463000 20
464000 20
465000 20
466000 20
467000 20
468000 20
469000 20
470000 20
471000 20
472000 20
473000 20
474000 20
475000 20
476000 20
477000 20
478000 20
479000 20
480000 20
481000 20
482000 20
483000 20
484000 20
485000 20
486000 20
487000 20
488000 20
489000 20
490000 20
491000 20
492000 20
493000 20
494000 20
495000 20
496000 20
497000 20
498000 20
499000 20
500000 20
501000 20
502000 20
503000 20
504000 20
505000 20
506000 20
507000 20
508000 20
509000 20
510000 20
511000 20
512000 20
513000 20
514000 20
515000 20
516000 20
517000 20
518000 20
519000 20
520000 20
521000 20
522000 20
523000 20
524000 20
525000 20
526000 20
527000 20
528000 20
529000 20
530000 20
531000 20
532000 20
533000 20
534000 20
535000 20
536000 20
537000 20
538000 20
539000 20
540000 20
541000 20
542000 20
543000 20
544000 20
545000 20
546000 20
547000 20
548000 20
549000 20
550000 20
551000 20
552000 20
553000 20
554000 20
555000 20
556000 20
557000 20
558000 20
559000 20
560000 20
561000 20
562000 20
563000 20
564000 20
565000 20
566000 20
567000 20
568000 20
569000 20
570000 20
571000 20
572000 20
573000 20
574000 20
575000 20
576000 20
577000 20
578000 20
579000 20
580000 20
581000 20
582000 20
583000 20
584000 20
585000 20
586000 20
587000 20
588000 20
589000 20
590000 20
591000 20
592000 20
593000 20
594000 20
595000 20
596000 20
597000 20
598000 20
599000 20
600000 20
601000 20
602000 20
603000 20
604000 20
605000 20
606000 20
607000 20
608000 20
609000 20
610000 20
611000 20
612000 20
613000 20
614000 20
615000 20
616000 20
617000 20
618000 20
619000 20
620000 20
621000 20
622000 20
623000 20
624000 20
625000 20
626000 20
627000 20
628000 20
629000 20
630000 20
631000 20
632000 20
633000 20
634000 20
635000 20
636000 20
637000 20
638000 20
639000 20
640000 20
641000 20
642000 20
643000 20
644000 20
645000 20
646000 20
647000 20
648000 20
649000 20
650000 20
651000 20
652000 20
653000 20
654000 20
655000 20
656000 20
657000 20
658000 20
659000 20
660000 20
661000 20
662000 20
663000 20
664000 20
665000 20
666000 20
667000 20
668000 20
669000 20
670000 20
671000 20
672000 20
673000 20
674000 20
675000 20
676000 20
677000 20
678000 20
679000 20
680000 20
681000 20
682000 20
683000 20
684000 20
685000 20
686000 20
687000 20
688000 20
689000 20
690000 20
691000 20
692000 20
693000 20
694000 20
695000 20
696000 20
697000 20
698000 20
699000 20
700000 20
701000 20
702000 20
703000 20
704000 20
705000 20
706000 20
707000 20
708000 20
709000 20
710000 20
711000 20
712000 20
713000 20
714000 20
715000 20
716000 20
717000 20
718000 20
719000 20
720000 20
721000 20
722000 20
723000 20
724000 20
725000 20
726000 20
727000 20
728000 20
729000 20
730000 20
731000 20
732000 20
733000 20
734000 20
735000 20
736000 20
737000 20
738000 20
739000 20
740000 20
741000 20
742000 20
743000 20
744000 20
745000 20
746000 20
747000 20
748000 20
749000 20
750000 20
751000 20
752000 20
753000 20
754000 20
755000 20
756000 20
757000 20
758000 20
759000 20
760000 20
761000 20
762000 20
763000 20
764000 20
765000 20
766000 20
767000 20
768000 20
769000 20
770000 20
771000 20
772000 20
773000 20
774000 20
775000 20
776000 20
777000 20
778000 20
779000 20
780000 20
781000 20
782000 20
783000 20
784000 20
785000 20
786000 20
787000 20
788000 20
789000 20
790000 20
791000 20
792000 20
793000 20
794000 20
795000 20
796000 20
797000 20
798000 20
799000 20
800000 20
801000 20
802000 20
803000 20
804000 20
805000 20
806000 20
807000 20
808000 20
809000 20
810000 20
811000 20
812000 20
813000 20
814000 20
815000 20
816000 20
817000 20
818000 20
819000 20
820000 20
821000 20
822000 20
823000 20
824000 20
825000 20
826000 20
827000 20
828000 20
829000 20
830000 20
831000 20
832000 20
833000 20
834000 20
835000 20
836000 20
837000 20
838000 20
839000 20
840000 20
841000 20
842000 20
843000 20
844000 20
845000 20
846000 20
847000 20
848000 20
849000 20
850000 20
851000 20
852000 20
853000 20
854000 20
855000 20
856000 20
857000 20
858000 20
859000 20
860000 20
861000 20
862000 20
863000 20
864000 20
865000 20
866000 20
867000 20
868000 20
869000 20
870000 20
871000 20
872000 20
873000 20
874000 20
875000 20
876000 20
877000 20
878000 20
879000 20
880000 20
881000 20
882000 20
883000 20
884000 20
885000 20
886000 20
887000 20
888000 20
889000 20
890000 20
891000 20
892000 20
893000 20
894000 20
895000 20
896000 20
897000 20
898000 20
899000 20
900000 20
901000 20
902000 20
903000 20
904000 20
905000 20
906000 20
907000 20
908000 20
909000 20
910000 20
911000 20
912000 20
913000 20
914000 20
915000 20
916000 20
917000 20
918000 20
919000 20
920000 20
921000 20
922000 20
923000 20
924000 20
925000 20
926000 20
927000 20
928000 20
929000 20
930000 20
931000 20
932000 20
933000 20
934000 20
935000 20
936000 20
937000 20
938000 20
939000 20
940000 20
941000 20
942000 20
943000 20
944000 20
945000 20
946000 20
947000 20
948000 20
949000 20
950000 20
951000 20
952000 20
953000 20
954000 20
955000 20
956000 20
957000 20
958000 20
959000 20
960000 20
961000 20
962000 20
963000 20
964000 20
965000 20
966000 20
967000 20
968000 20
969000 20
970000 20
971000 20
972000 20
973000 20
974000 20
975000 20
976000 20
977000 20
978000 20
979000 20
980000 20
981000 20
982000 20
983000 20
984000 20
985000 20
986000 20
987000 20
988000 20
989000 20
990000 20
991000 20
992000 20
993000 20
994000 20
995000 20
996000 20
997000 20
998000 20
999000 20
1000000 20
1001000 20
1002000 20
1003000 20
1004000 20
1005000 20
1006000 20
1007000 20
1008000 20
1009000 20
1010000 20
1011000 20
1012000 20
1013000 20
1014000 20
1015000 20
1016000 20
1017000 20
1018000 20
1019000 20
1020000 20
1021000 20
1022000 20
1023000 20
1024000 20
1025000 20
1026000 20
1027000 20
1028000 20
1029000 20
1030000 20
1031000 20
1032000 20
1033000 20
1034000 20
1035000 20
1036000 20
1037000 20
1038000 20
1039000 20
1040000 20
1041000 20
1042000 20
1043000 20
1044000 20
1045000 20
1046000 20
1047000 20
1048000 20
1049000 20
1050000 20
1051000 20
1052000 20
1053000 20
1054000 20
1055000 20
1056000 20
1057000 20
1058000 20
1059000 20
1060000 20
1061000 20
1062000 20
1063000 20
1064000 20
1065000 20
1066000 20
1067000 20
1068000 20
1069000 20
1070000 20
1071000 20
1072000 20
1073000 20
1074000 20
1075000 20
1076000 20
1077000 20
1078000 20
1079000 20
1080000 20
1081000 20
1082000 20
1083000 20
1084000 20
1085000 20
1086000 20
1087000 20
1088000 20
1089000 20
1090000 20
1091000 20
1092000 20
1093000 20
1094000 20
1095000 20
1096000 20
1097000 20
1098000 20
1099000 20
1100000 20
1101000 20
1102000 20
1103000 20
1104000 20
1105000 20
1106000 20
1107000 20
1108000 20
1109000 20
1110000 20
1111000 20
1112000 20
1113000 20
1114000 20
1115000 20
1116000 20
1117000 20
1118000 20
1119000 20
1120000 20
1121000 20
1122000 20
1123000 20
1124000 20
1125000 20
1126000 20
1127000 20
1128000 20
1129000 20
1130000 20
1131000 20
1132000 20
1133000 20
1134000 20
1135000 20
1136000 20
1137000 20
1138000 20
1139000 20
1140000 20
1141000 20
1142000 20
1143000 20
1144000 20
1145000 20
1146000 20
1147000 20
1148000 20
1149000 20
1150000 20
1151000 20
1152000 20
1153000 20
1154000 20
1155000 20
1156000 20
1157000 20
1158000 20
1159000 20
1160000 20
1161000 20
1162000 20
1163000 20
1164000 20
1165000 20
1166000 20
1167000 20
1168000 20
1169000 20
1170000 20
1171000 20
1172000 20
1173000 20
1174000 20
1175000 20
1176000 20
1177000 20
1178000 20
1179000 20
1180000 20
1181000 20
1182000 20
1183000 20
1184000 20
1185000 20
1186000 20
1187000 20
1188000 20
1189000 20
1190000 20
1191000 20
1192000 20
1193000 20
1194000 20
1195000 20
1196000 20
1197000 20
1198000 20
1199000 20
1200000 20
1201000 20
1202000 20
1203000 20
1204000 20
1205000 20
1206000 20
1207000 20
1208000 20
1209000 20
1210000 20
1211000 20
1212000 20
1213000 20
1214000 20
1215000 20
1216000 20
1217000 20
1218000 20
1219000 20
1220000 20
1221000 20
1222000 20
1223000 20
1224000 20
1225000 20
1226000 20
1227000 20
1228000 20
1229000 20
1230000 20
1231000 20
1232000 20
1233000 20
1234000 20
1235000 20
1236000 20
1237000 20
1238000 20
1239000 20
1240000 20
1241000 20
1242000 20
1243000 20
1244000 20
1245000 20
1246000 20
1247000 20
1248000 20
1249000 20
1250000 20
1251000 20
1252000 20
1253000 20
1254000 20
1255000 20
1256000 20
1257000 20
1258000 20
1259000 20
1260000 20
1261000 20
1262000 20
1263000 20
1264000 20
1265000 20
1266000 20
1267000 20
1268000 20
1269000 20
1270000 20
1271000 20
1272000 20
1273000 20
1274000 20
1275000 20
1276000 20
1277000 20
1278000 20
1279000 20
1280000 20
1281000 20
1282000 20
1283000 20
1284000 20
1285000 20
1286000 20
1287000 20
1288000 20
1289000 20
1290000 20
1291000 20
1292000 20
1293000 20
1294000 20
1295000 20
1296000 20
1297000 20
1298000 20
1299000 20
1300000 20
1301000 20
1302000 20
1303000 20
1304000 20
1305000 20
1306000 20
1307000 20
1308000 20
1309000 20
1310000 20
1311000 20
1312000 20
1313000 20
1314000 20
1315000 20
1316000 20
1317000 20
1318000 20
1319000 20
1320000 20
1321000 20
1322000 20
1323000 20
1324000 20
1325000 20
1326000 20
1327000 20
1328000 20
1329000 20
1330000 20
1331000 20
1332000 20
1333000 20
1334000 20
1335000 20
1336000 20
1337000 20
1338000 20
1339000 20
1340000 20
1341000 20
1342000 20
1343000 20
1344000 20
1345000 20
1346000 20
1347000 20
1348000 20
1349000 20
1350000 20
1351000 20
1352000 20
1353000 20
1354000 20
1355000 20
1356000 20
1357000 20
1358000 20
1359000 20
1360000 20
1361000 20
1362000 20
1363000 20
1364000 20
1365000 20
1366000 20
1367000 20
1368000 20
1369000 20
1370000 20
1371000 20
1372000 20
1373000 20
1374000 20
1375000 20
1376000 20
1377000 20
1378000 20
1379000 20
1380000 20
1381000 20
1382000 20
1383000 20
1384000 20
1385000 20
1386000 20
1387000 20
1388000 20
1389000 20
1390000 20
1391000 20
1392000 20
1393000 20
1394000 20
1395000 20
1396000 20
1397000 20
1398000 20
1399000 20
1400000 20
1401000 20
1402000 20
1403000 20
1404000 20
1405000 20
1406000 20
1407000 20
1408000 20
1409000 20
1410000 20
1411000 20
1412000 20
1413000 20
1414000 20
1415000 20
1416000 20
1417000 20
1418000 20
1419000 20
1420000 20
1421000 20
1422000 20
1423000 20
1424000 20
1425000 20
1426000 20
1427000 20
1428000 20
1429000 20
1430000 20
1431000 20
1432000 20
1433000 20
1434000 20
1435000 20
1436000 20
1437000 20
1438000 20
1439000 20
1440000 20
1441000 20
1442000 20
1443000 20
1444000 20
1445000 20
1446000 20
1447000 20
1448000 20
1449000 20
1450000 20
1451000 20
1452000 20
1453000 20
1454000 20
1455000 20
1456000 20
1457000 20
1458000 20
1459000 20
1460000 20
1461000 20
1462000 20
1463000 20
1464000 20
1465000 20
1466000 20
1467000 20
1468000 20
1469000 20
1470000 20
1471000 20
1472000 20
1473000 20
1474000 20
1475000 20
1476000 20
1477000 20
1478000 20
1479000 20
1480000 20
1481000 20
1482000 20
1483000 20
1484000 20
1485000 20
1486000 20
1487000 20
1488000 20
1489000 20
1490000 20
1491000 20
1492000 20
1493000 20
1494000 20
1495000 20
1496000 20
1497000 20
1498000 20
1499000 20
1500000 20
1501000 20
1502000 20
1503000 20
1504000 20
1505000 20
1506000 20
1507000 20
1508000 20
1509000 20
1510000 20
1511000 20
1512000 20
1513000 20
1514000 20
1515000 20
1516000 20
1517000 20
1518000 20
1519000 20
1520000 20
1521000 20
1522000 20
1523000 20
1524000 20
1525000 20
1526000 20
1527000 20
1528000 20
1529000 20
1530000 20
1531000 20
1532000 20
1533000 20
1534000 20
1535000 20
1536000 20
1537000 20
1538000 20
1539000 20
1540000 20
1541000 20
1542000 20
1543000 20
1544000 20
1545000 20
1546000 20
1547000 20
1548000 20
1549000 20
1550000 20
1551000 20
1552000 20
1553000 20
1554000 20
1555000 20
1556000 20
1557000 20
1558000 20
1559000 20
1560000 20
1561000 20
1562000 20
1563000 20
1564000 20
1565000 20
1566000 20
1567000 20
1568000 20
1569000 20
1570000 20
1571000 20
1572000 20
1573000 20
1574000 20
1575000 20
1576000 20
1577000 20
1578000 20
1579000 20
1580000 20
1581000 20
1582000 20
1583000 20
1584000 20
1585000 20
1586000 20
1587000 20
1588000 20
1589000 20
1590000 20
1591000 20
1592000 20
1593000 20
1594000 20
1595000 20
1596000 20
1597000 20
1598000 20
1599000 20
1600000 20
1601000 20
1602000 20
1603000 20
1604000 20
1605000 20
1606000 20
1607000 20
1608000 20
1609000 20
1610000 20
1611000 20
1612000 20
1613000 20
1614000 20
1615000 20
1616000 20
1617000 20
1618000 20
1619000 20
1620000 20
1621000 20
1622000 20
1623000 20
1624000 20
1625000 20
1626000 20
1627000 20
1628000 20
1629000 20
1630000 20
1631000 20
1632000 20
1633000 20
1634000 20
1635000 20
1636000 20
1637000 20
1638000 20
1639000 20
1640000 20
1641000 20
1642000 20
1643000 20
1644000 20
1645000 20
1646000 20
1647000 20
1648000 20
1649000 20
1650000 20
1651000 20
1652000 20
1653000 20
1654000 20
1655000 20
1656000 20
1657000 20
1658000 20
1659000 20
1660000 20
1661000 20
1662000 20
1663000 20
1664000 20
1665000 20
1666000 20
1667000 20
1668000 20
1669000 20
1670000 20
1671000 20
1672000 20
1673000 20
1674000 20
1675000 20
1676000 20
1677000 20
1678000 20
1679000 20
1680000 20
1681000 20
1682000 20
1683000 20
1684000 20
1685000 20
1686000 20
1687000 20
1688000 20
1689000 20
1690000 20
1691000 20
1692000 20
1693000 20
1694000 20
1695000 20
1696000 20
1697000 20
1698000 20
1699000 20
1700000 20
1701000 20
1702000 20
1703000 20
1704000 20
1705000 20
1706000 20
1707000 20
1708000 20
1709000 20
1710000 20
1711000 20
1712000 20
1713000 20
1714000 20
1715000 20
1716000 20
1717000 20
1718000 20
1719000 20
1720000 20
1721000 20
1722000 20
1723000 20
1724000 20
1725000 20
1726000 20
1727000 20
1728000 20
1729000 20
1730000 20
1731000 20
1732000 20
1733000 20
1734000 20
1735000 20
1736000 20
1737000 20
1738000 20
1739000 20
1740000 20
1741000 20
1742000 20
1743000 20
1744000 20
1745000 20
1746000 20
1747000 20
1748000 20
1749000 20
1750000 20
1751000 20
1752000 20
1753000 20
1754000 20
1755000 20
1756000 20
1757000 20
1758000 20
1759000 20
1760000 20
1761000 20
1762000 20
1763000 20
1764000 20
1765000 20
1766000 20
1767000 20
1768000 20
1769000 20
1770000 20
1771000 20
1772000 20
1773000 20
1774000 20
1775000 20
1776000 20
1777000 20
1778000 20
1779000 20
1780000 20
1781000 20
1782000 20
1783000 20
1784000 20
1785000 20
1786000 20
1787000 20
1788000 20
1789000 20
1790000 20
1791000 20
1792000 20
1793000 20
1794000 20
1795000 20
1796000 20
1797000 20
1798000 20
1799000 20
1800000 20
1801000 20
1802000 20
1803000 20
1804000 20
1805000 20
1806000 20
1807000 20
1808000 20
1809000 20
1810000 20
1811000 20
1812000 20
1813000 20
1814000 20
1815000 20
1816000 20
1817000 20
1818000 20
1819000 20
1820000 20
1821000 20
1822000 20
1823000 20
1824000 20
1825000 20
1826000 20
1827000 20
1828000 20
1829000 20
1830000 20
1831000 20
1832000 20
1833000 20
1834000 20
1835000 20
1836000 20
1837000 20
1838000 20
1839000 20
1840000 20
1841000 20
1842000 20
1843000 20
1844000 20
1845000 20
1846000 20
1847000 20
1848000 20
1849000 20
1850000 20
1851000 20
1852000 20
1853000 20
1854000 20
1855000 20
1856000 20
1857000 20
1858000 20
1859000 20
1860000 20
1861000 20
1862000 20
1863000 20
1864000 20
1865000 20
1866000 20
1867000 20
1868000 20
1869000 20
1870000 20
1871000 20
1872000 20
1873000 20
1874000 20
1875000 20
1876000 20
1877000 20
1878000 20
1879000 20
1880000 20
1881000 20
1882000 20
1883000 20
1884000 20
1885000 20
1886000 20
1887000 20
1888000 20
1889000 20
1890000 20
1891000 20
1892000 20
1893000 20
1894000 20
1895000 20
1896000 20
1897000 20
1898000 20
1899000 20
1900000 20
1901000 20
1902000 20
1903000 20
1904000 20
1905000 20
1906000 20
1907000 20
1908000 20
1909000 20
1910000 20
1911000 20
1912000 20
1913000 20
1914000 20
1915000 20
1916000 20
1917000 20
1918000 20
1919000 20
1920000 20
1921000 20
1922000 20
1923000 20
1924000 20
1925000 20
1926000 20
1927000 20
1928000 20
1929000 20
1930000 20
1931000 20
1932000 20
1933000 20
1934000 20
1935000 20
1936000 20
1937000 20
1938000 20
1939000 20
1940000 20
1941000 20
1942000 20
1943000 20
1944000 20
1945000 20
1946000 20
1947000 20
1948000 20
1949000 20
1950000 20
1951000 20
1952000 20
1953000 20
1954000 20
1955000 20
1956000 20
1957000 20
1958000 20
1959000 20
1960000 20
1961000 20
1962000 20
1963000 20
1964000 20
1965000 20
1966000 20
1967000 20
1968000 20
1969000 20
1970000 20
1971000 20
1972000 20
1973000 20
1974000 20
1975000 20
1976000 20
1977000 20
1978000 20
1979000 20
1980000 20
1981000 20
1982000 20
1983000 20
1984000 20
1985000 20
1986000 20
1987000 20
1988000 20
1989000 20
1990000 20
1991000 20
1992000 20
1993000 20
1994000 20
1995000 20
1996000 20
1997000 20
1998000 20
1999000 20
2000000 20
2001000 20
2002000 20
2003000 20
2004000 20
2005000 20
2006000 20
2007000 20
2008000 20
2009000 20
2010000 20
2011000 20
2012000 20
2013000 20
2014000 20
2015000 20
2016000 20
2017000 20
2018000 20
2019000 20
2020000 20
2021000 20
2022000 20
2023000 20
2024000 20
2025000 20
2026000 20
2027000 20
2028000 20
2029000 20
2030000 20
2031000 20
2032000 20
2033000 20
2034000 20
2035000 20
2036000 20
2037000 20
2038000 20
2039000 20
2040000 20
2041000 20
2042000 20
2043000 20
2044000 20
2045000 20
2046000 20
2047000 20
2048000 20
2049000 20
2050000 20
2051000 20
2052000 20
2053000 20
2054000 20
2055000 20
2056000 20
2057000 20
2058000 20
2059000 20
2060000 20
2061000 20
2062000 20
2063000 20
2064000 20
2065000 20
2066000 20
2067000 20
2068000 20
2069000 20
2070000 20
2071000 20
2072000 20
2073000 20
2074000 20
2075000 20
2076000 20
2077000 20
2078000 20
2079000 20
2080000 20
2081000 20
2082000 20
2083000 20
2084000 20
2085000 20
2086000 20
2087000 20
2088000 20
2089000 20
2090000 20
2091000 20
2092000 20
2093000 20
2094000 20
2095000 20
2096000 20
2097000 20
2098000 20
2099000 20
2100000 20
2101000 20
2102000 20
2103000 20
2104000 20
2105000 20
2106000 20
2107000 20
2108000 20
2109000 20
2110000 20
2111000 20
2112000 20
2113000 20
2114000 20
2115000 20
2116000 20
2117000 20
2118000 20
2119000 20
2120000 20
2121000 20
2122000 20
2123000 20
2124000 20
2125000 20
2126000 20
2127000 20
2128000 20
2129000 20
2130000 20
2131000 20
2132000 20
2133000 20
2134000 20
2135000 20
2136000 20
2137000 20
2138000 20
2139000 20
2140000 20
2141000 20
2142000 20
2143000 20
2144000 20
2145000 20
2146000 20
2147000 20
2148000 20
2149000 20
2150000 20
2151000 20
2152000 20
2153000 20
2154000 20
2155000 20
2156000 20
2157000 20
2158000 20
2159000 20
2160000 20
2161000 20
2162000 20
2163000 20
2164000 20
2165000 20
2166000 20
2167000 20
2168000 20
2169000 20
2170000 20
2171000 20
2172000 20
2173000 20
2174000 20
2175000 20
2176000 20
2177000 20
2178000 20
2179000 20
2180000 20
2181000 20
2182000 20
2183000 20
2184000 20
2185000 20
2186000 20
2187000 20
2188000 20
2189000 20
2190000 20
2191000 20
2192000 20
2193000 20
2194000 20
2195000 20
2196000 20
2197000 20
2198000 20
2199000 20
2200000 20
2201000 20
2202000 20
2203000 20
2204000 20
2205000 20
2206000 20
2207000 20
2208000 20
2209000 20
2210000 20
2211000 20
2212000 20
2213000 20
2214000 20
2215000 20
2216000 20
2217000 20
2218000 20
2219000 20
2220000 20
2221000 20
2222000 20
2223000 20
2224000 20
2225000 20
2226000 20
2227000 20
2228000 20
2229000 20
2230000 20
2231000 20
2232000 20
2233000 20
2234000 20
2235000 20
2236000 20
2237000 20
2238000 20
2239000 20
2240000 20
2241000 20
2242000 20
2243000 20
2244000 20
2245000 20
2246000 20
2247000 20
2248000 20
2249000 20
2250000 20
2251000 20
2252000 20
2253000 20
2254000 20
2255000 20
2256000 20
2257000 20
2258000 20
2259000 20
2260000 20
2261000 20
2262000 20
2263000 20
2264000 20
2265000 20
2266000 20
2267000 20
2268000 20
2269000 20
2270000 20
2271000 20
2272000 20
2273000 20
2274000 20
2275000 20
2276000 20
2277000 20
2278000 20
2279000 20
2280000 20
2281000 20
2282000 20
2283000 20
2284000 20
2285000 20
2286000 20
2287000 20
2288000 20
2289000 20
2290000 20
2291000 20
2292000 20
2293000 20
2294000 20
2295000 20
2296000 20
2297000 20
2298000 20
2299000 20
2300000 20
2301000 20
2302000 20
2303000 20
2304000 20
2305000 20
2306000 20
2307000 20
2308000 20
2309000 20
2310000 20
2311000 20
2312000 20
2313000 20
2314000 20
2315000 20
2316000 20
2317000 20
2318000 20
2319000 20
2320000 20
2321000 20
2322000 20
2323000 20
2324000 20
2325000 20
2326000 20
2327000 20
2328000 20
2329000 20
2330000 20
2331000 20
2332000 20
2333000 20
2334000 20
2335000 20
2336000 20
2337000 20
2338000 20
2339000 20
2340000 20
2341000 20
2342000 20
2343000 20
2344000 20
2345000 20
2346000 20
2347000 20
2348000 20
2349000 20
2350000 20
2351000 20
2352000 20
2353000 20
2354000 20
2355000 20
2356000 20
2357000 20
2358000 20
2359000 20
2360000 20
2361000 20
2362000 20
2363000 20
2364000 20
2365000 20
2366000 20
2367000 20
2368000 20
2369000 20
2370000 20
2371000 20
2372000 20
2373000 20
2374000 20
2375000 20
2376000 20
2377000 20
2378000 20
2379000 20
2380000 20
2381000 20
2382000 20
2383000 20
2384000 20
2385000 20
2386000 20
2387000 20
2388000 20
2389000 20
2390000 20
2391000 20
2392000 20
2393000 20
2394000 20
2395000 20
2396000 20
2397000 20
2398000 20
2399000 20
2400000 20
2401000 20
2402000 20
2403000 20
2404000 20
2405000 20
2406000 20
2407000 20
2408000 20
2409000 20
2410000 20
2411000 20
2412000 20
2413000 20
2414000 20
2415000 20
2416000 20
2417000 20
2418000 20
2419000 20
2420000 20
2421000 20
2422000 20
2423000 20
2424000 20
2425000 20
2426000 20
2427000 20
2428000 20
2429000 20
2430000 20
2431000 20
2432000 20
2433000 20
2434000 20
2435000 20
2436000 20
2437000 20
2438000 20
2439000 20
2440000 20
2441000 20
2442000 20
2443000 20
2444000 20
2445000 20
2446000 20
2447000 20
2448000 20
2449000 20
2450000 20
2451000 20
2452000 20
2453000 20
2454000 20
2455000 20
2456000 20
2457000 20
2458000 20
2459000 20
2460000 20
2461000 20
2462000 20
2463000 20
2464000 20
2465000 20
2466000 20
2467000 20
2468000 20
2469000 20
2470000 20
2471000 20
2472000 20
2473000 20
2474000 20
2475000 20
2476000 20
2477000 20
2478000 20
2479000 20
2480000 20
2481000 20
2482000 20
2483000 20
2484000 20
2485000 20
2486000 20
2487000 20
2488000 20
2489000 20
2490000 20
2491000 20
2492000 20
2493000 20
2494000 20
2495000 20
2496000 20
2497000 20
2498000 20
2499000 20
2500000 20
2501000 20
2502000 20
2503000 20
2504000 20
2505000 20
2506000 20
2507000 20
2508000 20
2509000 20
2510000 20
2511000 20
2512000 20
2513000 20
2514000 20
2515000 20
2516000 20
2517000 20
2518000 20
2519000 20
2520000 20
2521000 20
2522000 20
2523000 20
2524000 20
2525000 20
2526000 20
2527000 20
2528000 20
2529000 20
2530000 20
2531000 20
2532000 20
2533000 20
2534000 20
2535000 20
2536000 20
2537000 20
2538000 20
2539000 20
2540000 20
2541000 20
2542000 20
2543000 20
2544000 20
2545000 20
2546000 20
2547000 20
2548000 20
2549000 20
2550000 20
2551000 20
2552000 20
2553000 20
2554000 20
2555000 20
2556000 20
2557000 20
2558000 20
2559000 20
2560000 20
2561000 20
2562000 20
2563000 20
2564000 20
2565000 20
2566000 20
2567000 20
2568000 20
2569000 20
2570000 20
2571000 20
2572000 20
2573000 20
2574000 20
2575000 20
2576000 20
2577000 20
2578000 20
2579000 20
2580000 20
2581000 20
2582000 20
2583000 20
2584000 20
2585000 20
2586000 20
2587000 20
2588000 20
2589000 20
2590000 20
2591000 20
2592000 20
2593000 20
2594000 20
2595000 20
2596000 20
2597000 20
2598000 20
2599000 20
2600000 20
2601000 20
2602000 20
2603000 20
2604000 20
2605000 20
2606000 20
2607000 20
2608000 20
2609000 20
2610000 20
2611000 20
2612000 20
2613000 20
2614000 20
2615000 20
2616000 20
2617000 20
2618000 20
2619000 20
2620000 20
2621000 20
2622000 20
2623000 20
2624000 20
2625000 20
2626000 20
2627000 20
2628000 20
2629000 20
2630000 20
2631000 20
2632000 20
2633000 20
2634000 20
2635000 20
2636000 20
2637000 20
2638000 20
2639000 20
2640000 20
2641000 20
2642000 20
2643000 20
2644000 20
2645000 20
2646000 20
2647000 20
2648000 20
2649000 20
2650000 20
2651000 20
2652000 20
2653000 20
2654000 20
2655000 20
2656000 20
2657000 20
2658000 20
2659000 20
2660000 20
2661000 20
2662000 20
2663000 20
2664000 20
2665000 20
2666000 20
2667000 20
2668000 20
2669000 20
2670000 20
2671000 20
2672000 20
2673000 20
2674000 20
2675000 20
2676000 20
2677000 20
2678000 20
2679000 20
2680000 20
2681000 20
2682000 20
2683000 20
2684000 20
2685000 20
2686000 20
2687000 20
2688000 20
2689000 20
2690000 20
2691000 20
2692000 20
2693000 20
2694000 20
2695000 20
2696000 20
2697000 20
2698000 20
2699000 20
2700000 20
2701000 20
2702000 20
2703000 20
2704000 20
2705000 20
2706000 20
2707000 20
2708000 20
2709000 20
2710000 20
2711000 20
2712000 20
2713000 20
2714000 20
2715000 20
2716000 20
2717000 20
2718000 20
2719000 20
2720000 20
2721000 20
2722000 20
2723000 20
2724000 20
2725000 20
2726000 20
2727000 20
2728000 20
2729000 20
2730000 20
2731000 20
2732000 20
2733000 20
2734000 20
2735000 20
2736000 20
2737000 20
2738000 20
2739000 20
2740000 20
2741000 20
2742000 20
2743000 20
2744000 20
2745000 20
2746000 20
2747000 20
2748000 20
2749000 20
2750000 20
2751000 20
2752000 20
2753000 20
2754000 20
2755000 20
2756000 20
2757000 20
2758000 20
2759000 20
2760000 20
2761000 20
2762000 20
2763000 20
2764000 20
2765000 20
2766000 20
2767000 20
2768000 20
2769000 20
2770000 20
2771000 20
2772000 20
2773000 20
2774000 20
2775000 20
2776000 20
2777000 20
2778000 20
2779000 20
2780000 20
2781000 20
2782000 20
2783000 20
2784000 20
2785000 20
2786000 20
2787000 20
2788000 20
2789000 20
2790000 20
2791000 20
2792000 20
2793000 20
2794000 20
2795000 20
2796000 20
2797000 20
2798000 20
2799000 20
2800000 20
2801000 20
2802000 20
2803000 20
2804000 20
2805000 20
2806000 20
2807000 20
2808000 20
2809000 20
2810000 20
2811000 20
2812000 20
2813000 20
2814000 20
2815000 20
2816000 20
2817000 20
2818000 20
2819000 20
2820000 20
2821000 20
2822000 20
2823000 20
2824000 20
2825000 20
2826000 20
2827000 20
2828000 20
2829000 20
2830000 20
2831000 20
2832000 20
2833000 20
2834000 20
2835000 20
2836000 20
2837000 20
2838000 20
2839000 20
2840000 20
2841000 20
2842000 20
2843000 20
2844000 20
2845000 20
2846000 20
2847000 20
2848000 20
2849000 20
2850000 20
2851000 20
2852000 20
2853000 20
2854000 20
2855000 20
2856000 20
2857000 20
2858000 20
2859000 20
2860000 20
2861000 20
2862000 20
2863000 20
2864000 20
2865000 20
2866000 20
2867000 20
2868000 20
2869000 20
2870000 20
2871000 20
2872000 20
2873000 20
2874000 20
2875000 20
2876000 20
2877000 20
2878000 20
2879000 20
2880000 20
2881000 20
2882000 20
2883000 20
2884000 20
2885000 20
2886000 20
2887000 20
2888000 20
2889000 20
2890000 20
2891000 20
2892000 20
2893000 20
2894000 20
2895000 20
2896000 20
2897000 20
2898000 20
2899000 20
2900000 20
2901000 20
2902000 20
2903000 20
2904000 20
2905000 20
2906000 20
2907000 20
2908000 20
2909000 20
2910000 20
2911000 20
2912000 20
2913000 20
2914000 20
2915000 20
2916000 20
2917000 20
2918000 20
2919000 20
2920000 20
2921000 20
2922000 20
2923000 20
2924000 20
2925000 20
2926000 20
2927000 20
2928000 20
2929000 20
2930000 20
2931000 20
2932000 20
2933000 20
2934000 20
2935000 20
2936000 20
2937000 20
2938000 20
2939000 20
2940000 20
2941000 20
2942000 20
2943000 20
2944000 20
2945000 20
2946000 20
2947000 20
2948000 20
2949000 20
2950000 20
2951000 20
2952000 20
2953000 20
2954000 20
2955000 20
2956000 20
2957000 20
2958000 20
2959000 20
2960000 20
2961000 20
2962000 20
2963000 20
2964000 20
2965000 20
2966000 20
2967000 20
2968000 20
2969000 20
2970000 20
2971000 20
2972000 20
2973000 20
2974000 20
2975000 20
2976000 20
2977000 20
2978000 20
2979000 20
2980000 20
2981000 20
2982000 20
2983000 20
2984000 20
2985000 20
2986000 20
2987000 20
2988000 20
2989000 20
2990000 20
2991000 20
2992000 20
2993000 20
2994000 20
2995000 20
2996000 20
2997000 20
2998000 20
2999000 20
3000000 20
3001000 20
3002000 20
3003000 20
3004000 20
3005000 20
3006000 20
3007000 20
3008000 20
3009000 20
3010000 20
3011000 20
3012000 20
3013000 20
3014000 20
3015000 20
3016000 20
3017000 20
3018000 20
3019000 20
3020000 20
3021000 20
3022000 20
3023000 20
3024000 20
3025000 20
3026000 20
3027000 20
3028000 20
3029000 20
3030000 20
3031000 20
3032000 20
3033000 20
3034000 20
3035000 20
3036000 20
3037000 20
3038000 20
3039000 20
3040000 20
3041000 20
3042000 20
3043000 20
3044000 20
3045000 20
3046000 20
3047000 20
3048000 20
3049000 20
3050000 20
3051000 20
3052000 20
3053000 20
3054000 20
3055000 20
3056000 20
3057000 20
3058000 20
3059000 20
3060000 20
3061000 20
3062000 20
3063000 20
3064000 20
3065000 20
3066000 20
3067000 20
3068000 20
3069000 20
3070000 20
3071000 20
3072000 20
3073000 20
3074000 20
3075000 20
3076000 20
3077000 20
3078000 20
3079000 20
3080000 20
3081000 20
3082000 20
3083000 20
3084000 20
3085000 20
3086000 20
3087000 20
3088000 20
3089000 20
3090000 20
3091000 20
3092000 20
3093000 20
3094000 20
3095000 20
3096000 20
3097000 20
3098000 20
3099000 20
3100000 20
3101000 20
3102000 20
3103000 20
3104000 20
3105000 20
3106000 20
3107000 20
3108000 20
3109000 20
3110000 20
3111000 20
3112000 20
3113000 20
3114000 20
3115000 20
3116000 20
3117000 20
3118000 20
3119000 20
3120000 20
3121000 20
3122000 20
3123000 20
3124000 20
3125000 20
3126000 20
3127000 20
3128000 20
3129000 20
3130000 20
3131000 20
3132000 20
3133000 20
3134000 20
3135000 20
3136000 20
3137000 20
3138000 20
3139000 20
3140000 20
3141000 20
3142000 20
3143000 20
3144000 20
3145000 20
3146000 20
3147000 20
3148000 20
3149000 20
3150000 20
3151000 20
3152000 20
3153000 20
3154000 20
3155000 20
3156000 20
3157000 20
3158000 20
3159000 20
3160000 20
3161000 20
3162000 20
3163000 20
3164000 20
3165000 20
3166000 20
3167000 20
3168000 20
3169000 20
3170000 20
3171000 20
3172000 20
3173000 20
3174000 20
3175000 20
3176000 20
3177000 20
3178000 20
3179000 20
3180000 20
3181000 20
3182000 20
3183000 20
3184000 20
3185000 20
3186000 20
3187000 20
3188000 20
3189000 20
3190000 20
3191000 20
3192000 20
3193000 20
3194000 20
3195000 20
3196000 20
3197000 20
3198000 20
3199000 20
3200000 20
3201000 20
3202000 20
3203000 20
3204000 20
3205000 20
3206000 20
3207000 20
3208000 20
3209000 20
3210000 20
3211000 20
3212000 20
3213000 20
3214000 20
3215000 20
3216000 20
3217000 20
3218000 20
3219000 20
3220000 20
3221000 20
3222000 20
3223000 20
3224000 20
3225000 20
3226000 20
3227000 20
3228000 20
3229000 20
3230000 20
3231000 20
3232000 20
3233000 20
3234000 20
3235000 20
3236000 20
3237000 20
3238000 20
3239000 20
3240000 20
3241000 20
3242000 20
3243000 20
3244000 20
3245000 20
3246000 20
3247000 20
3248000 20
3249000 20
3250000 20
3251000 20
3252000 20
3253000 20
3254000 20
3255000 20
3256000 20
3257000 20
3258000 20
3259000 20
3260000 20
3261000 20
3262000 20
3263000 20
3264000 20
3265000 20
3266000 20
3267000 20
3268000 20
3269000 20
3270000 20
3271000 20
3272000 20
3273000 20
3274000 20
3275000 20
3276000 20
3277000 20
3278000 20
3279000 20
3280000 20
3281000 20
3282000 20
3283000 20
3284000 20
3285000 20
3286000 20
3287000 20
3288000 20
3289000 20
3290000 20
3291000 20
3292000 20
3293000 20
3294000 20
3295000 20
3296000 20
3297000 20
3298000 20
3299000 20
3300000 20
3301000 20
3302000 20
3303000 20
3304000 20
3305000 20
3306000 20
3307000 20
3308000 20
3309000 20
3310000 20
3311000 20
3312000 20
3313000 20
3314000 20
3315000 20
3316000 20
3317000 20
3318000 20
3319000 20
3320000 20
3321000 20
3322000 20
3323000 20
3324000 20
3325000 20
3326000 20
3327000 20
3328000 20
3329000 20
3330000 20
3331000 20
3332000 20
3333000 20
3334000 20
3335000 20
3336000 20
3337000 20
3338000 20
3339000 20
3340000 20
3341000 20
3342000 20
3343000 20
3344000 20
3345000 20
3346000 20
3347000 20
3348000 20
3349000 20
3350000 20
3351000 20
3352000 20
3353000 20
3354000 20
3355000 20
3356000 20
3357000 20
3358000 20
3359000 20
3360000 20
3361000 20
3362000 20
3363000 20
3364000 20
3365000 20
3366000 20
3367000 20
3368000 20
3369000 20
3370000 20
3371000 20
3372000 20
3373000 20
3374000 20
3375000 20
3376000 20
3377000 20
3378000 20
3379000 20
3380000 20
3381000 20
3382000 20
3383000 20
3384000 20
3385000 20
3386000 20
3387000 20
3388000 20
3389000 20
3390000 20
3391000 20
3392000 20
3393000 20
3394000 20
3395000 20
3396000 20
3397000 20
3398000 20
3399000 20
3400000 20
3401000 20
3402000 20
3403000 20
3404000 20
3405000 20
3406000 20
3407000 20
3408000 20
3409000 20
3410000 20
3411000 20
3412000 20
3413000 20
3414000 20
3415000 20
3416000 20
3417000 20
3418000 20
3419000 20
3420000 20
3421000 20
3422000 20
3423000 20
3424000 20
3425000 20
3426000 20
3427000 20
3428000 20
3429000 20
3430000 20
3431000 20
3432000 20
3433000 20
3434000 20
3435000 20
3436000 20
3437000 20
3438000 20
3439000 20
3440000 20
3441000 20
3442000 20
3443000 20
3444000 20
3445000 20
3446000 20
3447000 20
3448000 20
3449000 20
3450000 20
3451000 20
3452000 20
3453000 20
3454000 20
3455000 20
3456000 20
3457000 20
3458000 20
3459000 20
3460000 20
3461000 20
3462000 20
3463000 20
3464000 20
3465000 20
3466000 20
3467000 20
3468000 20
3469000 20
3470000 20
3471000 20
3472000 20
3473000 20
3474000 20
3475000 20
3476000 20
3477000 20
3478000 20
3479000 20
3480000 20
3481000 20
3482000 20
3483000 20
3484000 20
3485000 20
3486000 20
3487000 20
3488000 20
3489000 20
3490000 20
3491000 20
3492000 20
3493000 20
3494000 20
3495000 20
3496000 20
3497000 20
3498000 20
3499000 20
3500000 20
3501000 20
3502000 20
3503000 20
3504000 20
3505000 20
3506000 20
3507000 20
3508000 20
3509000 20
3510000 20
3511000 20
3512000 20
3513000 20
3514000 20
3515000 20
3516000 20
3517000 20
3518000 20
3519000 20
3520000 20
3521000 20
3522000 20
3523000 20
3524000 20
3525000 20
3526000 20
3527000 20
3528000 20
3529000 20
3530000 20
3531000 20
3532000 20
3533000 20
3534000 20
3535000 20
3536000 20
3537000 20
3538000 20
3539000 20
3540000 20
3541000 20
3542000 20
3543000 20
3544000 20
3545000 20
3546000 20
3547000 20
3548000 20
3549000 20
3550000 20
3551000 20
3552000 20
3553000 20
3554000 20
3555000 20
3556000 20
3557000 20
3558000 20
3559000 20
3560000 20
3561000 20
3562000 20
3563000 20
3564000 20
3565000 20
3566000 20
3567000 20
3568000 20
3569000 20
3570000 20
3571000 20
3572000 20
3573000 20
3574000 20
3575000 20
3576000 20
3577000 20
3578000 20
3579000 20
3580000 20
3581000 20
3582000 20
3583000 20
3584000 20
3585000 20
3586000 20
3587000 20
3588000 20
3589000 20
3590000 20
3591000 20
3592000 20
3593000 20
3594000 20
3595000 20
3596000 20
3597000 20
3598000 20
3599000 20
3600000 20
3601000 20
3602000 20
3603000 20
3604000 20
3605000 20
3606000 20
3607000 20
3608000 20
3609000 20
3610000 20
3611000 20
3612000 20
3613000 20
3614000 20
3615000 20
3616000 20
3617000 20
3618000 20
3619000 20
3620000 20
3621000 20
3622000 20
3623000 20
3624000 20
3625000 20
3626000 20
3627000 20
3628000 20
3629000 20
3630000 20
3631000 20
3632000 20
3633000 20
3634000 20
3635000 20
3636000 20
3637000 20
3638000 20
3639000 20
3640000 20
3641000 20
3642000 20
3643000 20
3644000 20
3645000 20
3646000 20
3647000 20
3648000 20
3649000 20
3650000 20
3651000 20
3652000 20
3653000 20
3654000 20
3655000 20
3656000 20
3657000 20
3658000 20
3659000 20
3660000 20
3661000 20
3662000 20
3663000 20
3664000 20
3665000 20
3666000 20
3667000 20
3668000 20
3669000 20
3670000 20
3671000 20
3672000 20
3673000 20
3674000 20
3675000 20
3676000 20
3677000 20
3678000 20
3679000 20
3680000 20
3681000 20
3682000 20
3683000 20
3684000 20
3685000 20
3686000 20
3687000 20
3688000 20
3689000 20
3690000 20
3691000 20
3692000 20
3693000 20
3694000 20
3695000 20
3696000 20
3697000 20
3698000 20
3699000 20
3700000 20
3701000 20
3702000 20
3703000 20
3704000 20
3705000 20
3706000 20
3707000 20
3708000 20
3709000 20
3710000 20
3711000 20
3712000 20
3713000 20
3714000 20
3715000 20
3716000 20
3717000 20
3718000 20
3719000 20
3720000 20
3721000 20
3722000 20
3723000 20
3724000 20
3725000 20
3726000 20
3727000 20
3728000 20
3729000 20
3730000 20
3731000 20
3732000 20
3733000 20
3734000 20
3735000 20
3736000 20
3737000 20
3738000 20
3739000 20
3740000 20
3741000 20
3742000 20
3743000 20
3744000 20
3745000 20
3746000 20
3747000 20
3748000 20
3749000 20
3750000 20
3751000 20
3752000 20
3753000 20
3754000 20
3755000 20
3756000 20
3757000 20
3758000 20
3759000 20
3760000 20
3761000 20
3762000 20
3763000 20
3764000 20
3765000 20
3766000 20
3767000 20
3768000 20
3769000 20
3770000 20
3771000 20
3772000 20
3773000 20
3774000 20
3775000 20
3776000 20
3777000 20
3778000 20
3779000 20
3780000 20
3781000 20
3782000 20
3783000 20
3784000 20
3785000 20
3786000 20
3787000 20
3788000 20
3789000 20
3790000 20
3791000 20
3792000 20
3793000 20
3794000 20
3795000 20
3796000 20
3797000 20
3798000 20
3799000 20
3800000 20
3801000 20
3802000 20
3803000 20
3804000 20
3805000 20
3806000 20
3807000 20
3808000 20
3809000 20
3810000 20
3811000 20
3812000 20
3813000 20
3814000 20
3815000 20
3816000 20
3817000 20
3818000 20
3819000 20
3820000 20
3821000 20
3822000 20
3823000 20
3824000 20
3825000 20
3826000 20
3827000 20
3828000 20
3829000 20
3830000 20
3831000 20
3832000 20
3833000 20
3834000 20
3835000 20
3836000 20
3837000 20
3838000 20
3839000 20
3840000 20
3841000 20
3842000 20
3843000 20
3844000 20
3845000 20
3846000 20
3847000 20
3848000 20
3849000 20
3850000 20
3851000 20
3852000 20
3853000 20
3854000 20
3855000 20
3856000 20
3857000 20
3858000 20
3859000 20
3860000 20
3861000 20
3862000 20
3863000 20
3864000 20
3865000 20
3866000 20
3867000 20
3868000 20
3869000 20
3870000 20
3871000 20
3872000 20
3873000 20
3874000 20
3875000 20
3876000 20
3877000 20
3878000 20
3879000 20
3880000 20
3881000 20
3882000 20
3883000 20
3884000 20
3885000 20
3886000 20
3887000 20
3888000 20
3889000 20
3890000 20
3891000 20
3892000 20
3893000 20
3894000 20
3895000 20
3896000 20
3897000 20
3898000 20
3899000 20
3900000 20
3901000 20
3902000 20
3903000 20
3904000 20
3905000 20
3906000 20
3907000 20
3908000 20
3909000 20
3910000 20
3911000 20
3912000 20
3913000 20
3914000 20
3915000 20
3916000 20
3917000 20
3918000 20
3919000 20
3920000 20
3921000 20
3922000 20
3923000 20
3924000 20
3925000 20
3926000 20
3927000 20
3928000 20
3929000 20
3930000 20
3931000 20
3932000 20
3933000 20
3934000 20
3935000 20
3936000 20
3937000 20
3938000 20
3939000 20
3940000 20
3941000 20
3942000 20
3943000 20
3944000 20
3945000 20
3946000 20
3947000 20
3948000 20
3949000 20
3950000 20
3951000 20
3952000 20
3953000 20
3954000 20
3955000 20
3956000 20
3957000 20
3958000 20
3959000 20
3960000 20
3961000 20
3962000 20
3963000 20
3964000 20
3965000 20
3966000 20
3967000 20
3968000 20
3969000 20
3970000 20
3971000 20
3972000 20
3973000 20
3974000 20
3975000 20
3976000 20
3977000 20
3978000 20
3979000 20
3980000 20
3981000 20
3982000 20
3983000 20
3984000 20
3985000 20
3986000 20
3987000 20
3988000 20
3989000 20
3990000 20
3991000 20
3992000 20
3993000 20
3994000 20
3995000 20
3996000 20
3997000 20
3998000 20
3999000 20
4000000 20
4001000 20
4002000 20
4003000 20
4004000 20
4005000 20
4006000 20
4007000 20
4008000 20
4009000 20
4010000 20
4011000 20
4012000 20
4013000 20
4014000 20
4015000 20
4016000 20
4017000 20
4018000 20
4019000 20
4020000 20
4021000 20
4022000 20
4023000 20
4024000 20
4025000 20
4026000 20
4027000 20
4028000 20
4029000 20
4030000 20
4031000 20
4032000 20
4033000 20
4034000 20
4035000 20
4036000 20
4037000 20
4038000 20
4039000 20
4040000 20
4041000 20
4042000 20
4043000 20
4044000 20
4045000 20
4046000 20
4047000 20
4048000 20
4049000 20
4050000 20
4051000 20
4052000 20
4053000 20
4054000 20
4055000 20
4056000 20
4057000 20
4058000 20
4059000 20
4060000 20
4061000 20
4062000 20
4063000 20
4064000 20
4065000 20
4066000 20
4067000 20
4068000 20
4069000 20
4070000 20
4071000 20
4072000 20
4073000 20
4074000 20
4075000 20
4076000 20
4077000 20
4078000 20
4079000 20
4080000 20
4081000 20
4082000 20
4083000 20
4084000 20
4085000 20
4086000 20
4087000 20
4088000 20
4089000 20
4090000 20
4091000 20
4092000 20
4093000 20
4094000 20
4095000 20
4096000 20
4097000 20
4098000 20
4099000 20
4100000 20
4101000 20
4102000 20
4103000 20
4104000 20
4105000 20
4106000 20
4107000 20
4108000 20
4109000 20
4110000 20
4111000 20
4112000 20
4113000 20
4114000 20
4115000 20
4116000 20
4117000 20
4118000 20
4119000 20
4120000 20
4121000 20
4122000 20
4123000 20
4124000 20
4125000 20
4126000 20
4127000 20
4128000 20
4129000 20
4130000 20
4131000 20
4132000 20
4133000 20
4134000 20
4135000 20
4136000 20
4137000 20
4138000 20
4139000 20
4140000 20
4141000 20
4142000 20
4143000 20
4144000 20
4145000 20
4146000 20
4147000 20
4148000 20
4149000 20
4150000 20
4151000 20
4152000 20
4153000 20
4154000 20
4155000 20
4156000 20
4157000 20
4158000 20
4159000 20
4160000 20
4161000 20
4162000 20
4163000 20
4164000 20
4165000 20
4166000 20
4167000 20
4168000 20
4169000 20
4170000 20
4171000 20
4172000 20
4173000 20
4174000 20
4175000 20
4176000 20
4177000 20
4178000 20
4179000 20
4180000 20
4181000 20
4182000 20
4183000 20
4184000 20
4185000 20
4186000 20
4187000 20
4188000 20
4189000 20
4190000 20
4191000 20
4192000 20
4193000 20
4194000 20
4195000 20
4196000 20
4197000 20
4198000 20
4199000 20
4200000 20
4201000 20
4202000 20
4203000 20
4204000 20
4205000 20
4206000 20
4207000 20
4208000 20
4209000 20
4210000 20
4211000 20
4212000 20
4213000 20
4214000 20
4215000 20
4216000 20
4217000 20
4218000 20
4219000 20
4220000 20
4221000 20
4222000 20
4223000 20
4224000 20
4225000 20
4226000 20
4227000 20
4228000 20
4229000 20
4230000 20
4231000 20
4232000 20
4233000 20
4234000 20
4235000 20
4236000 20
4237000 20
4238000 20
4239000 20
4240000 20
4241000 20
4242000 20
4243000 20
4244000 20
4245000 20
4246000 20
4247000 20
4248000 20
4249000 20
4250000 20
4251000 20
4252000 20
4253000 20
4254000 20
4255000 20
4256000 20
4257000 20
4258000 20
4259000 20
4260000 20
4261000 20
4262000 20
4263000 20
4264000 20
4265000 20
4266000 20
4267000 20
4268000 20
4269000 20
4270000 20
4271000 20
4272000 20
4273000 20
4274000 20
4275000 20
4276000 20
4277000 20
4278000 20
4279000 20
4280000 20
4281000 20
4282000 20
4283000 20
4284000 20
4285000 20
4286000 20
4287000 20
4288000 20
4289000 20
4290000 20
4291000 20
4292000 20
4293000 20
4294000 20
4295000 20
4296000 20
4297000 20
4298000 20
4299000 20
4300000 20
4301000 20
4302000 20
4303000 20
4304000 20
4305000 20
4306000 20
4307000 20
4308000 20
4309000 20
4310000 20
4311000 20
4312000 20
4313000 20
4314000 20
4315000 20
4316000 20
4317000 20
4318000 20
4319000 20
4320000 20
4321000 20
4322000 20
4323000 20
4324000 20
4325000 20
4326000 20
4327000 20
4328000 20
4329000 20
4330000 20
4331000 20
4332000 20
4333000 20
4334000 20
4335000 20
4336000 20
4337000 20
4338000 20
4339000 20
4340000 20
4341000 20
4342000 20
4343000 20
4344000 20
4345000 20
4346000 20
4347000 20
4348000 20
4349000 20
4350000 20
4351000 20
4352000 20
4353000 20
4354000 20
4355000 20
4356000 20
4357000 20
4358000 20
4359000 20
4360000 20
4361000 20
4362000 20
4363000 20
4364000 20
4365000 20
4366000 20
4367000 20
4368000 20
4369000 20
4370000 20
4371000 20
4372000 20
4373000 20
4374000 20
4375000 20
4376000 20
4377000 20
4378000 20
4379000 20
4380000 20
4381000 20
4382000 20
4383000 20
4384000 20
4385000 20
4386000 20
4387000 20
4388000 20
4389000 20
4390000 20
4391000 20
4392000 20
4393000 20
4394000 20
4395000 20
4396000 20
4397000 20
4398000 20
4399000 20
4400000 20
4401000 20
4402000 20
4403000 20
4404000 20
4405000 20
4406000 20
4407000 20
4408000 20
4409000 20
4410000 20
4411000 20
4412000 20
4413000 20
4414000 20
4415000 20
4416000 20
4417000 20
4418000 20
4419000 20
4420000 20
4421000 20
4422000 20
4423000 20
4424000 20
4425000 20
4426000 20
4427000 20
4428000 20
4429000 20
4430000 20
4431000 20
4432000 20
4433000 20
4434000 20
4435000 20
4436000 20
4437000 20
4438000 20
4439000 20
4440000 20
4441000 20
4442000 20
4443000 20
4444000 20
4445000 20
4446000 20
4447000 20
4448000 20
4449000 20
4450000 20
4451000 20
4452000 20
4453000 20
4454000 20
4455000 20
4456000 20
4457000 20
4458000 20
4459000 20
4460000 20
4461000 20
4462000 20
4463000 20
4464000 20
4465000 20
4466000 20
4467000 20
4468000 20
4469000 20
4470000 20
4471000 20
4472000 20
4473000 20
4474000 20
4475000 20
4476000 20
4477000 20
4478000 20
4479000 20
4480000 20
4481000 20
4482000 20
4483000 20
4484000 20
4485000 20
4486000 20
4487000 20
4488000 20
4489000 20
4490000 20
4491000 20
4492000 20
4493000 20
4494000 20
4495000 20
4496000 20
4497000 20
4498000 20
4499000 20
4500000 20
4501000 20
4502000 20
4503000 20
4504000 20
4505000 20
4506000 20
4507000 20
4508000 20
4509000 20
4510000 20
4511000 20
4512000 20
4513000 20
4514000 20
4515000 20
4516000 20
4517000 20
4518000 20
4519000 20
4520000 20
4521000 20
4522000 20
4523000 20
4524000 20
4525000 20
4526000 20
4527000 20
4528000 20
4529000 20
4530000 20
4531000 20
4532000 20
4533000 20
4534000 20
4535000 20
4536000 20
4537000 20
4538000 20
4539000 20
4540000 20
4541000 20
4542000 20
4543000 20
4544000 20
4545000 20
4546000 20
4547000 20
4548000 20
4549000 20
4550000 20
4551000 20
4552000 20
4553000 20
4554000 20
4555000 20
4556000 20
4557000 20
4558000 20
4559000 20
4560000 20
4561000 20
4562000 20
4563000 20
4564000 20
4565000 20
4566000 20
4567000 20
4568000 20
4569000 20
4570000 20
4571000 20
4572000 20
4573000 20
4574000 20
4575000 20
4576000 20
4577000 20
4578000 20
4579000 20
4580000 20
4581000 20
4582000 20
4583000 20
4584000 20
4585000 20
4586000 20
4587000 20
4588000 20
4589000 20
4590000 20
4591000 20
4592000 20
4593000 20
4594000 20
4595000 20
4596000 20
4597000 20
4598000 20
4599000 20
4600000 20
4601000 20
4602000 20
4603000 20
4604000 20
4605000 20
4606000 20
4607000 20
4608000 20
4609000 20
4610000 20
4611000 20
4612000 20
4613000 20
4614000 20
4615000 20
4616000 20
4617000 20
4618000 20
4619000 20
4620000 20
4621000 20
4622000 20
4623000 20
4624000 20
4625000 20
4626000 20
4627000 20
4628000 20
4629000 20
4630000 20
4631000 20
4632000 20
4633000 20
4634000 20
4635000 20
4636000 20
4637000 20
4638000 20
4639000 20
4640000 20
4641000 20
4642000 20
4643000 20
4644000 20
4645000 20
4646000 20
4647000 20
4648000 20
4649000 20
4650000 20
4651000 20
4652000 20
4653000 20
4654000 20
4655000 20
4656000 20
4657000 20
4658000 20
4659000 20
4660000 20
4661000 20
4662000 20
4663000 20
4664000 20
4665000 20
4666000 20
4667000 20
4668000 20
4669000 20
4670000 20
4671000 20
4672000 20
4673000 20
4674000 20
4675000 20
4676000 20
4677000 20
4678000 20
4679000 20
4680000 20
4681000 20
4682000 20
4683000 20
4684000 20
4685000 20
4686000 20
4687000 20
4688000 20
4689000 20
4690000 20
4691000 20
4692000 20
4693000 20
4694000 20
4695000 20
4696000 20
4697000 20
4698000 20
4699000 20
4700000 20
4701000 20
4702000 20
4703000 20
4704000 20
4705000 20
4706000 20
4707000 20
4708000 20
4709000 20
4710000 20
4711000 20
4712000 20
4713000 20
4714000 20
4715000 20
4716000 20
4717000 20
4718000 20
4719000 20
4720000 20
4721000 20
4722000 20
4723000 20
4724000 20
4725000 20
4726000 20
4727000 20
4728000 20
4729000 20
4730000 20
4731000 20
4732000 20
4733000 20
4734000 20
4735000 20
4736000 20
4737000 20
4738000 20
4739000 20
4740000 20
4741000 20
4742000 20
4743000 20
4744000 20
4745000 20
4746000 20
4747000 20
4748000 20
4749000 20
4750000 20
4751000 20
4752000 20
4753000 20
4754000 20
4755000 20
4756000 20
4757000 20
4758000 20
4759000 20
4760000 20
4761000 20
4762000 20
4763000 20
4764000 20
4765000 20
4766000 20
4767000 20
4768000 20
4769000 20
4770000 20
4771000 20
4772000 20
4773000 20
4774000 20
4775000 20
4776000 20
4777000 20
4778000 20
4779000 20
4780000 20
4781000 20
4782000 20
4783000 20
4784000 20
4785000 20
4786000 20
4787000 20
4788000 20
4789000 20
4790000 20
4791000 20
4792000 20
4793000 20
4794000 20
4795000 20
4796000 20
4797000 20
4798000 20
4799000 20
4800000 20
4801000 20
4802000 20
4803000 20
4804000 20
4805000 20
4806000 20
4807000 20
4808000 20
4809000 20
4810000 20
4811000 20
4812000 20
4813000 20
4814000 20
4815000 20
4816000 20
4817000 20
4818000 20
4819000 20
4820000 20
4821000 20
4822000 20
4823000 20
4824000 20
4825000 20
4826000 20
4827000 20
4828000 20
4829000 20
4830000 20
4831000 20
4832000 20
4833000 20
4834000 20
4835000 20
4836000 20
4837000 20
4838000 20
4839000 20
4840000 20
4841000 20
4842000 20
4843000 20
4844000 20
4845000 20
4846000 20
4847000 20
4848000 20
4849000 20
4850000 20
4851000 20
4852000 20
4853000 20
4854000 20
4855000 20
4856000 20
4857000 20
4858000 20
4859000 20
4860000 20
4861000 20
4862000 20
4863000 20
4864000 20
4865000 20
4866000 20
4867000 20
4868000 20
4869000 20
4870000 20
4871000 20
4872000 20
4873000 20
4874000 20
4875000 20
4876000 20
4877000 20
4878000 20
4879000 20
4880000 20
4881000 20
4882000 20
4883000 20
4884000 20
4885000 20
4886000 20
4887000 20
4888000 20
4889000 20
4890000 20
4891000 20
4892000 20
4893000 20
4894000 20
4895000 20
4896000 20
4897000 20
4898000 20
4899000 20
4900000 20
4901000 20
4902000 20
4903000 20
4904000 20
4905000 20
4906000 20
4907000 20
4908000 20
4909000 20
4910000 20
4911000 20
4912000 20
4913000 20
4914000 20
4915000 20
4916000 20
4917000 20
4918000 20
4919000 20
4920000 20
4921000 20
4922000 20
4923000 20
4924000 20
4925000 20
4926000 20
4927000 20
4928000 20
4929000 20
4930000 20
4931000 20
4932000 20
4933000 20
4934000 20
4935000 20
4936000 20
4937000 20
4938000 20
4939000 20
4940000 20
4941000 20
4942000 20
4943000 20
4944000 20
4945000 20
4946000 20
4947000 20
4948000 20
4949000 20
4950000 20
4951000 20
4952000 20
4953000 20
4954000 20
4955000 20
4956000 20
4957000 20
4958000 20
4959000 20
4960000 20
4961000 20
4962000 20
4963000 20
4964000 20
4965000 20
4966000 20
4967000 20
4968000 20
4969000 20
4970000 20
4971000 20
4972000 20
4973000 20
4974000 20
4975000 20
4976000 20
4977000 20
4978000 20
4979000 20
4980000 20
4981000 20
4982000 20
4983000 20
4984000 20
4985000 20
4986000 20
4987000 20
4988000 20
4989000 20
4990000 20
4991000 20
4992000 20
4993000 20
4994000 20
4995000 20
4996000 20
4997000 20
4998000 20
4999000 20
5000000 20
5001000 20
5002000 20
5003000 20
5004000 20
5005000 20
5006000 20
5007000 20
5008000 20
5009000 20
5010000 20
5011000 20
5012000 20
5013000 20
5014000 20
5015000 20
5016000 20
5017000 20
5018000 20
5019000 20
5020000 20
5021000 20
5022000 20
5023000 20
5024000 20
5025000 20
5026000 20
5027000 20
5028000 20
5029000 20
5030000 20
5031000 20
5032000 20
5033000 20
5034000 20
5035000 20
5036000 20
5037000 20
5038000 20
5039000 20
5040000 20
5041000 20
5042000 20
5043000 20
5044000 20
5045000 20
5046000 20
5047000 20
5048000 20
5049000 20
5050000 20
5051000 20
5052000 20
5053000 20
5054000 20
5055000 20
5056000 20
5057000 20
5058000 20
5059000 20
5060000 20
5061000 20
5062000 20
5063000 20
5064000 20
5065000 20
5066000 20
5067000 20
5068000 20
5069000 20
5070000 20
5071000 20
5072000 20
5073000 20
5074000 20
5075000 20
5076000 20
5077000 20
5078000 20
5079000 20
5080000 20
5081000 20
5082000 20
5083000 20
5084000 20
5085000 20
5086000 20
5087000 20
5088000 20
5089000 20
5090000 20
5091000 20
5092000 20
5093000 20
5094000 20
5095000 20
5096000 20
5097000 20
5098000 20
5099000 20
5100000 20
5101000 20
5102000 20
5103000 20
5104000 20
5105000 20
5106000 20
5107000 20
5108000 20
5109000 20
5110000 20
5111000 20
5112000 20
5113000 20
5114000 20
5115000 20
5116000 20
5117000 20
5118000 20
5119000 20
5120000 20
5121000 20
5122000 20
5123000 20
5124000 20
5125000 20
5126000 20
5127000 20
5128000 20
5129000 20
5130000 20
5131000 20
5132000 20
5133000 20
5134000 20
5135000 20
5136000 20
5137000 20
5138000 20
5139000 20
5140000 20
5141000 20
5142000 20
5143000 20
5144000 20
5145000 20
5146000 20
5147000 20
5148000 20
5149000 20
5150000 20
5151000 20
5152000 20
5153000 20
5154000 20
5155000 20
5156000 20
5157000 20
5158000 20
5159000 20
5160000 20
5161000 20
5162000 20
5163000 20
5164000 20
5165000 20
5166000 20
5167000 20
5168000 20
5169000 20
5170000 20
5171000 20
5172000 20
5173000 20
5174000 20
5175000 20
5176000 20
5177000 20
5178000 20
5179000 20
5180000 20
5181000 20
5182000 20
5183000 20
5184000 20
5185000 20
5186000 20
5187000 20
5188000 20
5189000 20
5190000 20
5191000 20
5192000 20
5193000 20
5194000 20
5195000 20
5196000 20
5197000 20
5198000 20
5199000 20
5200000 20
5201000 20
5202000 20
5203000 20
5204000 20
5205000 20
5206000 20
5207000 20
5208000 20
5209000 20
5210000 20
5211000 20
5212000 20
5213000 20
5214000 20
5215000 20
5216000 20
5217000 20
5218000 20
5219000 20
5220000 20
5221000 20
5222000 20
5223000 20
5224000 20
5225000 20
5226000 20
5227000 20
5228000 20
5229000 20
5230000 20
5231000 20
5232000 20
5233000 20
5234000 20
5235000 20
5236000 20
5237000 20
5238000 20
5239000 20
5240000 20
5241000 20
5242000 20
5243000 20
5244000 20
5245000 20
5246000 20
5247000 20
5248000 20
5249000 20
5250000 20
5251000 20
5252000 20
5253000 20
5254000 20
5255000 20
5256000 20
5257000 20
5258000 20
5259000 20
5260000 20
5261000 20
5262000 20
5263000 20
5264000 20
5265000 20
5266000 20
5267000 20
5268000 20
5269000 20
5270000 20
5271000 20
5272000 20
5273000 20
5274000 20
5275000 20
5276000 20
5277000 20
5278000 20
5279000 20
5280000 20
5281000 20
5282000 20
5283000 20
5284000 20
5285000 20
5286000 20
5287000 20
5288000 20
5289000 20
5290000 20
5291000 20
5292000 20
5293000 20
5294000 20
5295000 20
5296000 20
5297000 20
5298000 20
5299000 20
5300000 20
5301000 20
5302000 20
5303000 20
5304000 20
5305000 20
5306000 20
5307000 20
5308000 20
5309000 20
5310000 20
5311000 20
5312000 20
5313000 20
5314000 20
5315000 20
5316000 20
5317000 20
5318000 20
5319000 20
5320000 20
5321000 20
5322000 20
5323000 20
5324000 20
5325000 20
5326000 20
5327000 20
5328000 20
5329000 20
5330000 20
5331000 20
5332000 20
5333000 20
5334000 20
5335000 20
5336000 20
5337000 20
5338000 20
5339000 20
5340000 20
5341000 20
5342000 20
5343000 20
5344000 20
5345000 20
5346000 20
5347000 20
5348000 20
5349000 20
5350000 20
5351000 20
5352000 20
5353000 20
5354000 20
5355000 20
5356000 20
5357000 20
5358000 20
5359000 20
5360000 20
5361000 20
5362000 20
5363000 20
5364000 20
5365000 20
5366000 20
5367000 20
5368000 20
5369000 20
5370000 20
5371000 20
5372000 20
5373000 20
5374000 20
5375000 20
5376000 20
5377000 20
5378000 20
5379000 20
5380000 20
5381000 20
5382000 20
5383000 20
5384000 20
5385000 20
5386000 20
5387000 20
5388000 20
5389000 20
5390000 20
5391000 20
5392000 20
5393000 20
5394000 20
5395000 20
5396000 20
5397000 20
5398000 20
5399000 20
5400000 20
5401000 20
5402000 20
5403000 20
5404000 20
5405000 20
5406000 20
5407000 20
5408000 20
5409000 20
5410000 20
5411000 20
5412000 20
5413000 20
5414000 20
5415000 20
5416000 20
5417000 20
5418000 20
5419000 20
5420000 20
5421000 20
5422000 20
5423000 20
5424000 20
5425000 20
5426000 20
5427000 20
5428000 20
5429000 20
5430000 20
5431000 20
5432000 20
5433000 20
5434000 20
5435000 20
5436000 20
5437000 20
5438000 20
5439000 20
5440000 20
5441000 20
5442000 20
5443000 20
5444000 20
5445000 20
5446000 20
5447000 20
5448000 20
5449000 20
5450000 20
5451000 20
5452000 20
5453000 20
5454000 20
5455000 20
5456000 20
5457000 20
5458000 20
5459000 20
5460000 20
5461000 20
5462000 20
5463000 20
5464000 20
5465000 20
5466000 20
5467000 20
5468000 20
5469000 20
5470000 20
5471000 20
5472000 20
5473000 20
5474000 20
5475000 20
5476000 20
5477000 20
5478000 20
5479000 20
5480000 20
5481000 20
5482000 20
5483000 20
5484000 20
5485000 20
5486000 20
5487000 20
5488000 20
5489000 20
5490000 20
5491000 20
5492000 20
5493000 20
5494000 20
5495000 20
5496000 20
5497000 20
5498000 20
5499000 20
5500000 20
5501000 20
5502000 20
5503000 20
5504000 20
5505000 20
5506000 20
5507000 20
5508000 20
5509000 20
5510000 20
5511000 20
5512000 20
5513000 20
5514000 20
5515000 20
5516000 20
5517000 20
5518000 20
5519000 20
5520000 20
5521000 20
5522000 20
5523000 20
5524000 20
5525000 20
5526000 20
5527000 20
5528000 20
5529000 20
5530000 20
5531000 20
5532000 20
5533000 20
5534000 20
5535000 20
5536000 20
5537000 20
5538000 20
5539000 20
5540000 20
5541000 20
5542000 20
5543000 20
5544000 20
5545000 20
5546000 20
5547000 20
5548000 20
5549000 20
5550000 20
5551000 20
5552000 20
5553000 20
5554000 20
5555000 20
5556000 20
5557000 20
5558000 20
5559000 20
5560000 20
5561000 20
5562000 20
5563000 20
5564000 20
5565000 20
5566000 20
5567000 20
5568000 20
5569000 20
5570000 20
5571000 20
5572000 20
5573000 20
5574000 20
5575000 20
5576000 20
5577000 20
5578000 20
5579000 20
5580000 20
5581000 20
5582000 20
5583000 20
5584000 20
5585000 20
5586000 20
5587000 20
5588000 20
5589000 20
5590000 20
5591000 20
5592000 20
5593000 20
5594000 20
5595000 20
5596000 20
5597000 20
5598000 20
5599000 20
5600000 20
5601000 20
5602000 20
5603000 20
5604000 20
5605000 20
5606000 20
5607000 20
5608000 20
5609000 20
5610000 20
5611000 20
5612000 20
5613000 20
5614000 20
5615000 20
5616000 20
5617000 20
5618000 20
5619000 20
5620000 20
5621000 20
5622000 20
5623000 20
5624000 20
5625000 20
5626000 20
5627000 20
5628000 20
5629000 20
5630000 20
5631000 20
5632000 20
5633000 20
5634000 20
5635000 20
5636000 20
5637000 20
5638000 20
5639000 20
5640000 20
5641000 20
5642000 20
5643000 20
5644000 20
5645000 20
5646000 20
5647000 20
5648000 20
5649000 20
5650000 20
5651000 20
5652000 20
5653000 20
5654000 20
5655000 20
5656000 20
5657000 20
5658000 20
5659000 20
5660000 20
5661000 20
5662000 20
5663000 20
5664000 20
5665000 20
5666000 20
5667000 20
5668000 20
5669000 20
5670000 20
5671000 20
5672000 20
5673000 20
5674000 20
5675000 20
5676000 20
5677000 20
5678000 20
5679000 20
5680000 20
5681000 20
5682000 20
5683000 20
5684000 20
5685000 20
5686000 20
5687000 20
5688000 20
5689000 20
5690000 20
5691000 20
5692000 20
5693000 20
5694000 20
5695000 20
5696000 20
5697000 20
5698000 20
5699000 20
5700000 20
5701000 20
5702000 20
5703000 20
5704000 20
5705000 20
5706000 20
5707000 20
5708000 20
5709000 20
5710000 20
5711000 20
5712000 20
5713000 20
5714000 20
5715000 20
5716000 20
5717000 20
5718000 20
5719000 20
5720000 20
5721000 20
5722000 20
5723000 20
5724000 20
5725000 20
5726000 20
5727000 20
5728000 20
5729000 20
5730000 20
5731000 20
5732000 20
5733000 20
5734000 20
5735000 20
5736000 20
5737000 20
5738000 20
5739000 20
5740000 20
5741000 20
5742000 20
5743000 20
5744000 20
5745000 20
5746000 20
5747000 20
5748000 20
5749000 20
5750000 20
5751000 20
5752000 20
5753000 20
5754000 20
5755000 20
5756000 20
5757000 20
5758000 20
5759000 20
5760000 20
5761000 20
5762000 20
5763000 20
5764000 20
5765000 20
5766000 20
5767000 20
5768000 20
5769000 20
5770000 20
5771000 20
5772000 20
5773000 20
5774000 20
5775000 20
5776000 20
5777000 20
5778000 20
5779000 20
5780000 20
5781000 20
5782000 20
5783000 20
5784000 20
5785000 20
5786000 20
5787000 20
5788000 20
5789000 20
5790000 20
5791000 20
5792000 20
5793000 20
5794000 20
5795000 20
5796000 20
5797000 20
5798000 20
5799000 20
5800000 20
5801000 20
5802000 20
5803000 20
5804000 20
5805000 20
5806000 20
5807000 20
5808000 20
5809000 20
5810000 20
5811000 20
5812000 20
5813000 20
5814000 20
5815000 20
5816000 20
5817000 20
5818000 20
5819000 20
5820000 20
5821000 20
5822000 20
5823000 20
5824000 20
5825000 20
5826000 20
5827000 20
5828000 20
5829000 20
5830000 20
5831000 20
5832000 20
5833000 20
5834000 20
5835000 20
5836000 20
5837000 20
5838000 20
5839000 20
5840000 20
5841000 20
5842000 20
5843000 20
5844000 20
5845000 20
5846000 20
5847000 20
5848000 20
5849000 20
5850000 20
5851000 20
5852000 20
5853000 20
5854000 20
5855000 20
5856000 20
5857000 20
5858000 20
5859000 20
5860000 20
5861000 20
5862000 20
5863000 20
5864000 20
5865000 20
5866000 20
5867000 20
5868000 20
5869000 20
5870000 20
5871000 20
5872000 20
5873000 20
5874000 20
5875000 20
5876000 20
5877000 20
5878000 20
5879000 20
5880000 20
5881000 20
5882000 20
5883000 20
5884000 20
5885000 20
5886000 20
5887000 20
5888000 20
5889000 20
5890000 20
5891000 20
5892000 20
5893000 20
5894000 20
5895000 20
5896000 20
5897000 20
5898000 20
5899000 20
5900000 20
5901000 20
5902000 20
5903000 20
5904000 20
5905000 20
5906000 20
5907000 20
5908000 20
5909000 20
5910000 20
5911000 20
5912000 20
5913000 20
5914000 20
5915000 20
5916000 20
5917000 20
5918000 20
5919000 20
5920000 20
5921000 20
5922000 20
5923000 20
5924000 20
5925000 20
5926000 20
5927000 20
5928000 20
5929000 20
5930000 20
5931000 20
5932000 20
5933000 20
5934000 20
5935000 20
5936000 20
5937000 20
5938000 20
5939000 20
5940000 20
5941000 20
5942000 20
5943000 20
5944000 20
5945000 20
5946000 20
5947000 20
5948000 20
5949000 20
5950000 20
5951000 20
5952000 20
5953000 20
5954000 20
5955000 20
5956000 20
5957000 20
5958000 20
5959000 20
5960000 20
5961000 20
5962000 20
5963000 20
5964000 20
5965000 20
5966000 20
5967000 20
5968000 20
5969000 20
5970000 20
5971000 20
5972000 20
5973000 20
5974000 20
5975000 20
5976000 20
5977000 20
5978000 20
5979000 20
5980000 20
5981000 20
5982000 20
5983000 20
5984000 20
5985000 20
5986000 20
5987000 20
5988000 20
5989000 20
5990000 20
5991000 20
5992000 20
5993000 20
5994000 20
5995000 20
5996000 20
5997000 20
5998000 20
5999000 20
6000000 20
6001000 20
6002000 20
6003000 20
6004000 20
6005000 20
6006000 20
6007000 20
6008000 20
6009000 20
6010000 20
6011000 20
6012000 20
6013000 20
6014000 20
6015000 20
6016000 20
6017000 20
6018000 20
6019000 20
6020000 20
6021000 20
6022000 20
6023000 20
6024000 20
6025000 20
6026000 20
6027000 20
6028000 20
6029000 20
6030000 20
6031000 20
6032000 20
6033000 20
6034000 20
6035000 20
6036000 20
6037000 20
6038000 20
6039000 20
6040000 20
6041000 20
6042000 20
6043000 20
6044000 20
6045000 20
6046000 20
6047000 20
6048000 20
6049000 20
6050000 20
6051000 20
6052000 20
6053000 20
6054000 20
6055000 20
6056000 20
6057000 20
6058000 20
6059000 20
6060000 20
6061000 20
6062000 20
6063000 20
6064000 20
6065000 20
6066000 20
6067000 20
6068000 20
6069000 20
6070000 20
6071000 20
6072000 20
6073000 20
6074000 20
6075000 20
6076000 20
6077000 20
6078000 20
6079000 20
6080000 20
6081000 20
6082000 20
6083000 20
6084000 20
6085000 20
6086000 20
6087000 20
6088000 20
6089000 20
6090000 20
6091000 20
6092000 20
6093000 20
6094000 20
6095000 20
6096000 20
6097000 20
6098000 20
6099000 20
6100000 20
6101000 20
6102000 20
6103000 20
6104000 20
6105000 20
6106000 20
6107000 20
6108000 20
6109000 20
6110000 20
6111000 20
6112000 20
6113000 20
6114000 20
6115000 20
6116000 20
6117000 20
6118000 20
6119000 20
6120000 20
6121000 20
6122000 20
6123000 20
6124000 20
6125000 20
6126000 20
6127000 20
6128000 20
6129000 20
6130000 20
6131000 20
6132000 20
6133000 20
6134000 20
6135000 20
6136000 20
6137000 20
6138000 20
6139000 20
6140000 20
6141000 20
6142000 20
6143000 20
6144000 20
6145000 20
6146000 20
6147000 20
6148000 20
6149000 20
6150000 20
6151000 20
6152000 20
6153000 20
6154000 20
6155000 20
6156000 20
6157000 20
6158000 20
6159000 20
6160000 20
6161000 20
6162000 20
6163000 20
6164000 20
6165000 20
6166000 20
6167000 20
6168000 20
6169000 20
6170000 20
6171000 20
6172000 20
6173000 20
6174000 20
6175000 20
6176000 20
6177000 20
6178000 20
6179000 20
6180000 20
6181000 20
6182000 20
6183000 20
6184000 20
6185000 20
6186000 20
6187000 20
6188000 20
6189000 20
6190000 20
6191000 20
6192000 20
6193000 20
6194000 20
6195000 20
6196000 20
6197000 20
6198000 20
6199000 20
6200000 20
6201000 20
6202000 20
6203000 20
6204000 20
6205000 20
6206000 20
6207000 20
6208000 20
6209000 20
6210000 20
6211000 20
6212000 20
6213000 20
6214000 20
6215000 20
6216000 20
6217000 20
6218000 20
6219000 20
6220000 20
6221000 20
6222000 20
6223000 20
6224000 20
6225000 20
6226000 20
6227000 20
6228000 20
6229000 20
6230000 20
6231000 20
6232000 20
6233000 20
6234000 20
6235000 20
6236000 20
6237000 20
6238000 20
6239000 20
6240000 20
6241000 20
6242000 20
6243000 20
6244000 20
6245000 20
6246000 20
6247000 20
6248000 20
6249000 20
6250000 20
6251000 20
6252000 20
6253000 20
6254000 20
6255000 20
6256000 20
6257000 20
6258000 20
6259000 20
6260000 20
6261000 20
6262000 20
6263000 20
6264000 20
6265000 20
6266000 20
6267000 20
6268000 20
6269000 20
6270000 20
6271000 20
6272000 20
6273000 20
6274000 20
6275000 20
6276000 20
6277000 20
6278000 20
6279000 20
6280000 20
6281000 20
6282000 20
6283000 20
6284000 20
6285000 20
6286000 20
6287000 20
6288000 20
6289000 20
6290000 20
6291000 20
6292000 20
6293000 20
6294000 20
6295000 20
6296000 20
6297000 20
6298000 20
6299000 20
6300000 20
6301000 20
6302000 20
6303000 20
6304000 20
6305000 20
6306000 20
6307000 20
6308000 20
6309000 20
6310000 20
6311000 20
6312000 20
6313000 20
6314000 20
6315000 20
6316000 20
6317000 20
6318000 20
6319000 20
6320000 20
6321000 20
6322000 20
6323000 20
6324000 20
6325000 20
6326000 20
6327000 20
6328000 20
6329000 20
6330000 20
6331000 20
6332000 20
6333000 20
6334000 20
6335000 20
6336000 20
6337000 20
6338000 20
6339000 20
6340000 20
6341000 20
6342000 20
6343000 20
6344000 20
6345000 20
6346000 20
6347000 20
6348000 20
6349000 20
6350000 20
6351000 20
6352000 20
6353000 20
6354000 20
6355000 20
6356000 20
6357000 20
6358000 20
6359000 20
6360000 20
6361000 20
6362000 20
6363000 20
6364000 20
6365000 20
6366000 20
6367000 20
6368000 20
6369000 20
6370000 20
6371000 20
6372000 20
6373000 20
6374000 20
6375000 20
6376000 20
6377000 20
6378000 20
6379000 20
6380000 20
6381000 20
6382000 20
6383000 20
6384000 20
6385000 20
6386000 20
6387000 20
6388000 20
6389000 20
6390000 20
6391000 20
6392000 20
6393000 20
6394000 20
6395000 20
6396000 20
6397000 20
6398000 20
6399000 20
6400000 20
6401000 20
6402000 20
6403000 20
6404000 20
6405000 20
6406000 20
6407000 20
6408000 20
6409000 20
6410000 20
6411000 20
6412000 20
6413000 20
6414000 20
6415000 20
6416000 20
6417000 20
6418000 20
6419000 20
6420000 20
6421000 20
6422000 20
6423000 20
6424000 20
6425000 20
6426000 20
6427000 20
6428000 20
6429000 20
6430000 20
6431000 20
6432000 20
6433000 20
6434000 20
6435000 20
6436000 20
6437000 20
6438000 20
6439000 20
6440000 20
6441000 20
6442000 20
6443000 20
6444000 20
6445000 20
6446000 20
6447000 20
6448000 20
6449000 20
6450000 20
6451000 20
6452000 20
6453000 20
6454000 20
6455000 20
6456000 20
6457000 20
6458000 20
6459000 20
6460000 20
6461000 20
6462000 20
6463000 20
6464000 20
6465000 20
6466000 20
6467000 20
6468000 20
6469000 20
6470000 20
6471000 20
6472000 20
6473000 20
6474000 20
6475000 20
6476000 20
6477000 20
6478000 20
6479000 20
6480000 20
6481000 20
6482000 20
6483000 20
6484000 20
6485000 20
6486000 20
6487000 20
6488000 20
6489000 20
6490000 20
6491000 20
6492000 20
6493000 20
6494000 20
6495000 20
6496000 20
6497000 20
6498000 20
6499000 20
6500000 20
6501000 20
6502000 20
6503000 20
6504000 20
6505000 20
6506000 20
6507000 20
6508000 20
6509000 20
6510000 20
6511000 20
6512000 20
6513000 20
6514000 20
6515000 20
6516000 20
6517000 20
6518000 20
6519000 20
6520000 20
6521000 20
6522000 20
6523000 20
6524000 20
6525000 20
6526000 20
6527000 20
6528000 20
6529000 20
6530000 20
6531000 20
6532000 20
6533000 20
6534000 20
6535000 20
6536000 20
6537000 20
6538000 20
6539000 20
6540000 20
6541000 20
6542000 20
6543000 20
6544000 20
6545000 20
6546000 20
6547000 20
6548000 20
6549000 20
6550000 20
6551000 20
6552000 20
6553000 20
6554000 20
6555000 20
6556000 20
6557000 20
6558000 20
6559000 20
6560000 20
6561000 20
6562000 20
6563000 20
6564000 20
6565000 20
6566000 20
6567000 20
6568000 20
6569000 20
6570000 20
6571000 20
6572000 20
6573000 20
6574000 20
6575000 20
6576000 20
6577000 20
6578000 20
6579000 20
6580000 20
6581000 20
6582000 20
6583000 20
6584000 20
6585000 20
6586000 20
6587000 20
6588000 20
6589000 20
6590000 20
6591000 20
6592000 20
6593000 20
6594000 20
6595000 20
6596000 20
6597000 20
6598000 20
6599000 20
6600000 20
6601000 20
6602000 20
6603000 20
6604000 20
6605000 20
6606000 20
6607000 20
6608000 20
6609000 20
6610000 20
6611000 20
6612000 20
6613000 20
6614000 20
6615000 20
6616000 20
6617000 20
6618000 20
6619000 20
6620000 20
6621000 20
6622000 20
6623000 20
6624000 20
6625000 20
6626000 20
6627000 20
6628000 20
6629000 20
6630000 20
6631000 20
6632000 20
6633000 20
6634000 20
6635000 20
6636000 20
6637000 20
6638000 20
6639000 20
6640000 20
6641000 20
6642000 20
6643000 20
6644000 20
6645000 20
6646000 20
6647000 20
6648000 20
6649000 20
6650000 20
6651000 20
6652000 20
6653000 20
6654000 20
6655000 20
6656000 20
6657000 20
6658000 20
6659000 20
6660000 20
6661000 20
6662000 20
6663000 20
6664000 20
6665000 20
6666000 20
6667000 20
6668000 20
6669000 20
6670000 20
6671000 20
6672000 20
6673000 20
6674000 20
6675000 20
6676000 20
6677000 20
6678000 20
6679000 20
6680000 20
6681000 20
6682000 20
6683000 20
6684000 20
6685000 20
6686000 20
6687000 20
6688000 20
6689000 20
6690000 20
6691000 20
6692000 20
6693000 20
6694000 20
6695000 20
6696000 20
6697000 20
6698000 20
6699000 20
6700000 20
6701000 20
6702000 20
6703000 20
6704000 20
6705000 20
6706000 20
6707000 20
6708000 20
6709000 20
6710000 20
6711000 20
6712000 20
6713000 20
6714000 20
6715000 20
6716000 20
6717000 20
6718000 20
6719000 20
6720000 20
6721000 20
6722000 20
6723000 20
6724000 20
6725000 20
6726000 20
6727000 20
6728000 20
6729000 20
6730000 20
6731000 20
6732000 20
6733000 20
6734000 20
6735000 20
6736000 20
6737000 20
6738000 20
6739000 20
6740000 20
6741000 20
6742000 20
6743000 20
6744000 20
6745000 20
6746000 20
6747000 20
6748000 20
6749000 20
6750000 20
6751000 20
6752000 20
6753000 20
6754000 20
6755000 20
6756000 20
6757000 20
6758000 20
6759000 20
6760000 20
6761000 20
6762000 20
6763000 20
6764000 20
6765000 20
6766000 20
6767000 20
6768000 20
6769000 20
6770000 20
6771000 20
6772000 20
6773000 20
6774000 20
6775000 20
6776000 20
6777000 20
6778000 20
6779000 20
6780000 20
6781000 20
6782000 20
6783000 20
6784000 20
6785000 20
6786000 20
6787000 20
6788000 20
6789000 20
6790000 20
6791000 20
6792000 20
6793000 20
6794000 20
6795000 20
6796000 20
6797000 20
6798000 20
6799000 20
6800000 20
6801000 20
6802000 20
6803000 20
6804000 20
6805000 20
6806000 20
6807000 20
6808000 20
6809000 20
6810000 20
6811000 20
6812000 20
6813000 20
6814000 20
6815000 20
6816000 20
6817000 20
6818000 20
6819000 20
6820000 20
6821000 20
6822000 20
6823000 20
6824000 20
6825000 20
6826000 20
6827000 20
6828000 20
6829000 20
6830000 20
6831000 20
6832000 20
6833000 20
6834000 20
6835000 20
6836000 20
6837000 20
6838000 20
6839000 20
6840000 20
6841000 20
6842000 20
6843000 20
6844000 20
6845000 20
6846000 20
6847000 20
6848000 20
6849000 20
6850000 20
6851000 20
6852000 20
6853000 20
6854000 20
6855000 20
6856000 20
6857000 20
6858000 20
6859000 20
6860000 20
6861000 20
6862000 20
6863000 20
6864000 20
6865000 20
6866000 20
6867000 20
6868000 20
6869000 20
6870000 20
6871000 20
6872000 20
6873000 20
6874000 20
6875000 20
6876000 20
6877000 20
6878000 20
6879000 20
6880000 20
6881000 20
6882000 20
6883000 20
6884000 20
6885000 20
6886000 20
6887000 20
6888000 20
6889000 20
6890000 20
6891000 20
6892000 20
6893000 20
6894000 20
6895000 20
6896000 20
6897000 20
6898000 20
6899000 20
6900000 20
6901000 20
6902000 20
6903000 20
6904000 20
6905000 20
6906000 20
6907000 20
6908000 20
6909000 20
6910000 20
6911000 20
6912000 20
6913000 20
6914000 20
6915000 20
6916000 20
6917000 20
6918000 20
6919000 20
6920000 20
6921000 20
6922000 20
6923000 20
6924000 20
6925000 20
6926000 20
6927000 20
6928000 20
6929000 20
6930000 20
6931000 20
6932000 20
6933000 20
6934000 20
6935000 20
6936000 20
6937000 20
6938000 20
6939000 20
6940000 20
6941000 20
6942000 20
6943000 20
6944000 20
6945000 20
6946000 20
6947000 20
6948000 20
6949000 20
6950000 20
6951000 20
6952000 20
6953000 20
6954000 20
6955000 20
6956000 20
6957000 20
6958000 20
6959000 20
6960000 20
6961000 20
6962000 20
6963000 20
6964000 20
6965000 20
6966000 20
6967000 20
6968000 20
6969000 20
6970000 20
6971000 20
6972000 20
6973000 20
6974000 20
6975000 20
6976000 20
6977000 20
6978000 20
6979000 20
6980000 20
6981000 20
6982000 20
6983000 20
6984000 20
6985000 20
6986000 20
6987000 20
6988000 20
6989000 20
6990000 20
6991000 20
6992000 20
6993000 20
6994000 20
6995000 20
6996000 20
6997000 20
6998000 20
6999000 20
