# frame 	 heights
0 14
1000 14
2000 14
3000 14
4000 14
5000 14
6000 14
7000 14
8000 14
9000 14
10000 14
11000 14
12000 14
13000 14
14000 14
15000 14
16000 14
17000 14
18000 14
19000 14
20000 14
21000 14
22000 14
23000 14
24000 14
25000 14
26000 14
27000 14
28000 14
29000 14
30000 14
31000 14
32000 14
33000 14
34000 14
35000 14
36000 14
37000 14
38000 14
39000 14
40000 14
41000 14
42000 14
43000 14
44000 14
45000 14
46000 14
47000 14
48000 14
49000 14
50000 14
51000 14
52000 14
53000 14
54000 14
55000 14
56000 14
57000 14
58000 14
59000 14
60000 14
61000 14
62000 14
63000 14
64000 14
65000 14
66000 14
67000 14
68000 14
69000 14
70000 14
71000 14
72000 14
73000 14
74000 14
75000 14
76000 14
77000 14
78000 14
79000 14
80000 14
81000 14
82000 14
83000 14
84000 14
85000 14
86000 14
87000 14
88000 14
89000 14
90000 14
91000 14
92000 14
93000 14
94000 14
95000 14
96000 14
97000 14
98000 14
99000 14
100000 14
101000 14
102000 14
103000 14
104000 14
105000 14
106000 14
107000 14
108000 14
109000 14
110000 14
111000 14
112000 14
113000 14
114000 14
115000 14
116000 14
117000 14
118000 14
119000 14
120000 14
121000 14
122000 14
123000 14
124000 14
125000 14
126000 14
127000 14
128000 14
129000 14
130000 14
131000 14
132000 14
133000 14
134000 14
135000 14
136000 14
137000 14
138000 14
139000 14
140000 14
141000 14
142000 14
143000 14
144000 14
145000 14
146000 14
147000 14
148000 14
149000 14
150000 14
151000 14
152000 14
153000 14
154000 14
155000 14
156000 14
157000 14
158000 14
159000 14
160000 14
161000 14
162000 14
163000 14
164000 14
165000 14
166000 14
167000 14
168000 14
169000 14
170000 14
171000 14
172000 14
173000 14
174000 14
175000 14
176000 14
177000 14
178000 14
179000 14
180000 14
181000 14
182000 14
183000 14
184000 14
185000 14
186000 14
187000 14
188000 14
189000 14
190000 14
191000 14
192000 14
193000 14
194000 14
195000 14
196000 14
197000 14
198000 14
199000 14
200000 14
201000 14
202000 14
203000 14
204000 14
205000 14
206000 14
207000 14
208000 14
209000 14
210000 14
211000 14
212000 14
213000 14
214000 14
215000 14
216000 14
217000 14
218000 14
219000 14
220000 14
221000 14
222000 14
223000 14
224000 14
225000 14
226000 14
227000 14
228000 14
229000 14
230000 14
231000 14
232000 14
233000 14
234000 14
235000 14
236000 14
237000 14
238000 14
239000 14
240000 14
241000 14
242000 14
243000 14
244000 14
245000 14
246000 14
247000 14
248000 14
249000 14
250000 14
251000 14
252000 14
253000 14
254000 14
255000 14
256000 14
257000 14
258000 14
259000 14
260000 14
261000 14
262000 14
263000 14
264000 14
265000 14
266000 14
267000 14
268000 14
269000 14
270000 14
271000 14
272000 14
273000 14
274000 14
275000 14
276000 14
277000 14
278000 14
279000 14
280000 14
281000 14
282000 14
283000 14
284000 14
285000 14
286000 14
287000 14
288000 14
289000 14
290000 14
291000 14
292000 14
293000 14
294000 14
295000 14
296000 14
297000 14
298000 14
299000 14
300000 14
301000 14
302000 14
303000 14
304000 14
305000 14
306000 14
307000 14
308000 14
309000 14
310000 14
311000 14
312000 14
313000 14
314000 14
315000 14
316000 14
317000 14
318000 14
319000 14
320000 14
321000 14
322000 14
323000 14
324000 14
325000 14
326000 14
327000 14
328000 14
329000 14
330000 14
331000 14
332000 14
333000 14
334000 14
335000 14
336000 14
337000 14
338000 14
339000 14
340000 14
341000 14
342000 14
343000 14
344000 14
345000 14
346000 14
347000 14
348000 14
349000 14
350000 14
351000 14
352000 14
353000 14
354000 14
355000 14
356000 14
357000 14
358000 14
359000 14
360000 14
361000 14
362000 14
363000 14
364000 14
365000 14
366000 14
367000 14
368000 14
369000 14
370000 14
371000 14
372000 14
373000 14
374000 14
375000 14
376000 14
377000 14
378000 14
379000 14
380000 14
381000 14
382000 14
383000 14
384000 14
385000 14
386000 14
387000 14
388000 14
389000 14
390000 14
391000 14
392000 14
393000 14
394000 14
395000 14
396000 14
397000 14
398000 14
399000 14
400000 14
401000 14
402000 14
403000 14
404000 14
405000 14
406000 14
407000 14
408000 14
409000 14
410000 14
411000 14
412000 14
413000 14
414000 14
415000 14
416000 14
417000 14
418000 14
419000 14
420000 14
421000 14
422000 14
423000 14
424000 14
425000 14
426000 14
427000 14
428000 14
429000 14
430000 14
431000 14
432000 14
433000 14
434000 14
435000 14
436000 14
437000 14
438000 14
439000 14
440000 14
441000 14
442000 14
443000 14
444000 14
445000 14
446000 14
447000 14
448000 14
449000 14
450000 14
451000 14
452000 14
453000 14
454000 14
455000 14
456000 14
457000 14
458000 14
459000 14
460000 14
461000 14
462000 14
463000 14
464000 14
465000 14
466000 14
467000 14
468000 14
469000 14
470000 14
471000 14
472000 14
473000 14
474000 14
475000 14
476000 14
477000 14
478000 14
479000 14
480000 14
481000 14
482000 14
483000 14
484000 14
485000 14
486000 14
487000 14
488000 14
489000 14
490000 14
491000 14
492000 14
493000 14
494000 14
495000 14
496000 14
497000 14
498000 14
499000 14
500000 14
501000 14
502000 14
503000 14
504000 14
505000 14
506000 14
507000 14
508000 14
509000 14
510000 14
511000 14
512000 14
513000 14
514000 14
515000 14
516000 14
517000 14
518000 14
519000 14
520000 14
521000 14
522000 14
523000 14
524000 14
525000 14
526000 14
527000 14
528000 14
529000 14
530000 14
531000 14
532000 14
533000 14
534000 14
535000 14
536000 14
537000 14
538000 14
539000 14
540000 14
541000 14
542000 14
543000 14
544000 14
545000 14
546000 14
547000 14
548000 14
549000 14
550000 14
551000 14
552000 14
553000 14
554000 14
555000 14
556000 14
557000 14
558000 14
559000 14
560000 14
561000 14
562000 14
563000 14
564000 14
565000 14
566000 14
567000 14
568000 14
569000 14
570000 14
571000 14
572000 14
573000 14
574000 14
575000 14
576000 14
577000 14
578000 14
579000 14
580000 14
581000 14
582000 14
583000 14
584000 14
585000 14
586000 14
587000 14
588000 14
589000 14
590000 14
591000 14
592000 14
593000 14
594000 14
595000 14
596000 14
597000 14
598000 14
599000 14
600000 14
601000 14
602000 14
603000 14
604000 14
605000 14
606000 14
607000 14
608000 14
609000 14
610000 14
611000 14
612000 14
613000 14
614000 14
615000 14
616000 14
617000 14
618000 14
619000 14
620000 14
621000 14
622000 14
623000 14
624000 14
625000 14
626000 14
627000 14
628000 14
629000 14
630000 14
631000 14
632000 14
633000 14
634000 14
635000 14
636000 14
637000 14
638000 14
639000 14
640000 14
641000 14
642000 14
643000 14
644000 14
645000 14
646000 14
647000 14
648000 14
649000 14
650000 14
651000 14
652000 14
653000 14
654000 14
655000 14
656000 14
657000 14
658000 14
659000 14
660000 14
661000 14
662000 14
663000 14
664000 14
665000 14
666000 14
667000 14
668000 14
669000 14
670000 14
671000 14
672000 14
673000 14
674000 14
675000 14
676000 14
677000 14
678000 14
679000 14
680000 14
681000 14
682000 14
683000 14
684000 14
685000 14
686000 14
687000 14
688000 14
689000 14
690000 14
691000 14
692000 14
693000 14
694000 14
695000 14
696000 14
697000 14
698000 14
699000 14
700000 14
701000 14
702000 14
703000 14
704000 14
705000 14
706000 14
707000 14
708000 14
709000 14
710000 14
711000 14
712000 14
713000 14
714000 14
715000 14
716000 14
717000 14
718000 14
719000 14
720000 14
721000 14
722000 14
723000 14
724000 14
725000 14
726000 14
727000 14
728000 14
729000 14
730000 14
731000 14
732000 14
733000 14
734000 14
735000 14
736000 14
737000 14
738000 14
739000 14
740000 14
741000 14
742000 14
743000 14
744000 14
745000 14
746000 14
747000 14
748000 14
749000 14
750000 14
751000 14
752000 14
753000 14
754000 14
755000 14
756000 14
757000 14
758000 14
759000 14
760000 14
761000 14
762000 14
763000 14
764000 14
765000 14
766000 14
767000 14
768000 14
769000 14
770000 14
771000 14
772000 14
773000 14
774000 14
775000 14
776000 14
777000 14
778000 14
779000 14
780000 14
781000 14
782000 14
783000 14
784000 14
785000 14
786000 14
787000 14
788000 14
789000 14
790000 14
791000 14
792000 14
793000 14
794000 14
795000 14
796000 14
797000 14
798000 14
799000 14
800000 14
801000 14
802000 14
803000 14
804000 14
805000 14
806000 14
807000 14
808000 14
809000 14
810000 14
811000 14
812000 14
813000 14
814000 14
815000 14
816000 14
817000 14
818000 14
819000 14
820000 14
821000 14
822000 14
823000 14
824000 14
825000 14
826000 14
827000 14
828000 14
829000 14
830000 14
831000 14
832000 14
833000 14
834000 14
835000 14
836000 14
837000 14
838000 14
839000 14
840000 14
841000 14
842000 14
843000 14
844000 14
845000 14
846000 14
847000 14
848000 14
849000 14
850000 14
851000 14
852000 14
853000 14
854000 14
855000 14
856000 14
857000 14
858000 14
859000 14
860000 14
861000 14
862000 14
863000 14
864000 14
865000 14
866000 14
867000 14
868000 14
869000 14
870000 14
871000 14
872000 14
873000 14
874000 14
875000 14
876000 14
877000 14
878000 14
879000 14
880000 14
881000 14
882000 14
883000 14
884000 14
885000 14
886000 14
887000 14
888000 14
889000 14
890000 14
891000 14
892000 14
893000 14
894000 14
895000 14
896000 14
897000 14
898000 14
899000 14
900000 14
901000 14
902000 14
903000 14
904000 14
905000 14
906000 14
907000 14
908000 14
909000 14
910000 14
911000 14
912000 14
913000 14
914000 14
915000 14
916000 14
917000 14
918000 14
919000 14
920000 14
921000 14
922000 14
923000 14
924000 14
925000 14
926000 14
927000 14
928000 14
929000 14
930000 14
931000 14
932000 14
933000 14
934000 14
935000 14
936000 14
937000 14
938000 14
939000 14
940000 14
941000 14
942000 14
943000 14
944000 14
945000 14
946000 14
947000 14
948000 14
949000 14
950000 14
951000 14
952000 14
953000 14
954000 14
955000 14
956000 14
957000 14
958000 14
959000 14
960000 14
961000 14
962000 14
963000 14
964000 14
965000 14
966000 14
967000 14
968000 14
969000 14
970000 14
971000 14
972000 14
973000 14
974000 14
975000 14
976000 14
977000 14
978000 14
979000 14
980000 14
981000 14
982000 14
983000 14
984000 14
985000 14
986000 14
987000 14
988000 14
989000 14
990000 14
991000 14
992000 14
993000 14
994000 14
995000 14
996000 14
997000 14
998000 14
999000 14
1000000 14
1001000 14
1002000 14
1003000 14
1004000 14
1005000 14
1006000 14
1007000 14
1008000 14
1009000 14
1010000 14
1011000 14
1012000 14
1013000 14
1014000 14
1015000 14
1016000 14
1017000 14
1018000 14
1019000 14
1020000 14
1021000 14
1022000 14
1023000 14
1024000 14
1025000 14
1026000 14
1027000 14
1028000 14
1029000 14
1030000 14
1031000 14
1032000 14
1033000 14
1034000 14
1035000 14
1036000 14
1037000 14
1038000 14
1039000 14
1040000 14
1041000 14
1042000 14
1043000 14
1044000 14
1045000 14
1046000 14
1047000 14
1048000 14
1049000 14
1050000 14
1051000 14
1052000 14
1053000 14
1054000 14
1055000 14
1056000 14
1057000 14
1058000 14
1059000 14
1060000 14
1061000 14
1062000 14
1063000 14
1064000 14
1065000 14
1066000 14
1067000 14
1068000 14
1069000 14
1070000 14
1071000 14
1072000 14
1073000 14
1074000 14
1075000 14
1076000 14
1077000 14
1078000 14
1079000 14
1080000 14
1081000 14
1082000 14
1083000 14
1084000 14
1085000 14
1086000 14
1087000 14
1088000 14
1089000 14
1090000 14
1091000 14
1092000 14
1093000 14
1094000 14
1095000 14
1096000 14
1097000 14
1098000 14
1099000 14
1100000 14
1101000 14
1102000 14
1103000 14
1104000 14
1105000 14
1106000 14
1107000 14
1108000 14
1109000 14
1110000 14
1111000 14
1112000 14
1113000 14
1114000 14
1115000 14
1116000 14
1117000 14
1118000 14
1119000 14
1120000 14
1121000 14
1122000 14
1123000 14
1124000 14
1125000 14
1126000 14
1127000 14
1128000 14
1129000 14
1130000 14
1131000 14
1132000 14
1133000 14
1134000 14
1135000 14
1136000 14
1137000 14
1138000 14
1139000 14
1140000 14
1141000 14
1142000 14
1143000 14
1144000 14
1145000 14
1146000 14
1147000 14
1148000 14
1149000 14
1150000 14
1151000 14
1152000 14
1153000 14
1154000 14
1155000 14
1156000 14
1157000 14
1158000 14
1159000 14
1160000 14
1161000 14
1162000 14
1163000 14
1164000 14
1165000 14
1166000 14
1167000 14
1168000 14
1169000 14
1170000 14
1171000 14
1172000 14
1173000 14
1174000 14
1175000 14
1176000 14
1177000 14
1178000 14
1179000 14
1180000 14
1181000 14
1182000 14
1183000 14
1184000 14
1185000 14
1186000 14
1187000 14
1188000 14
1189000 14
1190000 14
1191000 14
1192000 14
1193000 14
1194000 14
1195000 14
1196000 14
1197000 14
1198000 14
1199000 14
1200000 14
1201000 14
1202000 14
1203000 14
1204000 14
1205000 14
1206000 14
1207000 14
1208000 14
1209000 14
1210000 14
1211000 14
1212000 14
1213000 14
1214000 14
1215000 14
1216000 14
1217000 14
1218000 14
1219000 14
1220000 14
1221000 14
1222000 14
1223000 14
1224000 14
1225000 14
1226000 14
1227000 14
1228000 14
1229000 14
1230000 14
1231000 14
1232000 14
1233000 14
1234000 14
1235000 14
1236000 14
1237000 14
1238000 14
1239000 14
1240000 14
1241000 14
1242000 14
1243000 14
1244000 14
1245000 14
1246000 14
1247000 14
1248000 14
1249000 14
1250000 14
1251000 14
1252000 14
1253000 14
1254000 14
1255000 14
1256000 14
1257000 14
1258000 14
1259000 14
1260000 14
1261000 14
1262000 14
1263000 14
1264000 14
1265000 14
1266000 14
1267000 14
1268000 14
1269000 14
1270000 14
1271000 14
1272000 14
1273000 14
1274000 14
1275000 14
1276000 14
1277000 14
1278000 14
1279000 14
1280000 14
1281000 14
1282000 14
1283000 14
1284000 14
1285000 14
1286000 14
1287000 14
1288000 14
1289000 14
1290000 14
1291000 14
1292000 14
1293000 14
1294000 14
1295000 14
1296000 14
1297000 14
1298000 14
1299000 14
1300000 14
1301000 14
1302000 14
1303000 14
1304000 14
1305000 14
1306000 14
1307000 14
1308000 14
1309000 14
1310000 14
1311000 14
1312000 14
1313000 14
1314000 14
1315000 14
1316000 14
1317000 14
1318000 14
1319000 14
1320000 14
1321000 14
1322000 14
1323000 14
1324000 14
1325000 14
1326000 14
1327000 14
1328000 14
1329000 14
1330000 14
1331000 14
1332000 14
1333000 14
1334000 14
1335000 14
1336000 14
1337000 14
1338000 14
1339000 14
1340000 14
1341000 14
1342000 14
1343000 14
1344000 14
1345000 14
1346000 14
1347000 14
1348000 14
1349000 14
1350000 14
1351000 14
1352000 14
1353000 14
1354000 14
1355000 14
1356000 14
1357000 14
1358000 14
1359000 14
1360000 14
1361000 14
1362000 14
1363000 14
1364000 14
1365000 14
1366000 14
1367000 14
1368000 14
1369000 14
1370000 14
1371000 14
1372000 14
1373000 14
1374000 14
1375000 14
1376000 14
1377000 14
1378000 14
1379000 14
1380000 14
1381000 14
1382000 14
1383000 14
1384000 14
1385000 14
1386000 14
1387000 14
1388000 14
1389000 14
1390000 14
1391000 14
1392000 14
1393000 14
1394000 14
1395000 14
1396000 14
1397000 14
1398000 14
1399000 14
1400000 14
1401000 14
1402000 14
1403000 14
1404000 14
1405000 14
1406000 14
1407000 14
1408000 14
1409000 14
1410000 14
1411000 14
1412000 14
1413000 14
1414000 14
1415000 14
1416000 14
1417000 14
1418000 14
1419000 14
1420000 14
1421000 14
1422000 14
1423000 14
1424000 14
1425000 14
1426000 14
1427000 14
1428000 14
1429000 14
1430000 14
1431000 14
1432000 14
1433000 14
1434000 14
1435000 14
1436000 14
1437000 14
1438000 14
1439000 14
1440000 14
1441000 14
1442000 14
1443000 14
1444000 14
1445000 14
1446000 14
1447000 14
1448000 14
1449000 14
1450000 14
1451000 14
1452000 14
1453000 14
1454000 14
1455000 14
1456000 14
1457000 14
1458000 14
1459000 14
1460000 14
1461000 14
1462000 14
1463000 14
1464000 14
1465000 14
1466000 14
1467000 14
1468000 14
1469000 14
1470000 14
1471000 14
1472000 14
1473000 14
1474000 14
1475000 14
1476000 14
1477000 14
1478000 14
1479000 14
1480000 14
1481000 14
1482000 14
1483000 14
1484000 14
1485000 14
1486000 14
1487000 14
1488000 14
1489000 14
1490000 14
1491000 14
1492000 14
1493000 14
1494000 14
1495000 14
1496000 14
1497000 14
1498000 14
1499000 14
1500000 14
1501000 14
1502000 14
1503000 14
1504000 14
1505000 14
1506000 14
1507000 14
1508000 14
1509000 14
1510000 14
1511000 14
1512000 14
1513000 14
1514000 14
1515000 14
1516000 14
1517000 14
1518000 14
1519000 14
1520000 14
1521000 14
1522000 14
1523000 14
1524000 14
1525000 14
1526000 14
1527000 14
1528000 14
1529000 14
1530000 14
1531000 14
1532000 14
1533000 14
1534000 14
1535000 14
1536000 14
1537000 14
1538000 14
1539000 14
1540000 14
1541000 14
1542000 14
1543000 14
1544000 14
1545000 14
1546000 14
1547000 14
1548000 14
1549000 14
1550000 14
1551000 14
1552000 14
1553000 14
1554000 14
1555000 14
1556000 14
1557000 14
1558000 14
1559000 14
1560000 14
1561000 14
1562000 14
1563000 14
1564000 14
1565000 14
1566000 14
1567000 14
1568000 14
1569000 14
1570000 14
1571000 14
1572000 14
1573000 14
1574000 14
1575000 14
1576000 14
1577000 14
1578000 14
1579000 14
1580000 14
1581000 14
1582000 14
1583000 14
1584000 14
1585000 14
1586000 14
1587000 14
1588000 14
1589000 14
1590000 14
1591000 14
1592000 14
1593000 14
1594000 14
1595000 14
1596000 14
1597000 14
1598000 14
1599000 14
1600000 14
1601000 14
1602000 14
1603000 14
1604000 14
1605000 14
1606000 14
1607000 14
1608000 14
1609000 14
1610000 14
1611000 14
1612000 14
1613000 14
1614000 14
1615000 14
1616000 14
1617000 14
1618000 14
1619000 14
1620000 14
1621000 14
1622000 14
1623000 14
1624000 14
1625000 14
1626000 14
1627000 14
1628000 14
1629000 14
1630000 14
1631000 14
1632000 14
1633000 14
1634000 14
1635000 14
1636000 14
1637000 14
1638000 14
1639000 14
1640000 14
1641000 14
1642000 14
1643000 14
1644000 14
1645000 14
1646000 14
1647000 14
1648000 14
1649000 14
1650000 14
1651000 14
1652000 14
1653000 14
1654000 14
1655000 14
1656000 14
1657000 14
1658000 14
1659000 14
1660000 14
1661000 14
1662000 14
1663000 14
1664000 14
1665000 14
1666000 14
1667000 14
1668000 14
1669000 14
1670000 14
1671000 14
1672000 14
1673000 14
1674000 14
1675000 14
1676000 14
1677000 14
1678000 14
1679000 14
1680000 14
1681000 14
1682000 14
1683000 14
1684000 14
1685000 14
1686000 14
1687000 14
1688000 14
1689000 14
1690000 14
1691000 14
1692000 14
1693000 14
1694000 14
1695000 14
1696000 14
1697000 14
1698000 14
1699000 14
1700000 14
1701000 14
1702000 14
1703000 14
1704000 14
1705000 14
1706000 14
1707000 14
1708000 14
1709000 14
1710000 14
1711000 14
1712000 14
1713000 14
1714000 14
1715000 14
1716000 14
1717000 14
1718000 14
1719000 14
1720000 14
1721000 14
1722000 14
1723000 14
1724000 14
1725000 14
1726000 14
1727000 14
1728000 14
1729000 14
1730000 14
1731000 14
1732000 14
1733000 14
1734000 14
1735000 14
1736000 14
1737000 14
1738000 14
1739000 14
1740000 14
1741000 14
1742000 14
1743000 14
1744000 14
1745000 14
1746000 14
1747000 14
1748000 14
1749000 14
1750000 14
1751000 14
1752000 14
1753000 14
1754000 14
1755000 14
1756000 14
1757000 14
1758000 14
1759000 14
1760000 14
1761000 14
1762000 14
1763000 14
1764000 14
1765000 14
1766000 14
1767000 14
1768000 14
1769000 14
1770000 14
1771000 14
1772000 14
1773000 14
1774000 14
1775000 14
1776000 14
1777000 14
1778000 14
1779000 14
1780000 14
1781000 14
1782000 14
1783000 14
1784000 14
1785000 14
1786000 14
1787000 14
1788000 14
1789000 14
1790000 14
1791000 14
1792000 14
1793000 14
1794000 14
1795000 14
1796000 14
1797000 14
1798000 14
1799000 14
1800000 14
1801000 14
1802000 14
1803000 14
1804000 14
1805000 14
1806000 14
1807000 14
1808000 14
1809000 14
1810000 14
1811000 14
1812000 14
1813000 14
1814000 14
1815000 14
1816000 14
1817000 14
1818000 14
1819000 14
1820000 14
1821000 14
1822000 14
1823000 14
1824000 14
1825000 14
1826000 14
1827000 14
1828000 14
1829000 14
1830000 14
1831000 14
1832000 14
1833000 14
1834000 14
1835000 14
1836000 14
1837000 14
1838000 14
1839000 14
1840000 14
1841000 14
1842000 14
1843000 14
1844000 14
1845000 14
1846000 14
1847000 14
1848000 14
1849000 14
1850000 14
1851000 14
1852000 14
1853000 14
1854000 14
1855000 14
1856000 14
1857000 14
1858000 14
1859000 14
1860000 14
1861000 14
1862000 14
1863000 14
1864000 14
1865000 14
1866000 14
1867000 14
1868000 14
1869000 14
1870000 14
1871000 14
1872000 14
1873000 14
1874000 14
1875000 14
1876000 14
1877000 14
1878000 14
1879000 14
1880000 14
1881000 14
1882000 14
1883000 14
1884000 14
1885000 14
1886000 14
1887000 14
1888000 14
1889000 14
1890000 14
1891000 14
1892000 14
1893000 14
1894000 14
1895000 14
1896000 14
1897000 14
1898000 14
1899000 14
1900000 14
1901000 14
1902000 14
1903000 14
1904000 14
1905000 14
1906000 14
1907000 14
1908000 14
1909000 14
1910000 14
1911000 14
1912000 14
1913000 14
1914000 14
1915000 14
1916000 14
1917000 14
1918000 14
1919000 14
1920000 14
1921000 14
1922000 14
1923000 14
1924000 14
1925000 14
1926000 14
1927000 14
1928000 14
1929000 14
1930000 14
1931000 14
1932000 14
1933000 14
1934000 14
1935000 14
1936000 14
1937000 14
1938000 14
1939000 14
1940000 14
1941000 14
1942000 14
1943000 14
1944000 14
1945000 14
1946000 14
1947000 14
1948000 14
1949000 14
1950000 14
1951000 14
1952000 14
1953000 14
1954000 14
1955000 14
1956000 14
1957000 14
1958000 14
1959000 14
1960000 14
1961000 14
1962000 14
1963000 14
1964000 14
1965000 14
1966000 14
1967000 14
1968000 14
1969000 14
1970000 14
1971000 14
1972000 14
1973000 14
1974000 14
1975000 14
1976000 14
1977000 14
1978000 14
1979000 14
1980000 14
1981000 14
1982000 14
1983000 14
1984000 14
1985000 14
1986000 14
1987000 14
1988000 14
1989000 14
1990000 14
1991000 14
1992000 14
1993000 14
1994000 14
1995000 14
1996000 14
1997000 14
1998000 14
1999000 14
2000000 14
2001000 14
2002000 14
2003000 14
2004000 14
2005000 14
2006000 14
2007000 14
2008000 14
2009000 14
2010000 14
2011000 14
2012000 14
2013000 14
2014000 14
2015000 14
2016000 14
2017000 14
2018000 14
2019000 14
2020000 14
2021000 14
2022000 14
2023000 14
2024000 14
2025000 14
2026000 14
2027000 14
2028000 14
2029000 14
2030000 14
2031000 14
2032000 14
2033000 14
2034000 14
2035000 14
2036000 14
2037000 14
2038000 14
2039000 14
2040000 14
2041000 14
2042000 14
2043000 14
2044000 14
2045000 14
2046000 14
2047000 14
2048000 14
2049000 14
2050000 14
2051000 14
2052000 14
2053000 14
2054000 14
2055000 14
2056000 14
2057000 14
2058000 14
2059000 14
2060000 14
2061000 14
2062000 14
2063000 14
2064000 14
2065000 14
2066000 14
2067000 14
2068000 14
2069000 14
2070000 14
2071000 14
2072000 14
2073000 14
2074000 14
2075000 14
2076000 14
2077000 14
2078000 14
2079000 14
2080000 14
2081000 14
2082000 14
2083000 14
2084000 14
2085000 14
2086000 14
2087000 14
2088000 14
2089000 14
2090000 14
2091000 14
2092000 14
2093000 14
2094000 14
2095000 14
2096000 14
2097000 14
2098000 14
2099000 14
2100000 14
2101000 14
2102000 14
2103000 14
2104000 14
2105000 14
2106000 14
2107000 14
2108000 14
2109000 14
2110000 14
2111000 14
2112000 14
2113000 14
2114000 14
2115000 14
2116000 14
2117000 14
2118000 14
2119000 14
2120000 14
2121000 14
2122000 14
2123000 14
2124000 14
2125000 14
2126000 14
2127000 14
2128000 14
2129000 14
2130000 14
2131000 14
2132000 14
2133000 14
2134000 14
2135000 14
2136000 14
2137000 14
2138000 14
2139000 14
2140000 14
2141000 14
2142000 14
2143000 14
2144000 14
2145000 14
2146000 14
2147000 14
2148000 14
2149000 14
2150000 14
2151000 14
2152000 14
2153000 14
2154000 14
2155000 14
2156000 14
2157000 14
2158000 14
2159000 14
2160000 14
2161000 14
2162000 14
2163000 14
2164000 14
2165000 14
2166000 14
2167000 14
2168000 14
2169000 14
2170000 14
2171000 14
2172000 14
2173000 14
2174000 14
2175000 14
2176000 14
2177000 14
2178000 14
2179000 14
2180000 14
2181000 14
2182000 14
2183000 14
2184000 14
2185000 14
2186000 14
2187000 14
2188000 14
2189000 14
2190000 14
2191000 14
2192000 14
2193000 14
2194000 14
2195000 14
2196000 14
2197000 14
2198000 14
2199000 14
2200000 14
2201000 14
2202000 14
2203000 14
2204000 14
2205000 14
2206000 14
2207000 14
2208000 14
2209000 14
2210000 14
2211000 14
2212000 14
2213000 14
2214000 14
2215000 14
2216000 14
2217000 14
2218000 14
2219000 14
2220000 14
2221000 14
2222000 14
2223000 14
2224000 14
2225000 14
2226000 14
2227000 14
2228000 14
2229000 14
2230000 14
2231000 14
2232000 14
2233000 14
2234000 14
2235000 14
2236000 14
2237000 14
2238000 14
2239000 14
2240000 14
2241000 14
2242000 14
2243000 14
2244000 14
2245000 14
2246000 14
2247000 14
2248000 14
2249000 14
2250000 14
2251000 14
2252000 14
2253000 14
2254000 14
2255000 14
2256000 14
2257000 14
2258000 14
2259000 14
2260000 14
2261000 14
2262000 14
2263000 14
2264000 14
2265000 14
2266000 14
2267000 14
2268000 14
2269000 14
2270000 14
2271000 14
2272000 14
2273000 14
2274000 14
2275000 14
2276000 14
2277000 14
2278000 14
2279000 14
2280000 14
2281000 14
2282000 14
2283000 14
2284000 14
2285000 14
2286000 14
2287000 14
2288000 14
2289000 14
2290000 14
2291000 14
2292000 14
2293000 14
2294000 14
2295000 14
2296000 14
2297000 14
2298000 14
2299000 14
2300000 14
2301000 14
2302000 14
2303000 14
2304000 14
2305000 14
2306000 14
2307000 14
2308000 14
2309000 14
2310000 14
2311000 14
2312000 14
2313000 14
2314000 14
2315000 14
2316000 14
2317000 14
2318000 14
2319000 14
2320000 14
2321000 14
2322000 14
2323000 14
2324000 14
2325000 14
2326000 14
2327000 14
2328000 14
2329000 14
2330000 14
2331000 14
2332000 14
2333000 14
2334000 14
2335000 14
2336000 14
2337000 14
2338000 14
2339000 14
2340000 14
2341000 14
2342000 14
2343000 14
2344000 14
2345000 14
2346000 14
2347000 14
2348000 14
2349000 14
2350000 14
2351000 14
2352000 14
2353000 14
2354000 14
2355000 14
2356000 14
2357000 14
2358000 14
2359000 14
2360000 14
2361000 14
2362000 14
2363000 14
2364000 14
2365000 14
2366000 14
2367000 14
2368000 14
2369000 14
2370000 14
2371000 14
2372000 14
2373000 14
2374000 14
2375000 14
2376000 14
2377000 14
2378000 14
2379000 14
2380000 14
2381000 14
2382000 14
2383000 14
2384000 14
2385000 14
2386000 14
2387000 14
2388000 14
2389000 14
2390000 14
2391000 14
2392000 14
2393000 14
2394000 14
2395000 14
2396000 14
2397000 14
2398000 14
2399000 14
2400000 14
2401000 14
2402000 14
2403000 14
2404000 14
2405000 14
2406000 14
2407000 14
2408000 14
2409000 14
2410000 14
2411000 14
2412000 14
2413000 14
2414000 14
2415000 14
2416000 14
2417000 14
2418000 14
2419000 14
2420000 14
2421000 14
2422000 14
2423000 14
2424000 14
2425000 14
2426000 14
2427000 14
2428000 14
2429000 14
2430000 14
2431000 14
2432000 14
2433000 14
2434000 14
2435000 14
2436000 14
2437000 14
2438000 14
2439000 14
2440000 14
2441000 14
2442000 14
2443000 14
2444000 14
2445000 14
2446000 14
2447000 14
2448000 14
2449000 14
2450000 14
2451000 14
2452000 14
2453000 14
2454000 14
2455000 14
2456000 14
2457000 14
2458000 14
2459000 14
2460000 14
2461000 14
2462000 14
2463000 14
2464000 14
2465000 14
2466000 14
2467000 14
2468000 14
2469000 14
2470000 14
2471000 14
2472000 14
2473000 14
2474000 14
2475000 14
2476000 14
2477000 14
2478000 14
2479000 14
2480000 14
2481000 14
2482000 14
2483000 14
2484000 14
2485000 14
2486000 14
2487000 14
2488000 14
2489000 14
2490000 14
2491000 14
2492000 14
2493000 14
2494000 14
2495000 14
2496000 14
2497000 14
2498000 14
2499000 14
2500000 14
2501000 14
2502000 14
2503000 14
2504000 14
2505000 14
2506000 14
2507000 14
2508000 14
2509000 14
2510000 14
2511000 14
2512000 14
2513000 14
2514000 14
2515000 14
2516000 14
2517000 14
2518000 14
2519000 14
2520000 14
2521000 14
2522000 14
2523000 14
2524000 14
2525000 14
2526000 14
2527000 14
2528000 14
2529000 14
2530000 14
2531000 14
2532000 14
2533000 14
2534000 14
2535000 14
2536000 14
2537000 14
2538000 14
2539000 14
2540000 14
2541000 14
2542000 14
2543000 14
2544000 14
2545000 14
2546000 14
2547000 14
2548000 14
2549000 14
2550000 14
2551000 14
2552000 14
2553000 14
2554000 14
2555000 14
2556000 14
2557000 14
2558000 14
2559000 14
2560000 14
2561000 14
2562000 14
2563000 14
2564000 14
2565000 14
2566000 14
2567000 14
2568000 14
2569000 14
2570000 14
2571000 14
2572000 14
2573000 14
2574000 14
2575000 14
2576000 14
2577000 14
2578000 14
2579000 14
2580000 14
2581000 14
2582000 14
2583000 14
2584000 14
2585000 14
2586000 14
2587000 14
2588000 14
2589000 14
2590000 14
2591000 14
2592000 14
2593000 14
2594000 14
2595000 14
2596000 14
2597000 14
2598000 14
2599000 14
2600000 14
2601000 14
2602000 14
2603000 14
2604000 14
2605000 14
2606000 14
2607000 14
2608000 14
2609000 14
2610000 14
2611000 14
2612000 14
2613000 14
2614000 14
2615000 14
2616000 14
2617000 14
2618000 14
2619000 14
2620000 14
2621000 14
2622000 14
2623000 14
2624000 14
2625000 14
2626000 14
2627000 14
2628000 14
2629000 14
2630000 14
2631000 14
2632000 14
2633000 14
2634000 14
2635000 14
2636000 14
2637000 14
2638000 14
2639000 14
2640000 14
2641000 14
2642000 14
2643000 14
2644000 14
2645000 14
2646000 14
2647000 14
2648000 14
2649000 14
2650000 14
2651000 14
2652000 14
2653000 14
2654000 14
2655000 14
2656000 14
2657000 14
2658000 14
2659000 14
2660000 14
2661000 14
2662000 14
2663000 14
2664000 14
2665000 14
2666000 14
2667000 14
2668000 14
2669000 14
2670000 14
2671000 14
2672000 14
2673000 14
2674000 14
2675000 14
2676000 14
2677000 14
2678000 14
2679000 14
2680000 14
2681000 14
2682000 14
2683000 14
2684000 14
2685000 14
2686000 14
2687000 14
2688000 14
2689000 14
2690000 14
2691000 14
2692000 14
2693000 14
2694000 14
2695000 14
2696000 14
2697000 14
2698000 14
2699000 14
2700000 14
2701000 14
2702000 14
2703000 14
2704000 14
2705000 14
2706000 14
2707000 14
2708000 14
2709000 14
2710000 14
2711000 14
2712000 14
2713000 14
2714000 14
2715000 14
2716000 14
2717000 14
2718000 14
2719000 14
2720000 14
2721000 14
2722000 14
2723000 14
2724000 14
2725000 14
2726000 14
2727000 14
2728000 14
2729000 14
2730000 14
2731000 14
2732000 14
2733000 14
2734000 14
2735000 14
2736000 14
2737000 14
2738000 14
2739000 14
2740000 14
2741000 14
2742000 14
2743000 14
2744000 14
2745000 14
2746000 14
2747000 14
2748000 14
2749000 14
2750000 14
2751000 14
2752000 14
2753000 14
2754000 14
2755000 14
2756000 14
2757000 14
2758000 14
2759000 14
2760000 14
2761000 14
2762000 14
2763000 14
2764000 14
2765000 14
2766000 14
2767000 14
2768000 14
2769000 14
2770000 14
2771000 14
2772000 14
2773000 14
2774000 14
2775000 14
2776000 14
2777000 14
2778000 14
2779000 14
2780000 14
2781000 14
2782000 14
2783000 14
2784000 14
2785000 14
2786000 14
2787000 14
2788000 14
2789000 14
2790000 14
2791000 14
2792000 14
2793000 14
2794000 14
2795000 14
2796000 14
2797000 14
2798000 14
2799000 14
2800000 14
2801000 14
2802000 14
2803000 14
2804000 14
2805000 14
2806000 14
2807000 14
2808000 14
2809000 14
2810000 14
2811000 14
2812000 14
2813000 14
2814000 14
2815000 14
2816000 14
2817000 14
2818000 14
2819000 14
2820000 14
2821000 14
2822000 14
2823000 14
2824000 14
2825000 14
2826000 14
2827000 14
2828000 14
2829000 14
2830000 14
2831000 14
2832000 14
2833000 14
2834000 14
2835000 14
2836000 14
2837000 14
2838000 14
2839000 14
2840000 14
2841000 14
2842000 14
2843000 14
2844000 14
2845000 14
2846000 14
2847000 14
2848000 14
2849000 14
2850000 14
2851000 14
2852000 14
2853000 14
2854000 14
2855000 14
2856000 14
2857000 14
2858000 14
2859000 14
2860000 14
2861000 14
2862000 14
2863000 14
2864000 14
2865000 14
2866000 14
2867000 14
2868000 14
2869000 14
2870000 14
2871000 14
2872000 14
2873000 14
2874000 14
2875000 14
2876000 14
2877000 14
2878000 14
2879000 14
2880000 14
2881000 14
2882000 14
2883000 14
2884000 14
2885000 14
2886000 14
2887000 14
2888000 14
2889000 14
2890000 14
2891000 14
2892000 14
2893000 14
2894000 14
2895000 14
2896000 14
2897000 14
2898000 14
2899000 14
2900000 14
2901000 14
2902000 14
2903000 14
2904000 14
2905000 14
2906000 14
2907000 14
2908000 14
2909000 14
2910000 14
2911000 14
2912000 14
2913000 14
2914000 14
2915000 14
2916000 14
2917000 14
2918000 14
2919000 14
2920000 14
2921000 14
2922000 14
2923000 14
2924000 14
2925000 14
2926000 14
2927000 14
2928000 14
2929000 14
2930000 14
2931000 14
2932000 14
2933000 14
2934000 14
2935000 14
2936000 14
2937000 14
2938000 14
2939000 14
2940000 14
2941000 14
2942000 14
2943000 14
2944000 14
2945000 14
2946000 14
2947000 14
2948000 14
2949000 14
2950000 14
2951000 14
2952000 14
2953000 14
2954000 14
2955000 14
2956000 14
2957000 14
2958000 14
2959000 14
2960000 14
2961000 14
2962000 14
2963000 14
2964000 14
2965000 14
2966000 14
2967000 14
2968000 14
2969000 14
2970000 14
2971000 14
2972000 14
2973000 14
2974000 14
2975000 14
2976000 14
2977000 14
2978000 14
2979000 14
2980000 14
2981000 14
2982000 14
2983000 14
2984000 14
2985000 14
2986000 14
2987000 14
2988000 14
2989000 14
2990000 14
2991000 14
2992000 14
2993000 14
2994000 14
2995000 14
2996000 14
2997000 14
2998000 14
2999000 14
3000000 14
3001000 14
3002000 14
3003000 14
3004000 14
3005000 14
3006000 14
3007000 14
3008000 14
3009000 14
3010000 14
3011000 14
3012000 14
3013000 14
3014000 14
3015000 14
3016000 14
3017000 14
3018000 14
3019000 14
3020000 14
3021000 14
3022000 14
3023000 14
3024000 14
3025000 14
3026000 14
3027000 14
3028000 14
3029000 14
3030000 14
3031000 14
3032000 14
3033000 14
3034000 14
3035000 14
3036000 14
3037000 14
3038000 14
3039000 14
3040000 14
3041000 14
3042000 14
3043000 14
3044000 14
3045000 14
3046000 14
3047000 14
3048000 14
3049000 14
3050000 14
3051000 14
3052000 14
3053000 14
3054000 14
3055000 14
3056000 14
3057000 14
3058000 14
3059000 14
3060000 14
3061000 14
3062000 14
3063000 14
3064000 14
3065000 14
3066000 14
3067000 14
3068000 14
3069000 14
3070000 14
3071000 14
3072000 14
3073000 14
3074000 14
3075000 14
3076000 14
3077000 14
3078000 14
3079000 14
3080000 14
3081000 14
3082000 14
3083000 14
3084000 14
3085000 14
3086000 14
3087000 14
3088000 14
3089000 14
3090000 14
3091000 14
3092000 14
3093000 14
3094000 14
3095000 14
3096000 14
3097000 14
3098000 14
3099000 14
3100000 14
3101000 14
3102000 14
3103000 14
3104000 14
3105000 14
3106000 14
3107000 14
3108000 14
3109000 14
3110000 14
3111000 14
3112000 14
3113000 14
3114000 14
3115000 14
3116000 14
3117000 14
3118000 14
3119000 14
3120000 14
3121000 14
3122000 14
3123000 14
3124000 14
3125000 14
3126000 14
3127000 14
3128000 14
3129000 14
3130000 14
3131000 14
3132000 14
3133000 14
3134000 14
3135000 14
3136000 14
3137000 14
3138000 14
3139000 14
3140000 14
3141000 14
3142000 14
3143000 14
3144000 14
3145000 14
3146000 14
3147000 14
3148000 14
3149000 14
3150000 14
3151000 14
3152000 14
3153000 14
3154000 14
3155000 14
3156000 14
3157000 14
3158000 14
3159000 14
3160000 14
3161000 14
3162000 14
3163000 14
3164000 14
3165000 14
3166000 14
3167000 14
3168000 14
3169000 14
3170000 14
3171000 14
3172000 14
3173000 14
3174000 14
3175000 14
3176000 14
3177000 14
3178000 14
3179000 14
3180000 14
3181000 14
3182000 14
3183000 14
3184000 14
3185000 14
3186000 14
3187000 14
3188000 14
3189000 14
3190000 14
3191000 14
3192000 14
3193000 14
3194000 14
3195000 14
3196000 14
3197000 14
3198000 14
3199000 14
3200000 14
3201000 14
3202000 14
3203000 14
3204000 14
3205000 14
3206000 14
3207000 14
3208000 14
3209000 14
3210000 14
3211000 14
3212000 14
3213000 14
3214000 14
3215000 14
3216000 14
3217000 14
3218000 14
3219000 14
3220000 14
3221000 14
3222000 14
3223000 14
3224000 14
3225000 14
3226000 14
3227000 14
3228000 14
3229000 14
3230000 14
3231000 14
3232000 14
3233000 14
3234000 14
3235000 14
3236000 14
3237000 14
3238000 14
3239000 14
3240000 14
3241000 14
3242000 14
3243000 14
3244000 14
3245000 14
3246000 14
3247000 14
3248000 14
3249000 14
3250000 14
3251000 14
3252000 14
3253000 14
3254000 14
3255000 14
3256000 14
3257000 14
3258000 14
3259000 14
3260000 14
3261000 14
3262000 14
3263000 14
3264000 14
3265000 14
3266000 14
3267000 14
3268000 14
3269000 14
3270000 14
3271000 14
3272000 14
3273000 14
3274000 14
3275000 14
3276000 14
3277000 14
3278000 14
3279000 14
3280000 14
3281000 14
3282000 14
3283000 14
3284000 14
3285000 14
3286000 14
3287000 14
3288000 14
3289000 14
3290000 14
3291000 14
3292000 14
3293000 14
3294000 14
3295000 14
3296000 14
3297000 14
3298000 14
3299000 14
3300000 14
3301000 14
3302000 14
3303000 14
3304000 14
3305000 14
3306000 14
3307000 14
3308000 14
3309000 14
3310000 14
3311000 14
3312000 14
3313000 14
3314000 14
3315000 14
3316000 14
3317000 14
3318000 14
3319000 14
3320000 14
3321000 14
3322000 14
3323000 14
3324000 14
3325000 14
3326000 14
3327000 14
3328000 14
3329000 14
3330000 14
3331000 14
3332000 14
3333000 14
3334000 14
3335000 14
3336000 14
3337000 14
3338000 14
3339000 14
3340000 14
3341000 14
3342000 14
3343000 14
3344000 14
3345000 14
3346000 14
3347000 14
3348000 14
3349000 14
3350000 14
3351000 14
3352000 14
3353000 14
3354000 14
3355000 14
3356000 14
3357000 14
3358000 14
3359000 14
3360000 14
3361000 14
3362000 14
3363000 14
3364000 14
3365000 14
3366000 14
3367000 14
3368000 14
3369000 14
3370000 14
3371000 14
3372000 14
3373000 14
3374000 14
3375000 14
3376000 14
3377000 14
3378000 14
3379000 14
3380000 14
3381000 14
3382000 14
3383000 14
3384000 14
3385000 14
3386000 14
3387000 14
3388000 14
3389000 14
3390000 14
3391000 14
3392000 14
3393000 14
3394000 14
3395000 14
3396000 14
3397000 14
3398000 14
3399000 14
3400000 14
3401000 14
3402000 14
3403000 14
3404000 14
3405000 14
3406000 14
3407000 14
3408000 14
3409000 14
3410000 14
3411000 14
3412000 14
3413000 14
3414000 14
3415000 14
3416000 14
3417000 14
3418000 14
3419000 14
3420000 14
3421000 14
3422000 14
3423000 14
3424000 14
3425000 14
3426000 14
3427000 14
3428000 14
3429000 14
3430000 14
3431000 14
3432000 14
3433000 14
3434000 14
3435000 14
3436000 14
3437000 14
3438000 14
3439000 14
3440000 14
3441000 14
3442000 14
3443000 14
3444000 14
3445000 14
3446000 14
3447000 14
3448000 14
3449000 14
3450000 14
3451000 14
3452000 14
3453000 14
3454000 14
3455000 14
3456000 14
3457000 14
3458000 14
3459000 14
3460000 14
3461000 14
3462000 14
3463000 14
3464000 14
3465000 14
3466000 14
3467000 14
3468000 14
3469000 14
3470000 14
3471000 14
3472000 14
3473000 14
3474000 14
3475000 14
3476000 14
3477000 14
3478000 14
3479000 14
3480000 14
3481000 14
3482000 14
3483000 14
3484000 14
3485000 14
3486000 14
3487000 14
3488000 14
3489000 14
3490000 14
3491000 14
3492000 14
3493000 14
3494000 14
3495000 14
3496000 14
3497000 14
3498000 14
3499000 14
3500000 14
3501000 14
3502000 14
3503000 14
3504000 14
3505000 14
3506000 14
3507000 14
3508000 14
3509000 14
3510000 14
3511000 14
3512000 14
3513000 14
3514000 14
3515000 14
3516000 14
3517000 14
3518000 14
3519000 14
3520000 14
3521000 14
3522000 14
3523000 14
3524000 14
3525000 14
3526000 14
3527000 14
3528000 14
3529000 14
3530000 14
3531000 14
3532000 14
3533000 14
3534000 14
3535000 14
3536000 14
3537000 14
3538000 14
3539000 14
3540000 14
3541000 14
3542000 14
3543000 14
3544000 14
3545000 14
3546000 14
3547000 14
3548000 14
3549000 14
3550000 14
3551000 14
3552000 14
3553000 14
3554000 14
3555000 14
3556000 14
3557000 14
3558000 14
3559000 14
3560000 14
3561000 14
3562000 14
3563000 14
3564000 14
3565000 14
3566000 14
3567000 14
3568000 14
3569000 14
3570000 14
3571000 14
3572000 14
3573000 14
3574000 14
3575000 14
3576000 14
3577000 14
3578000 14
3579000 14
3580000 14
3581000 14
3582000 14
3583000 14
3584000 14
3585000 14
3586000 14
3587000 14
3588000 14
3589000 14
3590000 14
3591000 14
3592000 14
3593000 14
3594000 14
3595000 14
3596000 14
3597000 14
3598000 14
3599000 14
3600000 14
3601000 14
3602000 14
3603000 14
3604000 14
3605000 14
3606000 14
3607000 14
3608000 14
3609000 14
3610000 14
3611000 14
3612000 14
3613000 14
3614000 14
3615000 14
3616000 14
3617000 14
3618000 14
3619000 14
3620000 14
3621000 14
3622000 14
3623000 14
3624000 14
3625000 14
3626000 14
3627000 14
3628000 14
3629000 14
3630000 14
3631000 14
3632000 14
3633000 14
3634000 14
3635000 14
3636000 14
3637000 14
3638000 14
3639000 14
3640000 14
3641000 14
3642000 14
3643000 14
3644000 14
3645000 14
3646000 14
3647000 14
3648000 14
3649000 14
3650000 14
3651000 14
3652000 14
3653000 14
3654000 14
3655000 14
3656000 14
3657000 14
3658000 14
3659000 14
3660000 14
3661000 14
3662000 14
3663000 14
3664000 14
3665000 14
3666000 14
3667000 14
3668000 14
3669000 14
3670000 14
3671000 14
3672000 14
3673000 14
3674000 14
3675000 14
3676000 14
3677000 14
3678000 14
3679000 14
3680000 14
3681000 14
3682000 14
3683000 14
3684000 14
3685000 14
3686000 14
3687000 14
3688000 14
3689000 14
3690000 14
3691000 14
3692000 14
3693000 14
3694000 14
3695000 14
3696000 14
3697000 14
3698000 14
3699000 14
3700000 14
3701000 14
3702000 14
3703000 14
3704000 14
3705000 14
3706000 14
3707000 14
3708000 14
3709000 14
3710000 14
3711000 14
3712000 14
3713000 14
3714000 14
3715000 14
3716000 14
3717000 14
3718000 14
3719000 14
3720000 14
3721000 14
3722000 14
3723000 14
3724000 14
3725000 14
3726000 14
3727000 14
3728000 14
3729000 14
3730000 14
3731000 14
3732000 14
3733000 14
3734000 14
3735000 14
3736000 14
3737000 14
3738000 14
3739000 14
3740000 14
3741000 14
3742000 14
3743000 14
3744000 14
3745000 14
3746000 14
3747000 14
3748000 14
3749000 14
3750000 14
3751000 14
3752000 14
3753000 14
3754000 14
3755000 14
3756000 14
3757000 14
3758000 14
3759000 14
3760000 14
3761000 14
3762000 14
3763000 14
3764000 14
3765000 14
3766000 14
3767000 14
3768000 14
3769000 14
3770000 14
3771000 14
3772000 14
3773000 14
3774000 14
3775000 14
3776000 14
3777000 14
3778000 14
3779000 14
3780000 14
3781000 14
3782000 14
3783000 14
3784000 14
3785000 14
3786000 14
3787000 14
3788000 14
3789000 14
3790000 14
3791000 14
3792000 14
3793000 14
3794000 14
3795000 14
3796000 14
3797000 14
3798000 14
3799000 14
3800000 14
3801000 14
3802000 14
3803000 14
3804000 14
3805000 14
3806000 14
3807000 14
3808000 14
3809000 14
3810000 14
3811000 14
3812000 14
3813000 14
3814000 14
3815000 14
3816000 14
3817000 14
3818000 14
3819000 14
3820000 14
3821000 14
3822000 14
3823000 14
3824000 14
3825000 14
3826000 14
3827000 14
3828000 14
3829000 14
3830000 14
3831000 14
3832000 14
3833000 14
3834000 14
3835000 14
3836000 14
3837000 14
3838000 14
3839000 14
3840000 14
3841000 14
3842000 14
3843000 14
3844000 14
3845000 14
3846000 14
3847000 14
3848000 14
3849000 14
3850000 14
3851000 14
3852000 14
3853000 14
3854000 14
3855000 14
3856000 14
3857000 14
3858000 14
3859000 14
3860000 14
3861000 14
3862000 14
3863000 14
3864000 14
3865000 14
3866000 14
3867000 14
3868000 14
3869000 14
3870000 14
3871000 14
3872000 14
3873000 14
3874000 14
3875000 14
3876000 14
3877000 14
3878000 14
3879000 14
3880000 14
3881000 14
3882000 14
3883000 14
3884000 14
3885000 14
3886000 14
3887000 14
3888000 14
3889000 14
3890000 14
3891000 14
3892000 14
3893000 14
3894000 14
3895000 14
3896000 14
3897000 14
3898000 14
3899000 14
3900000 14
3901000 14
3902000 14
3903000 14
3904000 14
3905000 14
3906000 14
3907000 14
3908000 14
3909000 14
3910000 14
3911000 14
3912000 14
3913000 14
3914000 14
3915000 14
3916000 14
3917000 14
3918000 14
3919000 14
3920000 14
3921000 14
3922000 14
3923000 14
3924000 14
3925000 14
3926000 14
3927000 14
3928000 14
3929000 14
3930000 14
3931000 14
3932000 14
3933000 14
3934000 14
3935000 14
3936000 14
3937000 14
3938000 14
3939000 14
3940000 14
3941000 14
3942000 14
3943000 14
3944000 14
3945000 14
3946000 14
3947000 14
3948000 14
3949000 14
3950000 14
3951000 14
3952000 14
3953000 14
3954000 14
3955000 14
3956000 14
3957000 14
3958000 14
3959000 14
3960000 14
3961000 14
3962000 14
3963000 14
3964000 14
3965000 14
3966000 14
3967000 14
3968000 14
3969000 14
3970000 14
3971000 14
3972000 14
3973000 14
3974000 14
3975000 14
3976000 14
3977000 14
3978000 14
3979000 14
3980000 14
3981000 14
3982000 14
3983000 14
3984000 14
3985000 14
3986000 14
3987000 14
3988000 14
3989000 14
3990000 14
3991000 14
3992000 14
3993000 14
3994000 14
3995000 14
3996000 14
3997000 14
3998000 14
3999000 14
4000000 14
4001000 14
4002000 14
4003000 14
4004000 14
4005000 14
4006000 14
4007000 14
4008000 14
4009000 14
4010000 14
4011000 14
4012000 14
4013000 14
4014000 14
4015000 14
4016000 14
4017000 14
4018000 14
4019000 14
4020000 14
4021000 14
4022000 14
4023000 14
4024000 14
4025000 14
4026000 14
4027000 14
4028000 14
4029000 14
4030000 14
4031000 14
4032000 14
4033000 14
4034000 14
4035000 14
4036000 14
4037000 14
4038000 14
4039000 14
4040000 14
4041000 14
4042000 14
4043000 14
4044000 14
4045000 14
4046000 14
4047000 14
4048000 14
4049000 14
4050000 14
4051000 14
4052000 14
4053000 14
4054000 14
4055000 14
4056000 14
4057000 14
4058000 14
4059000 14
4060000 14
4061000 14
4062000 14
4063000 14
4064000 14
4065000 14
4066000 14
4067000 14
4068000 14
4069000 14
4070000 14
4071000 14
4072000 14
4073000 14
4074000 14
4075000 14
4076000 14
4077000 14
4078000 14
4079000 14
4080000 14
4081000 14
4082000 14
4083000 14
4084000 14
4085000 14
4086000 14
4087000 14
4088000 14
4089000 14
4090000 14
4091000 14
4092000 14
4093000 14
4094000 14
4095000 14
4096000 14
4097000 14
4098000 14
4099000 14
4100000 14
4101000 14
4102000 14
4103000 14
4104000 14
4105000 14
4106000 14
4107000 14
4108000 14
4109000 14
4110000 14
4111000 14
4112000 14
4113000 14
4114000 14
4115000 14
4116000 14
4117000 14
4118000 14
4119000 14
4120000 14
4121000 14
4122000 14
4123000 14
4124000 14
4125000 14
4126000 14
4127000 14
4128000 14
4129000 14
4130000 14
4131000 14
4132000 14
4133000 14
4134000 14
4135000 14
4136000 14
4137000 14
4138000 14
4139000 14
4140000 14
4141000 14
4142000 14
4143000 14
4144000 14
4145000 14
4146000 14
4147000 14
4148000 14
4149000 14
4150000 14
4151000 14
4152000 14
4153000 14
4154000 14
4155000 14
4156000 14
4157000 14
4158000 14
4159000 14
4160000 14
4161000 14
4162000 14
4163000 14
4164000 14
4165000 14
4166000 14
4167000 14
4168000 14
4169000 14
4170000 14
4171000 14
4172000 14
4173000 14
4174000 14
4175000 14
4176000 14
4177000 14
4178000 14
4179000 14
4180000 14
4181000 14
4182000 14
4183000 14
4184000 14
4185000 14
4186000 14
4187000 14
4188000 14
4189000 14
4190000 14
4191000 14
4192000 14
4193000 14
4194000 14
4195000 14
4196000 14
4197000 14
4198000 14
4199000 14
4200000 14
4201000 14
4202000 14
4203000 14
4204000 14
4205000 14
4206000 14
4207000 14
4208000 14
4209000 14
4210000 14
4211000 14
4212000 14
4213000 14
4214000 14
4215000 14
4216000 14
4217000 14
4218000 14
4219000 14
4220000 14
4221000 14
4222000 14
4223000 14
4224000 14
4225000 14
4226000 14
4227000 14
4228000 14
4229000 14
4230000 14
4231000 14
4232000 14
4233000 14
4234000 14
4235000 14
4236000 14
4237000 14
4238000 14
4239000 14
4240000 14
4241000 14
4242000 14
4243000 14
4244000 14
4245000 14
4246000 14
4247000 14
4248000 14
4249000 14
4250000 14
4251000 14
4252000 14
4253000 14
4254000 14
4255000 14
4256000 14
4257000 14
4258000 14
4259000 14
4260000 14
4261000 14
4262000 14
4263000 14
4264000 14
4265000 14
4266000 14
4267000 14
4268000 14
4269000 14
4270000 14
4271000 14
4272000 14
4273000 14
4274000 14
4275000 14
4276000 14
4277000 14
4278000 14
4279000 14
4280000 14
4281000 14
4282000 14
4283000 14
4284000 14
4285000 14
4286000 14
4287000 14
4288000 14
4289000 14
4290000 14
4291000 14
4292000 14
4293000 14
4294000 14
4295000 14
4296000 14
4297000 14
4298000 14
4299000 14
4300000 14
4301000 14
4302000 14
4303000 14
4304000 14
4305000 14
4306000 14
4307000 14
4308000 14
4309000 14
4310000 14
4311000 14
4312000 14
4313000 14
4314000 14
4315000 14
4316000 14
4317000 14
4318000 14
4319000 14
4320000 14
4321000 14
4322000 14
4323000 14
4324000 14
4325000 14
4326000 14
4327000 14
4328000 14
4329000 14
4330000 14
4331000 14
4332000 14
4333000 14
4334000 14
4335000 14
4336000 14
4337000 14
4338000 14
4339000 14
4340000 14
4341000 14
4342000 14
4343000 14
4344000 14
4345000 14
4346000 14
4347000 14
4348000 14
4349000 14
4350000 14
4351000 14
4352000 14
4353000 14
4354000 14
4355000 14
4356000 14
4357000 14
4358000 14
4359000 14
4360000 14
4361000 14
4362000 14
4363000 14
4364000 14
4365000 14
4366000 14
4367000 14
4368000 14
4369000 14
4370000 14
4371000 14
4372000 14
4373000 14
4374000 14
4375000 14
4376000 14
4377000 14
4378000 14
4379000 14
4380000 14
4381000 14
4382000 14
4383000 14
4384000 14
4385000 14
4386000 14
4387000 14
4388000 14
4389000 14
4390000 14
4391000 14
4392000 14
4393000 14
4394000 14
4395000 14
4396000 14
4397000 14
4398000 14
4399000 14
4400000 14
4401000 14
4402000 14
4403000 14
4404000 14
4405000 14
4406000 14
4407000 14
4408000 14
4409000 14
4410000 14
4411000 14
4412000 14
4413000 14
4414000 14
4415000 14
4416000 14
4417000 14
4418000 14
4419000 14
4420000 14
4421000 14
4422000 14
4423000 14
4424000 14
4425000 14
4426000 14
4427000 14
4428000 14
4429000 14
4430000 14
4431000 14
4432000 14
4433000 14
4434000 14
4435000 14
4436000 14
4437000 14
4438000 14
4439000 14
4440000 14
4441000 14
4442000 14
4443000 14
4444000 14
4445000 14
4446000 14
4447000 14
4448000 14
4449000 14
4450000 14
4451000 14
4452000 14
4453000 14
4454000 14
4455000 14
4456000 14
4457000 14
4458000 14
4459000 14
4460000 14
4461000 14
4462000 14
4463000 14
4464000 14
4465000 14
4466000 14
4467000 14
4468000 14
4469000 14
4470000 14
4471000 14
4472000 14
4473000 14
4474000 14
4475000 14
4476000 14
4477000 14
4478000 14
4479000 14
4480000 14
4481000 14
4482000 14
4483000 14
4484000 14
4485000 14
4486000 14
4487000 14
4488000 14
4489000 14
4490000 14
4491000 14
4492000 14
4493000 14
4494000 14
4495000 14
4496000 14
4497000 14
4498000 14
4499000 14
4500000 14
4501000 14
4502000 14
4503000 14
4504000 14
4505000 14
4506000 14
4507000 14
4508000 14
4509000 14
4510000 14
4511000 14
4512000 14
4513000 14
4514000 14
4515000 14
4516000 14
4517000 14
4518000 14
4519000 14
4520000 14
4521000 14
4522000 14
4523000 14
4524000 14
4525000 14
4526000 14
4527000 14
4528000 14
4529000 14
4530000 14
4531000 14
4532000 14
4533000 14
4534000 14
4535000 14
4536000 14
4537000 14
4538000 14
4539000 14
4540000 14
4541000 14
4542000 14
4543000 14
4544000 14
4545000 14
4546000 14
4547000 14
4548000 14
4549000 14
4550000 14
4551000 14
4552000 14
4553000 14
4554000 14
4555000 14
4556000 14
4557000 14
4558000 14
4559000 14
4560000 14
4561000 14
4562000 14
4563000 14
4564000 14
4565000 14
4566000 14
4567000 14
4568000 14
4569000 14
4570000 14
4571000 14
4572000 14
4573000 14
4574000 14
4575000 14
4576000 14
4577000 14
4578000 14
4579000 14
4580000 14
4581000 14
4582000 14
4583000 14
4584000 14
4585000 14
4586000 14
4587000 14
4588000 14
4589000 14
4590000 14
4591000 14
4592000 14
4593000 14
4594000 14
4595000 14
4596000 14
4597000 14
4598000 14
4599000 14
4600000 14
4601000 14
4602000 14
4603000 14
4604000 14
4605000 14
4606000 14
4607000 14
4608000 14
4609000 14
4610000 14
4611000 14
4612000 14
4613000 14
4614000 14
4615000 14
4616000 14
4617000 14
4618000 14
4619000 14
4620000 14
4621000 14
4622000 14
4623000 14
4624000 14
4625000 14
4626000 14
4627000 14
4628000 14
4629000 14
4630000 14
4631000 14
4632000 14
4633000 14
4634000 14
4635000 14
4636000 14
4637000 14
4638000 14
4639000 14
4640000 14
4641000 14
4642000 14
4643000 14
4644000 14
4645000 14
4646000 14
4647000 14
4648000 14
4649000 14
4650000 14
4651000 14
4652000 14
4653000 14
4654000 14
4655000 14
4656000 14
4657000 14
4658000 14
4659000 14
4660000 14
4661000 14
4662000 14
4663000 14
4664000 14
4665000 14
4666000 14
4667000 14
4668000 14
4669000 14
4670000 14
4671000 14
4672000 14
4673000 14
4674000 14
4675000 14
4676000 14
4677000 14
4678000 14
4679000 14
4680000 14
4681000 14
4682000 14
4683000 14
4684000 14
4685000 14
4686000 14
4687000 14
4688000 14
4689000 14
4690000 14
4691000 14
4692000 14
4693000 14
4694000 14
4695000 14
4696000 14
4697000 14
4698000 14
4699000 14
4700000 14
4701000 14
4702000 14
4703000 14
4704000 14
4705000 14
4706000 14
4707000 14
4708000 14
4709000 14
4710000 14
4711000 14
4712000 14
4713000 14
4714000 14
4715000 14
4716000 14
4717000 14
4718000 14
4719000 14
4720000 14
4721000 14
4722000 14
4723000 14
4724000 14
4725000 14
4726000 14
4727000 14
4728000 14
4729000 14
4730000 14
4731000 14
4732000 14
4733000 14
4734000 14
4735000 14
4736000 14
4737000 14
4738000 14
4739000 14
4740000 14
4741000 14
4742000 14
4743000 14
4744000 14
4745000 14
4746000 14
4747000 14
4748000 14
4749000 14
4750000 14
4751000 14
4752000 14
4753000 14
4754000 14
4755000 14
4756000 14
4757000 14
4758000 14
4759000 14
4760000 14
4761000 14
4762000 14
4763000 14
4764000 14
4765000 14
4766000 14
4767000 14
4768000 14
4769000 14
4770000 14
4771000 14
4772000 14
4773000 14
4774000 14
4775000 14
4776000 14
4777000 14
4778000 14
4779000 14
4780000 14
4781000 14
4782000 14
4783000 14
4784000 14
4785000 14
4786000 14
4787000 14
4788000 14
4789000 14
4790000 14
4791000 14
4792000 14
4793000 14
4794000 14
4795000 14
4796000 14
4797000 14
4798000 14
4799000 14
4800000 14
4801000 14
4802000 14
4803000 14
4804000 14
4805000 14
4806000 14
4807000 14
4808000 14
4809000 14
4810000 14
4811000 14
4812000 14
4813000 14
4814000 14
4815000 14
4816000 14
4817000 14
4818000 14
4819000 14
4820000 14
4821000 14
4822000 14
4823000 14
4824000 14
4825000 14
4826000 14
4827000 14
4828000 14
4829000 14
4830000 14
4831000 14
4832000 14
4833000 14
4834000 14
4835000 14
4836000 14
4837000 14
4838000 14
4839000 14
4840000 14
4841000 14
4842000 14
4843000 14
4844000 14
4845000 14
4846000 14
4847000 14
4848000 14
4849000 14
4850000 14
4851000 14
4852000 14
4853000 14
4854000 14
4855000 14
4856000 14
4857000 14
4858000 14
4859000 14
4860000 14
4861000 14
4862000 14
4863000 14
4864000 14
4865000 14
4866000 14
4867000 14
4868000 14
4869000 14
4870000 14
4871000 14
4872000 14
4873000 14
4874000 14
4875000 14
4876000 14
4877000 14
4878000 14
4879000 14
4880000 14
4881000 14
4882000 14
4883000 14
4884000 14
4885000 14
4886000 14
4887000 14
4888000 14
4889000 14
4890000 14
4891000 14
4892000 14
4893000 14
4894000 14
4895000 14
4896000 14
4897000 14
4898000 14
4899000 14
4900000 14
4901000 14
4902000 14
4903000 14
4904000 14
4905000 14
4906000 14
4907000 14
4908000 14
4909000 14
4910000 14
4911000 14
4912000 14
4913000 14
4914000 14
4915000 14
4916000 14
4917000 14
4918000 14
4919000 14
4920000 14
4921000 14
4922000 14
4923000 14
4924000 14
4925000 14
4926000 14
4927000 14
4928000 14
4929000 14
4930000 14
4931000 14
4932000 14
4933000 14
4934000 14
4935000 14
4936000 14
4937000 14
4938000 14
4939000 14
4940000 14
4941000 14
4942000 14
4943000 14
4944000 14
4945000 14
4946000 14
4947000 14
4948000 14
4949000 14
4950000 14
4951000 14
4952000 14
4953000 14
4954000 14
4955000 14
4956000 14
4957000 14
4958000 14
4959000 14
4960000 14
4961000 14
4962000 14
4963000 14
4964000 14
4965000 14
4966000 14
4967000 14
4968000 14
4969000 14
4970000 14
4971000 14
4972000 14
4973000 14
4974000 14
4975000 14
4976000 14
4977000 14
4978000 14
4979000 14
4980000 14
4981000 14
4982000 14
4983000 14
4984000 14
4985000 14
4986000 14
4987000 14
4988000 14
4989000 14
4990000 14
4991000 14
4992000 14
4993000 14
4994000 14
4995000 14
4996000 14
4997000 14
4998000 14
4999000 14
5000000 14
5001000 14
5002000 14
5003000 14
5004000 14
5005000 14
5006000 14
5007000 14
5008000 14
5009000 14
5010000 14
5011000 14
5012000 14
5013000 14
5014000 14
5015000 14
5016000 14
5017000 14
5018000 14
5019000 14
5020000 14
5021000 14
5022000 14
5023000 14
5024000 14
5025000 14
5026000 14
5027000 14
5028000 14
5029000 14
5030000 14
5031000 14
5032000 14
5033000 14
5034000 14
5035000 14
5036000 14
5037000 14
5038000 14
5039000 14
5040000 14
5041000 14
5042000 14
5043000 14
5044000 14
5045000 14
5046000 14
5047000 14
5048000 14
5049000 14
5050000 14
5051000 14
5052000 14
5053000 14
5054000 14
5055000 14
5056000 14
5057000 14
5058000 14
5059000 14
5060000 14
5061000 14
5062000 14
5063000 14
5064000 14
5065000 14
5066000 14
5067000 14
5068000 14
5069000 14
5070000 14
5071000 14
5072000 14
5073000 14
5074000 14
5075000 14
5076000 14
5077000 14
5078000 14
5079000 14
5080000 14
5081000 14
5082000 14
5083000 14
5084000 14
5085000 14
5086000 14
5087000 14
5088000 14
5089000 14
5090000 14
5091000 14
5092000 14
5093000 14
5094000 14
5095000 14
5096000 14
5097000 14
5098000 14
5099000 14
5100000 14
5101000 14
5102000 14
5103000 14
5104000 14
5105000 14
5106000 14
5107000 14
5108000 14
5109000 14
5110000 14
5111000 14
5112000 14
5113000 14
5114000 14
5115000 14
5116000 14
5117000 14
5118000 14
5119000 14
5120000 14
5121000 14
5122000 14
5123000 14
5124000 14
5125000 14
5126000 14
5127000 14
5128000 14
5129000 14
5130000 14
5131000 14
5132000 14
5133000 14
5134000 14
5135000 14
5136000 14
5137000 14
5138000 14
5139000 14
5140000 14
5141000 14
5142000 14
5143000 14
5144000 14
5145000 14
5146000 14
5147000 14
5148000 14
5149000 14
5150000 14
5151000 14
5152000 14
5153000 14
5154000 14
5155000 14
5156000 14
5157000 14
5158000 14
5159000 14
5160000 14
5161000 14
5162000 14
5163000 14
5164000 14
5165000 14
5166000 14
5167000 14
5168000 14
5169000 14
5170000 14
5171000 14
5172000 14
5173000 14
5174000 14
5175000 14
5176000 14
5177000 14
5178000 14
5179000 14
5180000 14
5181000 14
5182000 14
5183000 14
5184000 14
5185000 14
5186000 14
5187000 14
5188000 14
5189000 14
5190000 14
5191000 14
5192000 14
5193000 14
5194000 14
5195000 14
5196000 14
5197000 14
5198000 14
5199000 14
5200000 14
5201000 14
5202000 14
5203000 14
5204000 14
5205000 14
5206000 14
5207000 14
5208000 14
5209000 14
5210000 14
5211000 14
5212000 14
5213000 14
5214000 14
5215000 14
5216000 14
5217000 14
5218000 14
5219000 14
5220000 14
5221000 14
5222000 14
5223000 14
5224000 14
5225000 14
5226000 14
5227000 14
5228000 14
5229000 14
5230000 14
5231000 14
5232000 14
5233000 14
5234000 14
5235000 14
5236000 14
5237000 14
5238000 14
5239000 14
5240000 14
5241000 14
5242000 14
5243000 14
5244000 14
5245000 14
5246000 14
5247000 14
