# frame 	 heights
0 13
1000 13
2000 13
3000 13
4000 13
5000 13
6000 13
7000 13
8000 13
9000 13
10000 13
11000 13
12000 13
13000 13
14000 13
15000 13
16000 13
17000 13
18000 13
19000 13
20000 13
21000 13
22000 13
23000 13
24000 13
25000 13
26000 13
27000 13
28000 13
29000 13
30000 13
31000 13
32000 13
33000 13
34000 13
35000 13
36000 13
37000 13
38000 13
39000 13
40000 13
41000 13
42000 13
43000 13
44000 13
45000 13
46000 13
47000 13
48000 13
49000 13
50000 13
51000 13
52000 13
53000 13
54000 13
55000 13
56000 13
57000 13
58000 13
59000 13
60000 13
61000 13
62000 13
63000 13
64000 13
65000 13
66000 13
67000 13
68000 13
69000 13
70000 13
71000 13
72000 13
73000 13
74000 13
75000 13
76000 13
77000 13
78000 13
79000 13
80000 13
81000 13
82000 13
83000 13
84000 13
85000 13
86000 13
87000 13
88000 13
89000 13
90000 13
91000 13
92000 13
93000 13
94000 13
95000 13
96000 13
97000 13
98000 13
99000 13
100000 13
101000 13
102000 13
103000 13
104000 13
105000 13
106000 13
107000 13
108000 13
109000 13
110000 13
111000 13
112000 13
113000 13
114000 13
115000 13
116000 13
117000 13
118000 13
119000 13
120000 13
121000 13
122000 13
123000 13
124000 13
125000 13
126000 13
127000 13
128000 13
129000 13
130000 13
131000 13
132000 13
133000 13
134000 13
135000 13
136000 13
137000 13
138000 13
139000 13
140000 13
141000 13
142000 13
143000 13
144000 13
145000 13
146000 13
147000 13
148000 13
149000 13
150000 13
151000 13
152000 13
153000 13
154000 13
155000 13
156000 13
157000 13
158000 13
159000 13
160000 13
161000 13
162000 13
163000 13
164000 13
165000 13
166000 13
167000 13
168000 13
169000 13
170000 13
171000 13
172000 13
173000 13
174000 13
175000 13
176000 13
177000 13
178000 13
179000 13
180000 13
181000 13
182000 13
183000 13
184000 13
185000 13
186000 13
187000 13
188000 13
189000 13
190000 13
191000 13
192000 13
193000 13
194000 13
195000 13
196000 13
197000 13
198000 13
199000 13
200000 13
201000 13
202000 13
203000 13
204000 13
205000 13
206000 13
207000 13
208000 13
209000 13
210000 13
211000 13
212000 13
213000 13
214000 13
215000 13
216000 13
217000 13
218000 13
219000 13
220000 13
221000 13
222000 13
223000 13
224000 13
225000 13
226000 13
227000 13
228000 13
229000 13
230000 13
231000 13
232000 13
233000 13
234000 13
235000 13
236000 13
237000 13
238000 13
239000 13
240000 13
241000 13
242000 13
243000 13
244000 13
245000 13
246000 13
247000 13
248000 13
249000 13
250000 13
251000 13
252000 13
253000 13
254000 13
255000 13
256000 13
257000 13
258000 13
259000 13
260000 13
261000 13
262000 13
263000 13
264000 13
265000 13
266000 13
267000 13
268000 13
269000 13
270000 13
271000 13
272000 13
273000 13
274000 13
275000 13
276000 13
277000 13
278000 13
279000 13
280000 13
281000 13
282000 13
283000 13
284000 13
285000 13
286000 13
287000 13
288000 13
289000 13
290000 13
291000 13
292000 13
293000 13
294000 13
295000 13
296000 13
297000 13
298000 13
299000 13
300000 13
301000 13
302000 13
303000 13
304000 13
305000 13
306000 13
307000 13
308000 13
309000 13
310000 13
311000 13
312000 13
313000 13
314000 13
315000 13
316000 13
317000 13
318000 13
319000 13
320000 13
321000 13
322000 13
323000 13
324000 13
325000 13
326000 13
327000 13
328000 13
329000 13
330000 13
331000 13
332000 13
333000 13
334000 13
335000 13
336000 13
337000 13
338000 13
339000 13
340000 13
341000 13
342000 13
343000 13
344000 13
345000 13
346000 13
347000 13
348000 13
349000 13
350000 13
351000 13
352000 13
353000 13
354000 13
355000 13
356000 13
357000 13
358000 13
359000 13
360000 13
361000 13
362000 13
363000 13
364000 13
365000 13
366000 13
367000 13
368000 13
369000 13
370000 13
371000 13
372000 13
373000 13
374000 13
375000 13
376000 13
377000 13
378000 13
379000 13
380000 13
381000 13
382000 13
383000 13
384000 13
385000 13
386000 13
387000 13
388000 13
389000 13
390000 13
391000 13
392000 13
393000 13
394000 13
395000 13
396000 13
397000 13
398000 13
399000 13
400000 13
401000 13
402000 13
403000 13
404000 13
405000 13
406000 13
407000 13
408000 13
409000 13
410000 13
411000 13
412000 13
413000 13
414000 13
415000 13
416000 13
417000 13
418000 13
419000 13
420000 13
421000 13
422000 13
423000 13
424000 13
425000 13
426000 13
427000 13
428000 13
429000 13
430000 13
431000 13
432000 13
433000 13
434000 13
435000 13
436000 13
437000 13
438000 13
439000 13
440000 13
441000 13
442000 13
443000 13
444000 13
445000 13
446000 13
447000 13
448000 13
449000 13
450000 13
451000 13
452000 13
453000 13
454000 13
455000 13
456000 13
457000 13
458000 13
459000 13
460000 13
461000 13
462000 13
463000 13
464000 13
465000 13
466000 13
467000 13
468000 13
469000 13
470000 13
471000 13
472000 13
473000 13
474000 13
475000 13
476000 13
477000 13
478000 13
479000 13
480000 13
481000 13
482000 13
483000 13
484000 13
485000 13
486000 13
487000 13
488000 13
489000 13
490000 13
491000 13
492000 13
493000 13
494000 13
495000 13
496000 13
497000 13
498000 13
499000 13
500000 13
501000 13
502000 13
503000 13
504000 13
505000 13
506000 13
507000 13
508000 13
509000 13
510000 13
511000 13
512000 13
513000 13
514000 13
515000 13
516000 13
517000 13
518000 13
519000 13
520000 13
521000 13
522000 13
523000 13
524000 13
525000 13
526000 13
527000 13
528000 13
529000 13
530000 13
531000 13
532000 13
533000 13
534000 13
535000 13
536000 13
537000 13
538000 13
539000 13
540000 13
541000 13
542000 13
543000 13
544000 13
545000 13
546000 13
547000 13
548000 13
549000 13
550000 13
551000 13
552000 13
553000 13
554000 13
555000 13
556000 13
557000 13
558000 13
559000 13
560000 13
561000 13
562000 13
563000 13
564000 13
565000 13
566000 13
567000 13
568000 13
569000 13
570000 13
571000 13
572000 13
573000 13
574000 13
575000 13
576000 13
577000 13
578000 13
579000 13
580000 13
581000 13
582000 13
583000 13
584000 13
585000 13
586000 13
587000 13
588000 13
589000 13
590000 13
591000 13
592000 13
593000 13
594000 13
595000 13
596000 13
597000 13
598000 13
599000 13
600000 13
601000 13
602000 13
603000 13
604000 13
605000 13
606000 13
607000 13
608000 13
609000 13
610000 13
611000 13
612000 13
613000 13
614000 13
615000 13
616000 13
617000 13
618000 13
619000 13
620000 13
621000 13
622000 13
623000 13
624000 13
625000 13
626000 13
627000 13
628000 13
629000 13
630000 13
631000 13
632000 13
633000 13
634000 13
635000 13
636000 13
637000 13
638000 13
639000 13
640000 13
641000 13
642000 13
643000 13
644000 13
645000 13
646000 13
647000 13
648000 13
649000 13
650000 13
651000 13
652000 13
653000 13
654000 13
655000 13
656000 13
657000 13
658000 13
659000 13
660000 13
661000 13
662000 13
663000 13
664000 13
665000 13
666000 13
667000 13
668000 13
669000 13
670000 13
671000 13
672000 13
673000 13
674000 13
675000 13
676000 13
677000 13
678000 13
679000 13
680000 13
681000 13
682000 13
683000 13
684000 13
685000 13
686000 13
687000 13
688000 13
689000 13
690000 13
691000 13
692000 13
693000 13
694000 13
695000 13
696000 13
697000 13
698000 13
699000 13
700000 13
701000 13
702000 13
703000 13
704000 13
705000 13
706000 13
707000 13
708000 13
709000 13
710000 13
711000 13
712000 13
713000 13
714000 13
715000 13
716000 13
717000 13
718000 13
719000 13
720000 13
721000 13
722000 13
723000 13
724000 13
725000 13
726000 13
727000 13
728000 13
729000 13
730000 13
731000 13
732000 13
733000 13
734000 13
735000 13
736000 13
737000 13
738000 13
739000 13
740000 13
741000 13
742000 13
743000 13
744000 13
745000 13
746000 13
747000 13
748000 13
749000 13
750000 13
751000 13
752000 13
753000 13
754000 13
755000 13
756000 13
757000 13
758000 13
759000 13
760000 13
761000 13
762000 13
763000 13
764000 13
765000 13
766000 13
767000 13
768000 13
769000 13
770000 13
771000 13
772000 13
773000 13
774000 13
775000 13
776000 13
777000 13
778000 13
779000 13
780000 13
781000 13
782000 13
783000 13
784000 13
785000 13
786000 13
787000 13
788000 13
789000 13
790000 13
791000 13
792000 13
793000 13
794000 13
795000 13
796000 13
797000 13
798000 13
799000 13
800000 13
801000 13
802000 13
803000 13
804000 13
805000 13
806000 13
807000 13
808000 13
809000 13
810000 13
811000 13
812000 13
813000 13
814000 13
815000 13
816000 13
817000 13
818000 13
819000 13
820000 13
821000 13
822000 13
823000 13
824000 13
825000 13
826000 13
827000 13
828000 13
829000 13
830000 13
831000 13
832000 13
833000 13
834000 13
835000 13
836000 13
837000 13
838000 13
839000 13
840000 13
841000 13
842000 13
843000 13
844000 13
845000 13
846000 13
847000 13
848000 13
849000 13
850000 13
851000 13
852000 13
853000 13
854000 13
855000 13
856000 13
857000 13
858000 13
859000 13
860000 13
861000 13
862000 13
863000 13
864000 13
865000 13
866000 13
867000 13
868000 13
869000 13
870000 13
871000 13
872000 13
873000 13
874000 13
875000 13
876000 13
877000 13
878000 13
879000 13
880000 13
881000 13
882000 13
883000 13
884000 13
885000 13
886000 13
887000 13
888000 13
889000 13
890000 13
891000 13
892000 13
893000 13
894000 13
895000 13
896000 13
897000 13
898000 13
899000 13
900000 13
901000 13
902000 13
903000 13
904000 13
905000 13
906000 13
907000 13
908000 13
909000 13
910000 13
911000 13
912000 13
913000 13
914000 13
915000 13
916000 13
917000 13
918000 13
919000 13
920000 13
921000 13
922000 13
923000 13
924000 13
925000 13
926000 13
927000 13
928000 13
929000 13
930000 13
931000 13
932000 13
933000 13
934000 13
935000 13
936000 13
937000 13
938000 13
939000 13
940000 13
941000 13
942000 13
943000 13
944000 13
945000 13
946000 13
947000 13
948000 13
949000 13
950000 13
951000 13
952000 13
953000 13
954000 13
955000 13
956000 13
957000 13
958000 13
959000 13
960000 13
961000 13
962000 13
963000 13
964000 13
965000 13
966000 13
967000 13
968000 13
969000 13
970000 13
971000 13
972000 13
973000 13
974000 13
975000 13
976000 13
977000 13
978000 13
979000 13
980000 13
981000 13
982000 13
983000 13
984000 13
985000 13
986000 13
987000 13
988000 13
989000 13
990000 13
991000 13
992000 13
993000 13
994000 13
995000 13
996000 13
997000 13
998000 13
999000 13
1000000 13
1001000 13
1002000 13
1003000 13
1004000 13
1005000 13
1006000 13
1007000 13
1008000 13
1009000 13
1010000 13
1011000 13
1012000 13
1013000 13
1014000 13
1015000 13
1016000 13
1017000 13
1018000 13
1019000 13
1020000 13
1021000 13
1022000 13
1023000 13
1024000 13
1025000 13
1026000 13
1027000 13
1028000 13
1029000 13
1030000 13
1031000 13
1032000 13
1033000 13
1034000 13
1035000 13
1036000 13
1037000 13
1038000 13
1039000 13
1040000 13
1041000 13
1042000 13
1043000 13
1044000 13
1045000 13
1046000 13
1047000 13
1048000 13
1049000 13
1050000 13
1051000 13
1052000 13
1053000 13
1054000 13
1055000 13
1056000 13
1057000 13
1058000 13
1059000 13
1060000 13
1061000 13
1062000 13
1063000 13
1064000 13
1065000 13
1066000 13
1067000 13
1068000 13
1069000 13
1070000 13
1071000 13
1072000 13
1073000 13
1074000 13
1075000 13
1076000 13
1077000 13
1078000 13
1079000 13
1080000 13
1081000 13
1082000 13
1083000 13
1084000 13
1085000 13
1086000 13
1087000 13
1088000 13
1089000 13
1090000 13
1091000 13
1092000 13
1093000 13
1094000 13
1095000 13
1096000 13
1097000 13
1098000 13
1099000 13
1100000 13
1101000 13
1102000 13
1103000 13
1104000 13
1105000 13
1106000 13
1107000 13
1108000 13
1109000 13
1110000 13
1111000 13
1112000 13
1113000 13
1114000 13
1115000 13
1116000 13
1117000 13
1118000 13
1119000 13
1120000 13
1121000 13
1122000 13
1123000 13
1124000 13
1125000 13
1126000 13
1127000 13
1128000 13
1129000 13
1130000 13
1131000 13
1132000 13
1133000 13
1134000 13
1135000 13
1136000 13
1137000 13
1138000 13
1139000 13
1140000 13
1141000 13
1142000 13
1143000 13
1144000 13
1145000 13
1146000 13
1147000 13
1148000 13
1149000 13
1150000 13
1151000 13
1152000 13
1153000 13
1154000 13
1155000 13
1156000 13
1157000 13
1158000 13
1159000 13
1160000 13
1161000 13
1162000 13
1163000 13
1164000 13
1165000 13
1166000 13
1167000 13
1168000 13
1169000 13
1170000 13
1171000 13
1172000 13
1173000 13
1174000 13
1175000 13
1176000 13
1177000 13
1178000 13
1179000 13
1180000 13
1181000 13
1182000 13
1183000 13
1184000 13
1185000 13
1186000 13
1187000 13
1188000 13
1189000 13
1190000 13
1191000 13
1192000 13
1193000 13
1194000 13
1195000 13
1196000 13
1197000 13
1198000 13
1199000 13
1200000 13
1201000 13
1202000 13
1203000 13
1204000 13
1205000 13
1206000 13
1207000 13
1208000 13
1209000 13
1210000 13
1211000 13
1212000 13
1213000 13
1214000 13
1215000 13
1216000 13
1217000 13
1218000 13
1219000 13
1220000 13
1221000 13
1222000 13
1223000 13
1224000 13
1225000 13
1226000 13
1227000 13
1228000 13
1229000 13
1230000 13
1231000 13
1232000 13
1233000 13
1234000 13
1235000 13
1236000 13
1237000 13
1238000 13
1239000 13
1240000 13
1241000 13
1242000 13
1243000 13
1244000 13
1245000 13
1246000 13
1247000 13
1248000 13
1249000 13
1250000 13
1251000 13
1252000 13
1253000 13
1254000 13
1255000 13
1256000 13
1257000 13
1258000 13
1259000 13
1260000 13
1261000 13
1262000 13
1263000 13
1264000 13
1265000 13
1266000 13
1267000 13
1268000 13
1269000 13
1270000 13
1271000 13
1272000 13
1273000 13
1274000 13
1275000 13
1276000 13
1277000 13
1278000 13
1279000 13
1280000 13
1281000 13
1282000 13
1283000 13
1284000 13
1285000 13
1286000 13
1287000 13
1288000 13
1289000 13
1290000 13
1291000 13
1292000 13
1293000 13
1294000 13
1295000 13
1296000 13
1297000 13
1298000 13
1299000 13
1300000 13
1301000 13
1302000 13
1303000 13
1304000 13
1305000 13
1306000 13
1307000 13
1308000 13
1309000 13
1310000 13
1311000 13
1312000 13
1313000 13
1314000 13
1315000 13
1316000 13
1317000 13
1318000 13
1319000 13
1320000 13
1321000 13
1322000 13
1323000 13
1324000 13
1325000 13
1326000 13
1327000 13
1328000 13
1329000 13
1330000 13
1331000 13
1332000 13
1333000 13
1334000 13
1335000 13
1336000 13
1337000 13
1338000 13
1339000 13
1340000 13
1341000 13
1342000 13
1343000 13
1344000 13
1345000 13
1346000 13
1347000 13
1348000 13
1349000 13
1350000 13
1351000 13
1352000 13
1353000 13
1354000 13
1355000 13
1356000 13
1357000 13
1358000 13
1359000 13
1360000 13
1361000 13
1362000 13
1363000 13
1364000 13
1365000 13
1366000 13
1367000 13
1368000 13
1369000 13
1370000 13
1371000 13
1372000 13
1373000 13
1374000 13
1375000 13
1376000 13
1377000 13
1378000 13
1379000 13
1380000 13
1381000 13
1382000 13
1383000 13
1384000 13
1385000 13
1386000 13
1387000 13
1388000 13
1389000 13
1390000 13
1391000 13
1392000 13
1393000 13
1394000 13
1395000 13
1396000 13
1397000 13
1398000 13
1399000 13
1400000 13
1401000 13
1402000 13
1403000 13
1404000 13
1405000 13
1406000 13
1407000 13
1408000 13
1409000 13
1410000 13
1411000 13
1412000 13
1413000 13
1414000 13
1415000 13
1416000 13
1417000 13
1418000 13
1419000 13
1420000 13
1421000 13
1422000 13
1423000 13
1424000 13
1425000 13
1426000 13
1427000 13
1428000 13
1429000 13
1430000 13
1431000 13
1432000 13
1433000 13
1434000 13
1435000 13
1436000 13
1437000 13
1438000 13
1439000 13
1440000 13
1441000 13
1442000 13
1443000 13
1444000 13
1445000 13
1446000 13
1447000 13
1448000 13
1449000 13
1450000 13
1451000 13
1452000 13
1453000 13
1454000 13
1455000 13
1456000 13
1457000 13
1458000 13
1459000 13
1460000 13
1461000 13
1462000 13
1463000 13
1464000 13
1465000 13
1466000 13
1467000 13
1468000 13
1469000 13
1470000 13
1471000 13
1472000 13
1473000 13
1474000 13
1475000 13
1476000 13
1477000 13
1478000 13
1479000 13
1480000 13
1481000 13
1482000 13
1483000 13
1484000 13
1485000 13
1486000 13
1487000 13
1488000 13
1489000 13
1490000 13
1491000 13
1492000 13
1493000 13
1494000 13
1495000 13
1496000 13
1497000 13
1498000 13
1499000 13
1500000 13
1501000 13
1502000 13
1503000 13
1504000 13
1505000 13
1506000 13
1507000 13
1508000 13
1509000 13
1510000 13
1511000 13
1512000 13
1513000 13
1514000 13
1515000 13
1516000 13
1517000 13
1518000 13
1519000 13
1520000 13
1521000 13
1522000 13
1523000 13
1524000 13
1525000 13
1526000 13
1527000 13
1528000 13
1529000 13
1530000 13
1531000 13
1532000 13
1533000 13
1534000 13
1535000 13
1536000 13
1537000 13
1538000 13
1539000 13
1540000 13
1541000 13
1542000 13
1543000 13
1544000 13
1545000 13
1546000 13
1547000 13
1548000 13
1549000 13
1550000 13
1551000 13
1552000 13
1553000 13
1554000 13
1555000 13
1556000 13
1557000 13
1558000 13
1559000 13
1560000 13
1561000 13
1562000 13
1563000 13
1564000 13
1565000 13
1566000 13
1567000 13
1568000 13
1569000 13
1570000 13
1571000 13
1572000 13
1573000 13
1574000 13
1575000 13
1576000 13
1577000 13
1578000 13
1579000 13
1580000 13
1581000 13
1582000 13
1583000 13
1584000 13
1585000 13
1586000 13
1587000 13
1588000 13
1589000 13
1590000 13
1591000 13
1592000 13
1593000 13
1594000 13
1595000 13
1596000 13
1597000 13
1598000 13
1599000 13
1600000 13
1601000 13
1602000 13
1603000 13
1604000 13
1605000 13
1606000 13
1607000 13
1608000 13
1609000 13
1610000 13
1611000 13
1612000 13
1613000 13
1614000 13
1615000 13
1616000 13
1617000 13
1618000 13
1619000 13
1620000 13
1621000 13
1622000 13
1623000 13
1624000 13
1625000 13
1626000 13
1627000 13
1628000 13
1629000 13
1630000 13
1631000 13
1632000 13
1633000 13
1634000 13
1635000 13
1636000 13
1637000 13
1638000 13
1639000 13
1640000 13
1641000 13
1642000 13
1643000 13
1644000 13
1645000 13
1646000 13
1647000 13
1648000 13
1649000 13
1650000 13
1651000 13
1652000 13
1653000 13
1654000 13
1655000 13
1656000 13
1657000 13
1658000 13
1659000 13
1660000 13
1661000 13
1662000 13
1663000 13
1664000 13
1665000 13
1666000 13
1667000 13
1668000 13
1669000 13
1670000 13
1671000 13
1672000 13
1673000 13
1674000 13
1675000 13
1676000 13
1677000 13
1678000 13
1679000 13
1680000 13
1681000 13
1682000 13
1683000 13
1684000 13
1685000 13
1686000 13
1687000 13
1688000 13
1689000 13
1690000 13
1691000 13
1692000 13
1693000 13
1694000 13
1695000 13
1696000 13
1697000 13
1698000 13
1699000 13
1700000 13
1701000 13
1702000 13
1703000 13
1704000 13
1705000 13
1706000 13
1707000 13
1708000 13
1709000 13
1710000 13
1711000 13
1712000 13
1713000 13
1714000 13
1715000 13
1716000 13
1717000 13
1718000 13
1719000 13
1720000 13
1721000 13
1722000 13
1723000 13
1724000 13
1725000 13
1726000 13
1727000 13
1728000 13
1729000 13
1730000 13
1731000 13
1732000 13
1733000 13
1734000 13
1735000 13
1736000 13
1737000 13
1738000 13
1739000 13
1740000 13
1741000 13
1742000 13
1743000 13
1744000 13
1745000 13
1746000 13
1747000 13
1748000 13
1749000 13
1750000 13
1751000 13
1752000 13
1753000 13
1754000 13
1755000 13
1756000 13
1757000 13
1758000 13
1759000 13
1760000 13
1761000 13
1762000 13
1763000 13
1764000 13
1765000 13
1766000 13
1767000 13
1768000 13
1769000 13
1770000 13
1771000 13
1772000 13
1773000 13
1774000 13
1775000 13
1776000 13
1777000 13
1778000 13
1779000 13
1780000 13
1781000 13
1782000 13
1783000 13
1784000 13
1785000 13
1786000 13
1787000 13
1788000 13
1789000 13
1790000 13
1791000 13
1792000 13
1793000 13
1794000 13
1795000 13
1796000 13
1797000 13
1798000 13
1799000 13
1800000 13
1801000 13
1802000 13
1803000 13
1804000 13
1805000 13
1806000 13
1807000 13
1808000 13
1809000 13
1810000 13
1811000 13
1812000 13
1813000 13
1814000 13
1815000 13
1816000 13
1817000 13
1818000 13
1819000 13
1820000 13
1821000 13
1822000 13
1823000 13
1824000 13
1825000 13
1826000 13
1827000 13
1828000 13
1829000 13
1830000 13
1831000 13
1832000 13
1833000 13
1834000 13
1835000 13
1836000 13
1837000 13
1838000 13
1839000 13
1840000 13
1841000 13
1842000 13
1843000 13
1844000 13
1845000 13
1846000 13
1847000 13
1848000 13
1849000 13
1850000 13
1851000 13
1852000 13
1853000 13
1854000 13
1855000 13
1856000 13
1857000 13
1858000 13
1859000 13
1860000 13
1861000 13
1862000 13
1863000 13
1864000 13
1865000 13
1866000 13
1867000 13
1868000 13
1869000 13
1870000 13
1871000 13
1872000 13
1873000 13
1874000 13
1875000 13
1876000 13
1877000 13
1878000 13
1879000 13
1880000 13
1881000 13
1882000 13
1883000 13
1884000 13
1885000 13
1886000 13
1887000 13
1888000 13
1889000 13
1890000 13
1891000 13
1892000 13
1893000 13
1894000 13
1895000 13
1896000 13
1897000 13
1898000 13
1899000 13
1900000 13
1901000 13
1902000 13
1903000 13
1904000 13
1905000 13
1906000 13
1907000 13
1908000 13
1909000 13
1910000 13
1911000 13
1912000 13
1913000 13
1914000 13
1915000 13
1916000 13
1917000 13
1918000 13
1919000 13
1920000 13
1921000 13
1922000 13
1923000 13
1924000 13
1925000 13
1926000 13
1927000 13
1928000 13
1929000 13
1930000 13
1931000 13
1932000 13
1933000 13
1934000 13
1935000 13
1936000 13
1937000 13
1938000 13
1939000 13
1940000 13
1941000 13
1942000 13
1943000 13
1944000 13
1945000 13
1946000 13
1947000 13
1948000 13
1949000 13
1950000 13
1951000 13
1952000 13
1953000 13
1954000 13
1955000 13
1956000 13
1957000 13
1958000 13
1959000 13
1960000 13
1961000 13
1962000 13
1963000 13
1964000 13
1965000 13
1966000 13
1967000 13
1968000 13
1969000 13
1970000 13
1971000 13
1972000 13
1973000 13
1974000 13
1975000 13
1976000 13
1977000 13
1978000 13
1979000 13
1980000 13
1981000 13
1982000 13
1983000 13
1984000 13
1985000 13
1986000 13
1987000 13
1988000 13
1989000 13
1990000 13
1991000 13
1992000 13
1993000 13
1994000 13
1995000 13
1996000 13
1997000 13
1998000 13
1999000 13
2000000 13
2001000 13
2002000 13
2003000 13
2004000 13
2005000 13
2006000 13
2007000 13
2008000 13
2009000 13
2010000 13
2011000 13
2012000 13
2013000 13
2014000 13
2015000 13
2016000 13
2017000 13
2018000 13
2019000 13
2020000 13
2021000 13
2022000 13
2023000 13
2024000 13
2025000 13
2026000 13
2027000 13
2028000 13
2029000 13
2030000 13
2031000 13
2032000 13
2033000 13
2034000 13
2035000 13
2036000 13
2037000 13
2038000 13
2039000 13
2040000 13
2041000 13
2042000 13
2043000 13
2044000 13
2045000 13
2046000 13
2047000 13
2048000 13
2049000 13
2050000 13
2051000 13
2052000 13
2053000 13
2054000 13
2055000 13
2056000 13
2057000 13
2058000 13
2059000 13
2060000 13
2061000 13
2062000 13
2063000 13
2064000 13
2065000 13
2066000 13
2067000 13
2068000 13
2069000 13
2070000 13
2071000 13
2072000 13
2073000 13
2074000 13
2075000 13
2076000 13
2077000 13
2078000 13
2079000 13
2080000 13
2081000 13
2082000 13
2083000 13
2084000 13
2085000 13
2086000 13
2087000 13
2088000 13
2089000 13
2090000 13
2091000 13
2092000 13
2093000 13
2094000 13
2095000 13
2096000 13
2097000 13
2098000 13
2099000 13
2100000 13
2101000 13
2102000 13
2103000 13
2104000 13
2105000 13
2106000 13
2107000 13
2108000 13
2109000 13
2110000 13
2111000 13
2112000 13
2113000 13
2114000 13
2115000 13
2116000 13
2117000 13
2118000 13
2119000 13
2120000 13
2121000 13
2122000 13
2123000 13
2124000 13
2125000 13
2126000 13
2127000 13
2128000 13
2129000 13
2130000 13
2131000 13
2132000 13
2133000 13
2134000 13
2135000 13
2136000 13
2137000 13
2138000 13
2139000 13
2140000 13
2141000 13
2142000 13
2143000 13
2144000 13
2145000 13
2146000 13
2147000 13
2148000 13
2149000 13
2150000 13
2151000 13
2152000 13
2153000 13
2154000 13
2155000 13
2156000 13
2157000 13
2158000 13
2159000 13
2160000 13
2161000 13
2162000 13
2163000 13
2164000 13
2165000 13
2166000 13
2167000 13
2168000 13
2169000 13
2170000 13
2171000 13
2172000 13
2173000 13
2174000 13
2175000 13
2176000 13
2177000 13
2178000 13
2179000 13
2180000 13
2181000 13
2182000 13
2183000 13
2184000 13
2185000 13
2186000 13
2187000 13
2188000 13
2189000 13
2190000 13
2191000 13
2192000 13
2193000 13
2194000 13
2195000 13
2196000 13
2197000 13
2198000 13
2199000 13
2200000 13
2201000 13
2202000 13
2203000 13
2204000 13
2205000 13
2206000 13
2207000 13
2208000 13
2209000 13
2210000 13
2211000 13
2212000 13
2213000 13
2214000 13
2215000 13
2216000 13
2217000 13
2218000 13
2219000 13
2220000 13
2221000 13
2222000 13
2223000 13
2224000 13
2225000 13
2226000 13
2227000 13
2228000 13
2229000 13
2230000 13
2231000 13
2232000 13
2233000 13
2234000 13
2235000 13
2236000 13
2237000 13
2238000 13
2239000 13
2240000 13
2241000 13
2242000 13
2243000 13
2244000 13
2245000 13
2246000 13
2247000 13
2248000 13
2249000 13
2250000 13
2251000 13
2252000 13
2253000 13
2254000 13
2255000 13
2256000 13
2257000 13
2258000 13
2259000 13
2260000 13
2261000 13
2262000 13
2263000 13
2264000 13
2265000 13
2266000 13
2267000 13
2268000 13
2269000 13
2270000 13
2271000 13
2272000 13
2273000 13
2274000 13
2275000 13
2276000 13
2277000 13
2278000 13
2279000 13
2280000 13
2281000 13
2282000 13
2283000 13
2284000 13
2285000 13
2286000 13
2287000 13
2288000 13
2289000 13
2290000 13
2291000 13
2292000 13
2293000 13
2294000 13
2295000 13
2296000 13
2297000 13
2298000 13
2299000 13
2300000 13
2301000 13
2302000 13
2303000 13
2304000 13
2305000 13
2306000 13
2307000 13
2308000 13
2309000 13
2310000 13
2311000 13
2312000 13
2313000 13
2314000 13
2315000 13
2316000 13
2317000 13
2318000 13
2319000 13
2320000 13
2321000 13
2322000 13
2323000 13
2324000 13
2325000 13
2326000 13
2327000 13
2328000 13
2329000 13
2330000 13
2331000 13
2332000 13
2333000 13
2334000 13
2335000 13
2336000 13
2337000 13
2338000 13
2339000 13
2340000 13
2341000 13
2342000 13
2343000 13
2344000 13
2345000 13
2346000 13
2347000 13
2348000 13
2349000 13
2350000 13
2351000 13
2352000 13
2353000 13
2354000 13
2355000 13
2356000 13
2357000 13
2358000 13
2359000 13
2360000 13
2361000 13
2362000 13
2363000 13
2364000 13
2365000 13
2366000 13
2367000 13
2368000 13
2369000 13
2370000 13
2371000 13
2372000 13
2373000 13
2374000 13
2375000 13
2376000 13
2377000 13
2378000 13
2379000 13
2380000 13
2381000 13
2382000 13
2383000 13
2384000 13
2385000 13
2386000 13
2387000 13
2388000 13
2389000 13
2390000 13
2391000 13
2392000 13
2393000 13
2394000 13
2395000 13
2396000 13
2397000 13
2398000 13
2399000 13
2400000 13
2401000 13
2402000 13
2403000 13
2404000 13
2405000 13
2406000 13
2407000 13
2408000 13
2409000 13
2410000 13
2411000 13
2412000 13
2413000 13
2414000 13
2415000 13
2416000 13
2417000 13
2418000 13
2419000 13
2420000 13
2421000 13
2422000 13
2423000 13
2424000 13
2425000 13
2426000 13
2427000 13
2428000 13
2429000 13
2430000 13
2431000 13
2432000 13
2433000 13
2434000 13
2435000 13
2436000 13
2437000 13
2438000 13
2439000 13
2440000 13
2441000 13
2442000 13
2443000 13
2444000 13
2445000 13
2446000 13
2447000 13
2448000 13
2449000 13
2450000 13
2451000 13
2452000 13
2453000 13
2454000 13
2455000 13
2456000 13
2457000 13
2458000 13
2459000 13
2460000 13
2461000 13
2462000 13
2463000 13
2464000 13
2465000 13
2466000 13
2467000 13
2468000 13
2469000 13
2470000 13
2471000 13
2472000 13
2473000 13
2474000 13
2475000 13
2476000 13
2477000 13
2478000 13
2479000 13
2480000 13
2481000 13
2482000 13
2483000 13
2484000 13
2485000 13
2486000 13
2487000 13
2488000 13
2489000 13
2490000 13
2491000 13
2492000 13
2493000 13
2494000 13
2495000 13
2496000 13
2497000 13
2498000 13
2499000 13
2500000 13
2501000 13
2502000 13
2503000 13
2504000 13
2505000 13
2506000 13
2507000 13
2508000 13
2509000 13
2510000 13
2511000 13
2512000 13
2513000 13
2514000 13
2515000 13
2516000 13
2517000 13
2518000 13
2519000 13
2520000 13
2521000 13
2522000 13
2523000 13
2524000 13
2525000 13
2526000 13
2527000 13
2528000 13
2529000 13
2530000 13
2531000 13
2532000 13
2533000 13
2534000 13
2535000 13
2536000 13
2537000 13
2538000 13
2539000 13
2540000 13
2541000 13
2542000 13
2543000 13
2544000 13
2545000 13
2546000 13
2547000 13
2548000 13
2549000 13
2550000 13
2551000 13
2552000 13
2553000 13
2554000 13
2555000 13
2556000 13
2557000 13
2558000 13
2559000 13
2560000 13
2561000 13
2562000 13
2563000 13
2564000 13
2565000 13
2566000 13
2567000 13
2568000 13
2569000 13
2570000 13
2571000 13
2572000 13
2573000 13
2574000 13
2575000 13
2576000 13
2577000 13
2578000 13
2579000 13
2580000 13
2581000 13
2582000 13
2583000 13
2584000 13
2585000 13
2586000 13
2587000 13
2588000 13
2589000 13
2590000 13
2591000 13
2592000 13
2593000 13
2594000 13
2595000 13
2596000 13
2597000 13
2598000 13
2599000 13
2600000 13
2601000 13
2602000 13
2603000 13
2604000 13
2605000 13
2606000 13
2607000 13
2608000 13
2609000 13
2610000 13
2611000 13
2612000 13
2613000 13
2614000 13
2615000 13
2616000 13
2617000 13
2618000 13
2619000 13
2620000 13
2621000 13
2622000 13
2623000 13
2624000 13
2625000 13
2626000 13
2627000 13
2628000 13
2629000 13
2630000 13
2631000 13
2632000 13
2633000 13
2634000 13
2635000 13
2636000 13
2637000 13
2638000 13
2639000 13
2640000 13
2641000 13
2642000 13
2643000 13
2644000 13
2645000 13
2646000 13
2647000 13
2648000 13
2649000 13
2650000 13
2651000 13
2652000 13
2653000 13
2654000 13
2655000 13
2656000 13
2657000 13
2658000 13
2659000 13
2660000 13
2661000 13
2662000 13
2663000 13
2664000 13
2665000 13
2666000 13
2667000 13
2668000 13
2669000 13
2670000 13
2671000 13
2672000 13
2673000 13
2674000 13
2675000 13
2676000 13
2677000 13
2678000 13
2679000 13
2680000 13
2681000 13
2682000 13
2683000 13
2684000 13
2685000 13
2686000 13
2687000 13
2688000 13
2689000 13
2690000 13
2691000 13
2692000 13
2693000 13
2694000 13
2695000 13
2696000 13
2697000 13
2698000 13
2699000 13
2700000 13
2701000 13
2702000 13
2703000 13
2704000 13
2705000 13
2706000 13
2707000 13
2708000 13
2709000 13
2710000 13
2711000 13
2712000 13
2713000 13
2714000 13
2715000 13
2716000 13
2717000 13
2718000 13
2719000 13
2720000 13
2721000 13
2722000 13
2723000 13
2724000 13
2725000 13
2726000 13
2727000 13
2728000 13
2729000 13
2730000 13
2731000 13
2732000 13
2733000 13
2734000 13
2735000 13
2736000 13
2737000 13
2738000 13
2739000 13
2740000 13
2741000 13
2742000 13
2743000 13
2744000 13
2745000 13
2746000 13
2747000 13
2748000 13
2749000 13
2750000 13
2751000 13
2752000 13
2753000 13
2754000 13
2755000 13
2756000 13
2757000 13
2758000 13
2759000 13
2760000 13
2761000 13
2762000 13
2763000 13
2764000 13
2765000 13
2766000 13
2767000 13
2768000 13
2769000 13
2770000 13
2771000 13
2772000 13
2773000 13
2774000 13
2775000 13
2776000 13
2777000 13
2778000 13
2779000 13
2780000 13
2781000 13
2782000 13
2783000 13
2784000 13
2785000 13
2786000 13
2787000 13
2788000 13
2789000 13
2790000 13
2791000 13
2792000 13
2793000 13
2794000 13
2795000 13
2796000 13
2797000 13
2798000 13
2799000 13
2800000 13
2801000 13
2802000 13
2803000 13
2804000 13
2805000 13
2806000 13
2807000 13
2808000 13
2809000 13
2810000 13
2811000 13
2812000 13
2813000 13
2814000 13
2815000 13
2816000 13
2817000 13
2818000 13
2819000 13
2820000 13
2821000 13
2822000 13
2823000 13
2824000 13
2825000 13
2826000 13
2827000 13
2828000 13
2829000 13
2830000 13
2831000 13
2832000 13
2833000 13
2834000 13
2835000 13
2836000 13
2837000 13
2838000 13
2839000 13
2840000 13
2841000 13
2842000 13
2843000 13
2844000 13
2845000 13
2846000 13
2847000 13
2848000 13
2849000 13
2850000 13
2851000 13
2852000 13
2853000 13
2854000 13
2855000 13
2856000 13
2857000 13
2858000 13
2859000 13
2860000 13
2861000 13
2862000 13
2863000 13
2864000 13
2865000 13
2866000 13
2867000 13
2868000 13
2869000 13
2870000 13
2871000 13
2872000 13
2873000 13
2874000 13
2875000 13
2876000 13
2877000 13
2878000 13
2879000 13
2880000 13
2881000 13
2882000 13
2883000 13
2884000 13
2885000 13
2886000 13
2887000 13
2888000 13
2889000 13
2890000 13
2891000 13
2892000 13
2893000 13
2894000 13
2895000 13
2896000 13
2897000 13
2898000 13
2899000 13
2900000 13
2901000 13
2902000 13
2903000 13
2904000 13
2905000 13
2906000 13
2907000 13
2908000 13
2909000 13
2910000 13
2911000 13
2912000 13
2913000 13
2914000 13
2915000 13
2916000 13
2917000 13
2918000 13
2919000 13
2920000 13
2921000 13
2922000 13
2923000 13
2924000 13
2925000 13
2926000 13
2927000 13
2928000 13
2929000 13
2930000 13
2931000 13
2932000 13
2933000 13
2934000 13
2935000 13
2936000 13
2937000 13
2938000 13
2939000 13
2940000 13
2941000 13
2942000 13
2943000 13
2944000 13
2945000 13
2946000 13
2947000 13
2948000 13
2949000 13
2950000 13
2951000 13
2952000 13
2953000 13
2954000 13
2955000 13
2956000 13
2957000 13
2958000 13
2959000 13
2960000 13
2961000 13
2962000 13
2963000 13
2964000 13
2965000 13
2966000 13
2967000 13
2968000 13
2969000 13
2970000 13
2971000 13
2972000 13
2973000 13
2974000 13
2975000 13
2976000 13
2977000 13
2978000 13
2979000 13
2980000 13
2981000 13
2982000 13
2983000 13
2984000 13
2985000 13
2986000 13
2987000 13
2988000 13
2989000 13
2990000 13
2991000 13
2992000 13
2993000 13
2994000 13
2995000 13
2996000 13
2997000 13
2998000 13
2999000 13
3000000 13
3001000 13
3002000 13
3003000 13
3004000 13
3005000 13
3006000 13
3007000 13
3008000 13
3009000 13
3010000 13
3011000 13
3012000 13
3013000 13
3014000 13
3015000 13
3016000 13
3017000 13
3018000 13
3019000 13
3020000 13
3021000 13
3022000 13
3023000 13
3024000 13
3025000 13
3026000 13
3027000 13
3028000 13
3029000 13
3030000 13
3031000 13
3032000 13
3033000 13
3034000 13
3035000 13
3036000 13
3037000 13
3038000 13
3039000 13
3040000 13
3041000 13
3042000 13
3043000 13
3044000 13
3045000 13
3046000 13
3047000 13
3048000 13
3049000 13
3050000 13
3051000 13
3052000 13
3053000 13
3054000 13
3055000 13
3056000 13
3057000 13
3058000 13
3059000 13
3060000 13
3061000 13
3062000 13
3063000 13
3064000 13
3065000 13
3066000 13
3067000 13
3068000 13
3069000 13
3070000 13
3071000 13
3072000 13
3073000 13
3074000 13
3075000 13
3076000 13
3077000 13
3078000 13
3079000 13
3080000 13
3081000 13
3082000 13
3083000 13
3084000 13
3085000 13
3086000 13
3087000 13
3088000 13
3089000 13
3090000 13
3091000 13
3092000 13
3093000 13
3094000 13
3095000 13
3096000 13
3097000 13
3098000 13
3099000 13
3100000 13
3101000 13
3102000 13
3103000 13
3104000 13
3105000 13
3106000 13
3107000 13
3108000 13
3109000 13
3110000 13
3111000 13
3112000 13
3113000 13
3114000 13
3115000 13
3116000 13
3117000 13
3118000 13
3119000 13
3120000 13
3121000 13
3122000 13
3123000 13
3124000 13
3125000 13
3126000 13
3127000 13
3128000 13
3129000 13
3130000 13
3131000 13
3132000 13
3133000 13
3134000 13
3135000 13
3136000 13
3137000 13
3138000 13
3139000 13
3140000 13
3141000 13
3142000 13
3143000 13
3144000 13
3145000 13
3146000 13
3147000 13
3148000 13
3149000 13
3150000 13
3151000 13
3152000 13
3153000 13
3154000 13
3155000 13
3156000 13
3157000 13
3158000 13
3159000 13
3160000 13
3161000 13
3162000 13
3163000 13
3164000 13
3165000 13
3166000 13
3167000 13
3168000 13
3169000 13
3170000 13
3171000 13
3172000 13
3173000 13
3174000 13
3175000 13
3176000 13
3177000 13
3178000 13
3179000 13
3180000 13
3181000 13
3182000 13
3183000 13
3184000 13
3185000 13
3186000 13
3187000 13
3188000 13
3189000 13
3190000 13
3191000 13
3192000 13
3193000 13
3194000 13
3195000 13
3196000 13
3197000 13
3198000 13
3199000 13
3200000 13
3201000 13
3202000 13
3203000 13
3204000 13
3205000 13
3206000 13
3207000 13
3208000 13
3209000 13
3210000 13
3211000 13
3212000 13
3213000 13
3214000 13
3215000 13
3216000 13
3217000 13
3218000 13
3219000 13
3220000 13
3221000 13
3222000 13
3223000 13
3224000 13
3225000 13
3226000 13
3227000 13
3228000 13
3229000 13
3230000 13
3231000 13
3232000 13
3233000 13
3234000 13
3235000 13
3236000 13
3237000 13
3238000 13
3239000 13
3240000 13
3241000 13
3242000 13
3243000 13
3244000 13
3245000 13
3246000 13
3247000 13
3248000 13
3249000 13
3250000 13
3251000 13
3252000 13
3253000 13
3254000 13
3255000 13
3256000 13
3257000 13
3258000 13
3259000 13
3260000 13
3261000 13
3262000 13
3263000 13
3264000 13
3265000 13
3266000 13
3267000 13
3268000 13
3269000 13
3270000 13
3271000 13
3272000 13
3273000 13
3274000 13
3275000 13
3276000 13
3277000 13
3278000 13
3279000 13
3280000 13
3281000 13
3282000 13
3283000 13
3284000 13
3285000 13
3286000 13
3287000 13
3288000 13
3289000 13
3290000 13
3291000 13
3292000 13
3293000 13
3294000 13
3295000 13
3296000 13
3297000 13
3298000 13
3299000 13
3300000 13
3301000 13
3302000 13
3303000 13
3304000 13
3305000 13
3306000 13
3307000 13
3308000 13
3309000 13
3310000 13
3311000 13
3312000 13
3313000 13
3314000 13
3315000 13
3316000 13
3317000 13
3318000 13
3319000 13
3320000 13
3321000 13
3322000 13
3323000 13
3324000 13
3325000 13
3326000 13
3327000 13
3328000 13
3329000 13
3330000 13
3331000 13
3332000 13
3333000 13
3334000 13
3335000 13
3336000 13
3337000 13
3338000 13
3339000 13
3340000 13
3341000 13
3342000 13
3343000 13
3344000 13
3345000 13
3346000 13
3347000 13
3348000 13
3349000 13
3350000 13
3351000 13
3352000 13
3353000 13
3354000 13
3355000 13
3356000 13
3357000 13
3358000 13
3359000 13
3360000 13
3361000 13
3362000 13
3363000 13
3364000 13
3365000 13
3366000 13
3367000 13
3368000 13
3369000 13
3370000 13
3371000 13
3372000 13
3373000 13
3374000 13
3375000 13
3376000 13
3377000 13
3378000 13
3379000 13
3380000 13
3381000 13
3382000 13
3383000 13
3384000 13
3385000 13
3386000 13
3387000 13
3388000 13
3389000 13
3390000 13
3391000 13
3392000 13
3393000 13
3394000 13
3395000 13
3396000 13
3397000 13
3398000 13
3399000 13
3400000 13
3401000 13
3402000 13
3403000 13
3404000 13
3405000 13
3406000 13
3407000 13
3408000 13
3409000 13
3410000 13
3411000 13
3412000 13
3413000 13
3414000 13
3415000 13
3416000 13
3417000 13
3418000 13
3419000 13
3420000 13
3421000 13
3422000 13
3423000 13
3424000 13
3425000 13
3426000 13
3427000 13
3428000 13
3429000 13
3430000 13
3431000 13
3432000 13
3433000 13
3434000 13
3435000 13
3436000 13
3437000 13
3438000 13
3439000 13
3440000 13
3441000 13
3442000 13
3443000 13
3444000 13
3445000 13
3446000 13
3447000 13
3448000 13
3449000 13
3450000 13
3451000 13
3452000 13
3453000 13
3454000 13
3455000 13
3456000 13
3457000 13
3458000 13
3459000 13
3460000 13
3461000 13
3462000 13
3463000 13
3464000 13
3465000 13
3466000 13
3467000 13
3468000 13
3469000 13
3470000 13
3471000 13
3472000 13
3473000 13
3474000 13
3475000 13
3476000 13
3477000 13
3478000 13
3479000 13
3480000 13
3481000 13
3482000 13
3483000 13
3484000 13
3485000 13
3486000 13
3487000 13
3488000 13
3489000 13
3490000 13
3491000 13
3492000 13
3493000 13
3494000 13
3495000 13
3496000 13
3497000 13
3498000 13
3499000 13
3500000 13
3501000 13
3502000 13
3503000 13
3504000 13
3505000 13
3506000 13
3507000 13
3508000 13
3509000 13
3510000 13
3511000 13
3512000 13
3513000 13
3514000 13
3515000 13
3516000 13
3517000 13
3518000 13
3519000 13
3520000 13
3521000 13
3522000 13
3523000 13
3524000 13
3525000 13
3526000 13
3527000 13
3528000 13
3529000 13
3530000 13
3531000 13
3532000 13
3533000 13
3534000 13
3535000 13
3536000 13
3537000 13
3538000 13
3539000 13
3540000 13
3541000 13
3542000 13
3543000 13
3544000 13
3545000 13
3546000 13
3547000 13
3548000 13
3549000 13
3550000 13
3551000 13
3552000 13
3553000 13
3554000 13
3555000 13
3556000 13
3557000 13
3558000 13
3559000 13
3560000 13
3561000 13
3562000 13
3563000 13
3564000 13
3565000 13
3566000 13
3567000 13
3568000 13
3569000 13
3570000 13
3571000 13
3572000 13
3573000 13
3574000 13
3575000 13
3576000 13
3577000 13
3578000 13
3579000 13
3580000 13
3581000 13
3582000 13
3583000 13
3584000 13
3585000 13
3586000 13
3587000 13
3588000 13
3589000 13
3590000 13
3591000 13
3592000 13
3593000 13
3594000 13
3595000 13
3596000 13
3597000 13
3598000 13
3599000 13
3600000 13
3601000 13
3602000 13
3603000 13
3604000 13
3605000 13
3606000 13
3607000 13
3608000 13
3609000 13
3610000 13
3611000 13
3612000 13
3613000 13
3614000 13
3615000 13
3616000 13
3617000 13
3618000 13
3619000 13
3620000 13
3621000 13
3622000 13
3623000 13
3624000 13
3625000 13
3626000 13
3627000 13
3628000 13
3629000 13
3630000 13
3631000 13
3632000 13
3633000 13
3634000 13
3635000 13
3636000 13
3637000 13
3638000 13
3639000 13
3640000 13
3641000 13
3642000 13
3643000 13
3644000 13
3645000 13
3646000 13
3647000 13
3648000 13
3649000 13
3650000 13
3651000 13
3652000 13
3653000 13
3654000 13
3655000 13
3656000 13
3657000 13
3658000 13
3659000 13
3660000 13
3661000 13
3662000 13
3663000 13
3664000 13
3665000 13
3666000 13
3667000 13
3668000 13
3669000 13
3670000 13
3671000 13
3672000 13
3673000 13
3674000 13
3675000 13
3676000 13
3677000 13
3678000 13
3679000 13
3680000 13
3681000 13
3682000 13
3683000 13
3684000 13
3685000 13
3686000 13
3687000 13
3688000 13
3689000 13
3690000 13
3691000 13
3692000 13
3693000 13
3694000 13
3695000 13
3696000 13
3697000 13
3698000 13
3699000 13
3700000 13
3701000 13
3702000 13
3703000 13
3704000 13
3705000 13
3706000 13
3707000 13
3708000 13
3709000 13
3710000 13
3711000 13
3712000 13
3713000 13
3714000 13
3715000 13
3716000 13
3717000 13
3718000 13
3719000 13
3720000 13
3721000 13
3722000 13
3723000 13
3724000 13
3725000 13
3726000 13
3727000 13
3728000 13
3729000 13
3730000 13
3731000 13
3732000 13
3733000 13
3734000 13
3735000 13
3736000 13
3737000 13
3738000 13
3739000 13
3740000 13
3741000 13
3742000 13
3743000 13
3744000 13
3745000 13
3746000 13
3747000 13
3748000 13
3749000 13
3750000 13
3751000 13
3752000 13
3753000 13
3754000 13
3755000 13
3756000 13
3757000 13
3758000 13
3759000 13
3760000 13
3761000 13
3762000 13
3763000 13
3764000 13
3765000 13
3766000 13
3767000 13
3768000 13
3769000 13
3770000 13
3771000 13
3772000 13
3773000 13
3774000 13
3775000 13
3776000 13
3777000 13
3778000 13
3779000 13
3780000 13
3781000 13
3782000 13
3783000 13
3784000 13
3785000 13
3786000 13
3787000 13
3788000 13
3789000 13
3790000 13
3791000 13
3792000 13
3793000 13
3794000 13
3795000 13
3796000 13
3797000 13
3798000 13
3799000 13
3800000 13
3801000 13
3802000 13
3803000 13
3804000 13
3805000 13
3806000 13
3807000 13
3808000 13
3809000 13
3810000 13
3811000 13
3812000 13
3813000 13
3814000 13
3815000 13
3816000 13
3817000 13
3818000 13
3819000 13
3820000 13
3821000 13
3822000 13
3823000 13
3824000 13
3825000 13
3826000 13
3827000 13
3828000 13
3829000 13
3830000 13
3831000 13
3832000 13
3833000 13
3834000 13
3835000 13
3836000 13
3837000 13
3838000 13
3839000 13
3840000 13
3841000 13
3842000 13
3843000 13
3844000 13
3845000 13
3846000 13
3847000 13
3848000 13
3849000 13
3850000 13
3851000 13
3852000 13
3853000 13
3854000 13
3855000 13
3856000 13
3857000 13
3858000 13
3859000 13
3860000 13
3861000 13
3862000 13
3863000 13
3864000 13
3865000 13
3866000 13
3867000 13
3868000 13
3869000 13
3870000 13
3871000 13
3872000 13
3873000 13
3874000 13
3875000 13
3876000 13
3877000 13
3878000 13
3879000 13
3880000 13
3881000 13
3882000 13
3883000 13
3884000 13
3885000 13
3886000 13
3887000 13
3888000 13
3889000 13
3890000 13
3891000 13
3892000 13
3893000 13
3894000 13
3895000 13
3896000 13
3897000 13
3898000 13
3899000 13
3900000 13
3901000 13
3902000 13
3903000 13
3904000 13
3905000 13
3906000 13
3907000 13
3908000 13
3909000 13
3910000 13
3911000 13
3912000 13
3913000 13
3914000 13
3915000 13
3916000 13
3917000 13
3918000 13
3919000 13
3920000 13
3921000 13
3922000 13
3923000 13
3924000 13
3925000 13
3926000 13
3927000 13
3928000 13
3929000 13
3930000 13
3931000 13
3932000 13
3933000 13
3934000 13
3935000 13
3936000 13
3937000 13
3938000 13
3939000 13
3940000 13
3941000 13
3942000 13
3943000 13
3944000 13
3945000 13
3946000 13
3947000 13
3948000 13
3949000 13
3950000 13
3951000 13
3952000 13
3953000 13
3954000 13
3955000 13
3956000 13
3957000 13
3958000 13
3959000 13
3960000 13
3961000 13
3962000 13
3963000 13
3964000 13
3965000 13
3966000 13
3967000 13
3968000 13
3969000 13
3970000 13
3971000 13
3972000 13
3973000 13
3974000 13
3975000 13
3976000 13
3977000 13
3978000 13
3979000 13
3980000 13
3981000 13
3982000 13
3983000 13
3984000 13
3985000 13
3986000 13
3987000 13
3988000 13
3989000 13
3990000 13
3991000 13
3992000 13
3993000 13
3994000 13
3995000 13
3996000 13
3997000 13
3998000 13
3999000 13
4000000 13
4001000 13
4002000 13
4003000 13
4004000 13
4005000 13
4006000 13
4007000 13
4008000 13
4009000 13
4010000 13
4011000 13
4012000 13
4013000 13
4014000 13
4015000 13
4016000 13
4017000 13
4018000 13
4019000 13
4020000 13
4021000 13
4022000 13
4023000 13
4024000 13
4025000 13
4026000 13
4027000 13
4028000 13
4029000 13
4030000 13
4031000 13
4032000 13
4033000 13
4034000 13
4035000 13
4036000 13
4037000 13
4038000 13
4039000 13
4040000 13
4041000 13
4042000 13
4043000 13
4044000 13
4045000 13
4046000 13
4047000 13
4048000 13
4049000 13
4050000 13
4051000 13
4052000 13
4053000 13
4054000 13
4055000 13
4056000 13
4057000 13
4058000 13
4059000 13
4060000 13
4061000 13
4062000 13
4063000 13
4064000 13
4065000 13
4066000 13
4067000 13
4068000 13
4069000 13
4070000 13
4071000 13
4072000 13
4073000 13
4074000 13
4075000 13
4076000 13
4077000 13
4078000 13
4079000 13
4080000 13
4081000 13
4082000 13
4083000 13
4084000 13
4085000 13
4086000 13
4087000 13
4088000 13
4089000 13
4090000 13
4091000 13
4092000 13
4093000 13
4094000 13
4095000 13
4096000 13
4097000 13
4098000 13
4099000 13
4100000 13
4101000 13
4102000 13
4103000 13
4104000 13
4105000 13
4106000 13
4107000 13
4108000 13
4109000 13
4110000 13
4111000 13
4112000 13
4113000 13
4114000 13
4115000 13
4116000 13
4117000 13
4118000 13
4119000 13
4120000 13
4121000 13
4122000 13
4123000 13
4124000 13
4125000 13
4126000 13
4127000 13
4128000 13
4129000 13
4130000 13
4131000 13
4132000 13
4133000 13
4134000 13
4135000 13
4136000 13
4137000 13
4138000 13
4139000 13
4140000 13
4141000 13
4142000 13
4143000 13
4144000 13
4145000 13
4146000 13
4147000 13
4148000 13
4149000 13
4150000 13
4151000 13
4152000 13
4153000 13
4154000 13
4155000 13
4156000 13
4157000 13
4158000 13
4159000 13
4160000 13
4161000 13
4162000 13
4163000 13
4164000 13
4165000 13
4166000 13
4167000 13
4168000 13
4169000 13
4170000 13
4171000 13
4172000 13
4173000 13
4174000 13
4175000 13
4176000 13
4177000 13
4178000 13
4179000 13
4180000 13
4181000 13
4182000 13
4183000 13
4184000 13
4185000 13
4186000 13
4187000 13
4188000 13
4189000 13
4190000 13
4191000 13
4192000 13
4193000 13
4194000 13
4195000 13
4196000 13
4197000 13
4198000 13
4199000 13
4200000 13
4201000 13
4202000 13
4203000 13
4204000 13
4205000 13
4206000 13
4207000 13
4208000 13
4209000 13
4210000 13
4211000 13
4212000 13
4213000 13
4214000 13
4215000 13
4216000 13
4217000 13
4218000 13
4219000 13
4220000 13
4221000 13
4222000 13
4223000 13
4224000 13
4225000 13
4226000 13
4227000 13
4228000 13
4229000 13
4230000 13
4231000 13
4232000 13
4233000 13
4234000 13
4235000 13
4236000 13
4237000 13
4238000 13
4239000 13
4240000 13
4241000 13
4242000 13
4243000 13
4244000 13
4245000 13
4246000 13
4247000 13
4248000 13
4249000 13
4250000 13
4251000 13
4252000 13
4253000 13
4254000 13
4255000 13
4256000 13
4257000 13
4258000 13
4259000 13
4260000 13
4261000 13
4262000 13
4263000 13
4264000 13
4265000 13
4266000 13
4267000 13
4268000 13
4269000 13
4270000 13
4271000 13
4272000 13
4273000 13
4274000 13
4275000 13
4276000 13
4277000 13
4278000 13
4279000 13
4280000 13
4281000 13
4282000 13
4283000 13
4284000 13
4285000 13
4286000 13
4287000 13
4288000 13
4289000 13
4290000 13
4291000 13
4292000 13
4293000 13
4294000 13
4295000 13
4296000 13
4297000 13
4298000 13
4299000 13
4300000 13
4301000 13
4302000 13
4303000 13
4304000 13
4305000 13
4306000 13
4307000 13
4308000 13
4309000 13
4310000 13
4311000 13
4312000 13
4313000 13
4314000 13
4315000 13
4316000 13
4317000 13
4318000 13
4319000 13
4320000 13
4321000 13
4322000 13
4323000 13
4324000 13
4325000 13
4326000 13
4327000 13
4328000 13
4329000 13
4330000 13
4331000 13
4332000 13
4333000 13
4334000 13
4335000 13
4336000 13
4337000 13
4338000 13
4339000 13
4340000 13
4341000 13
4342000 13
4343000 13
4344000 13
4345000 13
4346000 13
4347000 13
4348000 13
4349000 13
4350000 13
4351000 13
4352000 13
4353000 13
4354000 13
4355000 13
4356000 13
4357000 13
4358000 13
4359000 13
4360000 13
4361000 13
4362000 13
4363000 13
4364000 13
4365000 13
4366000 13
4367000 13
4368000 13
4369000 13
4370000 13
4371000 13
4372000 13
4373000 13
4374000 13
4375000 13
4376000 13
4377000 13
4378000 13
4379000 13
4380000 13
4381000 13
4382000 13
4383000 13
4384000 13
4385000 13
4386000 13
4387000 13
4388000 13
4389000 13
4390000 13
4391000 13
4392000 13
4393000 13
4394000 13
4395000 13
4396000 13
4397000 13
4398000 13
4399000 13
4400000 13
4401000 13
4402000 13
4403000 13
4404000 13
4405000 13
4406000 13
4407000 13
4408000 13
4409000 13
4410000 13
4411000 13
4412000 13
4413000 13
4414000 13
4415000 13
4416000 13
4417000 13
4418000 13
4419000 13
4420000 13
4421000 13
4422000 13
4423000 13
4424000 13
4425000 13
4426000 13
4427000 13
4428000 13
4429000 13
4430000 13
4431000 13
4432000 13
4433000 13
4434000 13
4435000 13
4436000 13
4437000 13
4438000 13
4439000 13
4440000 13
4441000 13
4442000 13
4443000 13
4444000 13
4445000 13
4446000 13
4447000 13
4448000 13
4449000 13
4450000 13
4451000 13
4452000 13
4453000 13
4454000 13
4455000 13
4456000 13
4457000 13
4458000 13
4459000 13
4460000 13
4461000 13
4462000 13
4463000 13
4464000 13
4465000 13
4466000 13
4467000 13
4468000 13
4469000 13
4470000 13
4471000 13
4472000 13
4473000 13
4474000 13
4475000 13
4476000 13
4477000 13
4478000 13
4479000 13
4480000 13
4481000 13
4482000 13
4483000 13
4484000 13
4485000 13
4486000 13
4487000 13
4488000 13
4489000 13
4490000 13
4491000 13
4492000 13
4493000 13
4494000 13
4495000 13
4496000 13
4497000 13
4498000 13
4499000 13
4500000 13
4501000 13
4502000 13
4503000 13
4504000 13
4505000 13
4506000 13
4507000 13
4508000 13
4509000 13
4510000 13
4511000 13
4512000 13
4513000 13
4514000 13
4515000 13
4516000 13
4517000 13
4518000 13
4519000 13
4520000 13
4521000 13
4522000 13
4523000 13
4524000 13
4525000 13
4526000 13
4527000 13
4528000 13
4529000 13
4530000 13
4531000 13
4532000 13
4533000 13
4534000 13
4535000 13
4536000 13
4537000 13
4538000 13
4539000 13
4540000 13
4541000 13
4542000 13
4543000 13
4544000 13
4545000 13
4546000 13
4547000 13
4548000 13
4549000 13
4550000 13
4551000 13
4552000 13
4553000 13
4554000 13
4555000 13
4556000 13
4557000 13
4558000 13
4559000 13
4560000 13
4561000 13
4562000 13
4563000 13
4564000 13
4565000 13
4566000 13
4567000 13
4568000 13
4569000 13
4570000 13
4571000 13
4572000 13
4573000 13
4574000 13
4575000 13
4576000 13
4577000 13
4578000 13
4579000 13
4580000 13
4581000 13
4582000 13
4583000 13
4584000 13
4585000 13
4586000 13
4587000 13
4588000 13
4589000 13
4590000 13
4591000 13
4592000 13
4593000 13
4594000 13
4595000 13
4596000 13
4597000 13
4598000 13
4599000 13
4600000 13
4601000 13
4602000 13
4603000 13
4604000 13
4605000 13
4606000 13
4607000 13
4608000 13
4609000 13
4610000 13
4611000 13
4612000 13
4613000 13
4614000 13
4615000 13
4616000 13
4617000 13
4618000 13
4619000 13
4620000 13
4621000 13
4622000 13
4623000 13
4624000 13
4625000 13
4626000 13
4627000 13
4628000 13
4629000 13
4630000 13
4631000 13
4632000 13
4633000 13
4634000 13
4635000 13
4636000 13
4637000 13
4638000 13
4639000 13
4640000 13
4641000 13
4642000 13
4643000 13
4644000 13
4645000 13
4646000 13
4647000 13
4648000 13
4649000 13
4650000 13
4651000 13
4652000 13
4653000 13
4654000 13
4655000 13
4656000 13
4657000 13
4658000 13
4659000 13
4660000 13
4661000 13
4662000 13
4663000 13
4664000 13
4665000 13
4666000 13
4667000 13
4668000 13
4669000 13
4670000 13
4671000 13
4672000 13
4673000 13
4674000 13
4675000 13
4676000 13
4677000 13
4678000 13
4679000 13
4680000 13
4681000 13
4682000 13
4683000 13
4684000 13
4685000 13
4686000 13
4687000 13
4688000 13
4689000 13
4690000 13
4691000 13
4692000 13
4693000 13
4694000 13
4695000 13
4696000 13
4697000 13
4698000 13
4699000 13
4700000 13
4701000 13
4702000 13
4703000 13
4704000 13
4705000 13
4706000 13
4707000 13
4708000 13
4709000 13
4710000 13
4711000 13
4712000 13
4713000 13
4714000 13
4715000 13
4716000 13
4717000 13
4718000 13
4719000 13
4720000 13
4721000 13
4722000 13
4723000 13
4724000 13
4725000 13
4726000 13
4727000 13
4728000 13
4729000 13
4730000 13
4731000 13
4732000 13
4733000 13
4734000 13
4735000 13
4736000 13
4737000 13
4738000 13
4739000 13
4740000 13
4741000 13
4742000 13
4743000 13
4744000 13
4745000 13
4746000 13
4747000 13
4748000 13
4749000 13
4750000 13
4751000 13
4752000 13
4753000 13
4754000 13
4755000 13
4756000 13
4757000 13
4758000 13
4759000 13
4760000 13
4761000 13
4762000 13
4763000 13
4764000 13
4765000 13
4766000 13
4767000 13
4768000 13
4769000 13
4770000 13
4771000 13
4772000 13
4773000 13
4774000 13
4775000 13
4776000 13
4777000 13
4778000 13
4779000 13
4780000 13
4781000 13
4782000 13
4783000 13
4784000 13
4785000 13
4786000 13
4787000 13
4788000 13
4789000 13
4790000 13
4791000 13
4792000 13
4793000 13
4794000 13
4795000 13
4796000 13
4797000 13
4798000 13
4799000 13
4800000 13
4801000 13
4802000 13
4803000 13
4804000 13
4805000 13
4806000 13
4807000 13
4808000 13
4809000 13
4810000 13
4811000 13
4812000 13
4813000 13
4814000 13
4815000 13
4816000 13
4817000 13
4818000 13
4819000 13
4820000 13
4821000 13
4822000 13
4823000 13
4824000 13
4825000 13
4826000 13
4827000 13
4828000 13
4829000 13
4830000 13
4831000 13
4832000 13
4833000 13
4834000 13
4835000 13
4836000 13
4837000 13
4838000 13
4839000 13
4840000 13
4841000 13
4842000 13
4843000 13
4844000 13
4845000 13
4846000 13
4847000 13
4848000 13
4849000 13
4850000 13
4851000 13
4852000 13
4853000 13
4854000 13
4855000 13
4856000 13
4857000 13
4858000 13
4859000 13
4860000 13
4861000 13
4862000 13
4863000 13
4864000 13
4865000 13
4866000 13
4867000 13
4868000 13
4869000 13
4870000 13
4871000 13
4872000 13
4873000 13
4874000 13
4875000 13
4876000 13
4877000 13
4878000 13
4879000 13
4880000 13
4881000 13
4882000 13
4883000 13
4884000 13
4885000 13
4886000 13
4887000 13
4888000 13
4889000 13
4890000 13
4891000 13
4892000 13
4893000 13
4894000 13
4895000 13
4896000 13
4897000 13
4898000 13
4899000 13
4900000 13
4901000 13
4902000 13
4903000 13
4904000 13
4905000 13
4906000 13
4907000 13
4908000 13
4909000 13
4910000 13
4911000 13
4912000 13
4913000 13
4914000 13
4915000 13
4916000 13
4917000 13
4918000 13
4919000 13
4920000 13
4921000 13
4922000 13
4923000 13
4924000 13
4925000 13
4926000 13
4927000 13
4928000 13
4929000 13
4930000 13
4931000 13
4932000 13
4933000 13
4934000 13
4935000 13
4936000 13
4937000 13
4938000 13
4939000 13
4940000 13
4941000 13
4942000 13
4943000 13
4944000 13
4945000 13
4946000 13
4947000 13
4948000 13
4949000 13
4950000 13
4951000 13
4952000 13
4953000 13
4954000 13
4955000 13
4956000 13
4957000 13
4958000 13
4959000 13
4960000 13
4961000 13
4962000 13
4963000 13
4964000 13
4965000 13
4966000 13
4967000 13
4968000 13
4969000 13
4970000 13
4971000 13
4972000 13
4973000 13
4974000 13
4975000 13
4976000 13
4977000 13
4978000 13
4979000 13
4980000 13
4981000 13
4982000 13
4983000 13
4984000 13
4985000 13
4986000 13
4987000 13
4988000 13
4989000 13
4990000 13
4991000 13
4992000 13
4993000 13
4994000 13
4995000 13
4996000 13
4997000 13
4998000 13
4999000 13
5000000 13
5001000 13
5002000 13
5003000 13
5004000 13
5005000 13
5006000 13
5007000 13
5008000 13
5009000 13
5010000 13
5011000 13
5012000 13
5013000 13
5014000 13
5015000 13
5016000 13
5017000 13
5018000 13
5019000 13
5020000 13
5021000 13
5022000 13
5023000 13
5024000 13
5025000 13
5026000 13
5027000 13
5028000 13
5029000 13
5030000 13
5031000 13
5032000 13
5033000 13
5034000 13
5035000 13
5036000 13
5037000 13
5038000 13
5039000 13
5040000 13
5041000 13
5042000 13
5043000 13
5044000 13
5045000 13
5046000 13
5047000 13
5048000 13
5049000 13
5050000 13
5051000 13
5052000 13
5053000 13
5054000 13
5055000 13
5056000 13
5057000 13
5058000 13
5059000 13
5060000 13
5061000 13
5062000 13
5063000 13
5064000 13
5065000 13
5066000 13
5067000 13
5068000 13
5069000 13
5070000 13
5071000 13
5072000 13
5073000 13
5074000 13
5075000 13
5076000 13
5077000 13
5078000 13
5079000 13
5080000 13
5081000 13
5082000 13
5083000 13
5084000 13
5085000 13
5086000 13
5087000 13
5088000 13
5089000 13
5090000 13
5091000 13
5092000 13
5093000 13
5094000 13
5095000 13
5096000 13
5097000 13
5098000 13
5099000 13
5100000 13
5101000 13
5102000 13
5103000 13
5104000 13
5105000 13
5106000 13
5107000 13
5108000 13
5109000 13
5110000 13
5111000 13
5112000 13
5113000 13
5114000 13
5115000 13
5116000 13
5117000 13
5118000 13
5119000 13
5120000 13
5121000 13
5122000 13
5123000 13
5124000 13
5125000 13
5126000 13
5127000 13
5128000 13
5129000 13
5130000 13
5131000 13
5132000 13
5133000 13
5134000 13
5135000 13
5136000 13
5137000 13
5138000 13
5139000 13
5140000 13
5141000 13
5142000 13
5143000 13
5144000 13
5145000 13
5146000 13
5147000 13
5148000 13
5149000 13
5150000 13
5151000 13
5152000 13
5153000 13
5154000 13
5155000 13
5156000 13
5157000 13
5158000 13
5159000 13
5160000 13
5161000 13
5162000 13
5163000 13
5164000 13
5165000 13
5166000 13
5167000 13
5168000 13
5169000 13
5170000 13
5171000 13
5172000 13
5173000 13
5174000 13
5175000 13
5176000 13
5177000 13
5178000 13
5179000 13
5180000 13
5181000 13
5182000 13
5183000 13
5184000 13
5185000 13
5186000 13
5187000 13
5188000 13
5189000 13
5190000 13
5191000 13
5192000 13
5193000 13
5194000 13
5195000 13
5196000 13
5197000 13
5198000 13
5199000 13
5200000 13
5201000 13
5202000 13
5203000 13
5204000 13
5205000 13
5206000 13
5207000 13
5208000 13
5209000 13
5210000 13
5211000 13
5212000 13
5213000 13
5214000 13
5215000 13
5216000 13
5217000 13
5218000 13
5219000 13
5220000 13
5221000 13
5222000 13
5223000 13
5224000 13
5225000 13
5226000 13
5227000 13
5228000 13
5229000 13
5230000 13
5231000 13
5232000 13
5233000 13
5234000 13
5235000 13
5236000 13
5237000 13
5238000 13
5239000 13
5240000 13
5241000 13
5242000 13
5243000 13
5244000 13
5245000 13
5246000 13
5247000 13
5248000 13
5249000 13
5250000 13
5251000 13
5252000 13
5253000 13
5254000 13
5255000 13
5256000 13
5257000 13
5258000 13
5259000 13
5260000 13
5261000 13
5262000 13
5263000 13
5264000 13
5265000 13
5266000 13
5267000 13
5268000 13
5269000 13
5270000 13
5271000 13
5272000 13
5273000 13
5274000 13
5275000 13
5276000 13
5277000 13
5278000 13
5279000 13
5280000 13
5281000 13
5282000 13
5283000 13
5284000 13
5285000 13
