# frame 	 heights
0 16
1000 16
2000 16
3000 16
4000 16
5000 16
6000 16
7000 16
8000 16
9000 16
10000 16
11000 16
12000 16
13000 16
14000 16
15000 16
16000 16
17000 16
18000 16
19000 16
20000 16
21000 16
22000 16
23000 16
24000 16
25000 16
26000 16
27000 16
28000 16
29000 16
30000 16
31000 16
32000 16
33000 16
34000 16
35000 16
36000 16
37000 16
38000 16
39000 16
40000 16
41000 16
42000 16
43000 16
44000 16
45000 16
46000 16
47000 16
48000 16
49000 16
50000 16
51000 16
52000 16
53000 16
54000 16
55000 16
56000 16
57000 16
58000 16
59000 16
60000 16
61000 16
62000 16
63000 16
64000 16
65000 16
66000 16
67000 16
68000 16
69000 16
70000 16
71000 16
72000 16
73000 16
74000 16
75000 16
76000 16
77000 16
78000 16
79000 16
80000 16
81000 16
82000 16
83000 16
84000 16
85000 16
86000 16
87000 16
88000 16
89000 16
90000 16
91000 16
92000 16
93000 16
94000 16
95000 16
96000 16
97000 16
98000 16
99000 16
100000 16
101000 16
102000 16
103000 16
104000 16
105000 16
106000 16
107000 16
108000 16
109000 16
110000 16
111000 16
112000 16
113000 16
114000 16
115000 16
116000 16
117000 16
118000 16
119000 16
120000 16
121000 16
122000 16
123000 16
124000 16
125000 16
126000 16
127000 16
128000 16
129000 16
130000 16
131000 16
132000 16
133000 16
134000 16
135000 16
136000 16
137000 16
138000 16
139000 16
140000 16
141000 16
142000 16
143000 16
144000 16
145000 16
146000 16
147000 16
148000 16
149000 16
150000 16
151000 16
152000 16
153000 16
154000 16
155000 16
156000 16
157000 16
158000 16
159000 16
160000 16
161000 16
162000 16
163000 16
164000 16
165000 16
166000 16
167000 16
168000 16
169000 16
170000 16
171000 16
172000 16
173000 16
174000 16
175000 16
176000 16
177000 16
178000 16
179000 16
180000 16
181000 16
182000 16
183000 16
184000 16
185000 16
186000 16
187000 16
188000 16
189000 16
190000 16
191000 16
192000 16
193000 16
194000 16
195000 16
196000 16
197000 16
198000 16
199000 16
200000 16
201000 16
202000 16
203000 16
204000 16
205000 16
206000 16
207000 16
208000 16
209000 16
210000 16
211000 16
212000 16
213000 16
214000 16
215000 16
216000 16
217000 16
218000 16
219000 16
220000 16
221000 16
222000 16
223000 16
224000 16
225000 16
226000 16
227000 16
228000 16
229000 16
230000 16
231000 16
232000 16
233000 16
234000 16
235000 16
236000 16
237000 16
238000 16
239000 16
240000 16
241000 16
242000 16
243000 16
244000 16
245000 16
246000 16
247000 16
248000 16
249000 16
250000 16
251000 16
252000 16
253000 16
254000 16
255000 16
256000 16
257000 16
258000 16
259000 16
260000 16
261000 16
262000 16
263000 16
264000 16
265000 16
266000 16
267000 16
268000 16
269000 16
270000 16
271000 16
272000 16
273000 16
274000 16
275000 16
276000 16
277000 16
278000 16
279000 16
280000 16
281000 16
282000 16
283000 16
284000 16
285000 16
286000 16
287000 16
288000 16
289000 16
290000 16
291000 16
292000 16
293000 16
294000 16
295000 16
296000 16
297000 16
298000 16
299000 16
300000 16
301000 16
302000 16
303000 16
304000 16
305000 16
306000 16
307000 16
308000 16
309000 16
310000 16
311000 16
312000 16
313000 16
314000 16
315000 16
316000 16
317000 16
318000 16
319000 16
320000 16
321000 16
322000 16
323000 16
324000 16
325000 16
326000 16
327000 16
328000 16
329000 16
330000 16
331000 16
332000 16
333000 16
334000 16
335000 16
336000 16
337000 16
338000 16
339000 16
340000 16
341000 16
342000 16
343000 16
344000 16
345000 16
346000 16
347000 16
348000 16
349000 16
350000 16
351000 16
352000 16
353000 16
354000 16
355000 16
356000 16
357000 16
358000 16
359000 16
360000 16
361000 16
362000 16
363000 16
364000 16
365000 16
366000 16
367000 16
368000 16
369000 16
370000 16
371000 16
372000 16
373000 16
374000 16
375000 16
376000 16
377000 16
378000 16
379000 16
380000 16
381000 16
382000 16
383000 16
384000 16
385000 16
386000 16
387000 16
388000 16
389000 16
390000 16
391000 16
392000 16
393000 16
394000 16
395000 16
396000 16
397000 16
398000 16
399000 16
400000 16
401000 16
402000 16
403000 16
404000 16
405000 16
406000 16
407000 16
408000 16
409000 16
410000 16
411000 16
412000 16
413000 16
414000 16
415000 16
416000 16
417000 16
418000 16
419000 16
420000 16
421000 16
422000 16
423000 16
424000 16
425000 16
426000 16
427000 16
428000 16
429000 16
430000 16
431000 16
432000 16
433000 16
434000 16
435000 16
436000 16
437000 16
438000 16
439000 16
440000 16
441000 16
442000 16
443000 16
444000 16
445000 16
446000 16
447000 16
448000 16
449000 16
450000 16
451000 16
452000 16
453000 16
454000 16
455000 16
456000 16
457000 16
458000 16
459000 16
460000 16
461000 16
462000 16
463000 16
464000 16
465000 16
466000 16
467000 16
468000 16
469000 16
470000 16
471000 16
472000 16
473000 16
474000 16
475000 16
476000 16
477000 16
478000 16
479000 16
480000 16
481000 16
482000 16
483000 16
484000 16
485000 16
486000 16
487000 16
488000 16
489000 16
490000 16
491000 16
492000 16
493000 16
494000 16
495000 16
496000 16
497000 16
498000 16
499000 16
500000 16
501000 16
502000 16
503000 16
504000 16
505000 16
506000 16
507000 16
508000 16
509000 16
510000 16
511000 16
512000 16
513000 16
514000 16
515000 16
516000 16
517000 16
518000 16
519000 16
520000 16
521000 16
522000 16
523000 16
524000 16
525000 16
526000 16
527000 16
528000 16
529000 16
530000 16
531000 16
532000 16
533000 16
534000 16
535000 16
536000 16
537000 16
538000 16
539000 16
540000 16
541000 16
542000 16
543000 16
544000 16
545000 16
546000 16
547000 16
548000 16
549000 16
550000 16
551000 16
552000 16
553000 16
554000 16
555000 16
556000 16
557000 16
558000 16
559000 16
560000 16
561000 16
562000 16
563000 16
564000 16
565000 16
566000 16
567000 16
568000 16
569000 16
570000 16
571000 16
572000 16
573000 16
574000 16
575000 16
576000 16
577000 16
578000 16
579000 16
580000 16
581000 16
582000 16
583000 16
584000 16
585000 16
586000 16
587000 16
588000 16
589000 16
590000 16
591000 16
592000 16
593000 16
594000 16
595000 16
596000 16
597000 16
598000 16
599000 16
600000 16
601000 16
602000 16
603000 16
604000 16
605000 16
606000 16
607000 16
608000 16
609000 16
610000 16
611000 16
612000 16
613000 16
614000 16
615000 16
616000 16
617000 16
618000 16
619000 16
620000 16
621000 16
622000 16
623000 16
624000 16
625000 16
626000 16
627000 16
628000 16
629000 16
630000 16
631000 16
632000 16
633000 16
634000 16
635000 16
636000 16
637000 16
638000 16
639000 16
640000 16
641000 16
642000 16
643000 16
644000 16
645000 16
646000 16
647000 16
648000 16
649000 16
650000 16
651000 16
652000 16
653000 16
654000 16
655000 16
656000 16
657000 16
658000 16
659000 16
660000 16
661000 16
662000 16
663000 16
664000 16
665000 16
666000 16
667000 16
668000 16
669000 16
670000 16
671000 16
672000 16
673000 16
674000 16
675000 16
676000 16
677000 16
678000 16
679000 16
680000 16
681000 16
682000 16
683000 16
684000 16
685000 16
686000 16
687000 16
688000 16
689000 16
690000 16
691000 16
692000 16
693000 16
694000 16
695000 16
696000 16
697000 16
698000 16
699000 16
700000 16
701000 16
702000 16
703000 16
704000 16
705000 16
706000 16
707000 16
708000 16
709000 16
710000 16
711000 16
712000 16
713000 16
714000 16
715000 16
716000 16
717000 16
718000 16
719000 16
720000 16
721000 16
722000 16
723000 16
724000 16
725000 16
726000 16
727000 16
728000 16
729000 16
730000 16
731000 16
732000 16
733000 16
734000 16
735000 16
736000 16
737000 16
738000 16
739000 16
740000 16
741000 16
742000 16
743000 16
744000 16
745000 16
746000 16
747000 16
748000 16
749000 16
750000 16
751000 16
752000 16
753000 16
754000 16
755000 16
756000 16
757000 16
758000 16
759000 16
760000 16
761000 16
762000 16
763000 16
764000 16
765000 16
766000 16
767000 16
768000 16
769000 16
770000 16
771000 16
772000 16
773000 16
774000 16
775000 16
776000 16
777000 16
778000 16
779000 16
780000 16
781000 16
782000 16
783000 16
784000 16
785000 16
786000 16
787000 16
788000 16
789000 16
790000 16
791000 16
792000 16
793000 16
794000 16
795000 16
796000 16
797000 16
798000 16
799000 16
800000 16
801000 16
802000 16
803000 16
804000 16
805000 16
806000 16
807000 16
808000 16
809000 16
810000 16
811000 16
812000 16
813000 16
814000 16
815000 16
816000 16
817000 16
818000 16
819000 16
820000 16
821000 16
822000 16
823000 16
824000 16
825000 16
826000 16
827000 16
828000 16
829000 16
830000 16
831000 16
832000 16
833000 16
834000 16
835000 16
836000 16
837000 16
838000 16
839000 16
840000 16
841000 16
842000 16
843000 16
844000 16
845000 16
846000 16
847000 16
848000 16
849000 16
850000 16
851000 16
852000 16
853000 16
854000 16
855000 16
856000 16
857000 16
858000 16
859000 16
860000 16
861000 16
862000 16
863000 16
864000 16
865000 16
866000 16
867000 16
868000 16
869000 16
870000 16
871000 16
872000 16
873000 16
874000 16
875000 16
876000 16
877000 16
878000 16
879000 16
880000 16
881000 16
882000 16
883000 16
884000 16
885000 16
886000 16
887000 16
888000 16
889000 16
890000 16
891000 16
892000 16
893000 16
894000 16
895000 16
896000 16
897000 16
898000 16
899000 16
900000 16
901000 16
902000 16
903000 16
904000 16
905000 16
906000 16
907000 16
908000 16
909000 16
910000 16
911000 16
912000 16
913000 16
914000 16
915000 16
916000 16
917000 16
918000 16
919000 16
920000 16
921000 16
922000 16
923000 16
924000 16
925000 16
926000 16
927000 16
928000 16
929000 16
930000 16
931000 16
932000 16
933000 16
934000 16
935000 16
936000 16
937000 16
938000 16
939000 16
940000 16
941000 16
942000 16
943000 16
944000 16
945000 16
946000 16
947000 16
948000 16
949000 16
950000 16
951000 16
952000 16
953000 16
954000 16
955000 16
956000 16
957000 16
958000 16
959000 16
960000 16
961000 16
962000 16
963000 16
964000 16
965000 16
966000 16
967000 16
968000 16
969000 16
970000 16
971000 16
972000 16
973000 16
974000 16
975000 16
976000 16
977000 16
978000 16
979000 16
980000 16
981000 16
982000 16
983000 16
984000 16
985000 16
986000 16
987000 16
988000 16
989000 16
990000 16
991000 16
992000 16
993000 16
994000 16
995000 16
996000 16
997000 16
998000 16
999000 16
1000000 16
1001000 16
1002000 16
1003000 16
1004000 16
1005000 16
1006000 16
1007000 16
1008000 16
1009000 16
1010000 16
1011000 16
1012000 16
1013000 16
1014000 16
1015000 16
1016000 16
1017000 16
1018000 16
1019000 16
1020000 16
1021000 16
1022000 16
1023000 16
1024000 16
1025000 16
1026000 16
1027000 16
1028000 16
1029000 16
1030000 16
1031000 16
1032000 16
1033000 16
1034000 16
1035000 16
1036000 16
1037000 16
1038000 16
1039000 16
1040000 16
1041000 16
1042000 16
1043000 16
1044000 16
1045000 16
1046000 16
1047000 16
1048000 16
1049000 16
1050000 16
1051000 16
1052000 16
1053000 16
1054000 16
1055000 16
1056000 16
1057000 16
1058000 16
1059000 16
1060000 16
1061000 16
1062000 16
1063000 16
1064000 16
1065000 16
1066000 16
1067000 16
1068000 16
1069000 16
1070000 16
1071000 16
1072000 16
1073000 16
1074000 16
1075000 16
1076000 16
1077000 16
1078000 16
1079000 16
1080000 16
1081000 16
1082000 16
1083000 16
1084000 16
1085000 16
1086000 16
1087000 16
1088000 16
1089000 16
1090000 16
1091000 16
1092000 16
1093000 16
1094000 16
1095000 16
1096000 16
1097000 16
1098000 16
1099000 16
1100000 16
1101000 16
1102000 16
1103000 16
1104000 16
1105000 16
1106000 16
1107000 16
1108000 16
1109000 16
1110000 16
1111000 16
1112000 16
1113000 16
1114000 16
1115000 16
1116000 16
1117000 16
1118000 16
1119000 16
1120000 16
1121000 16
1122000 16
1123000 16
1124000 16
1125000 16
1126000 16
1127000 16
1128000 16
1129000 16
1130000 16
1131000 16
1132000 16
1133000 16
1134000 16
1135000 16
1136000 16
1137000 16
1138000 16
1139000 16
1140000 16
1141000 16
1142000 16
1143000 16
1144000 16
1145000 16
1146000 16
1147000 16
1148000 16
1149000 16
1150000 16
1151000 16
1152000 16
1153000 16
1154000 16
1155000 16
1156000 16
1157000 16
1158000 16
1159000 16
1160000 16
1161000 16
1162000 16
1163000 16
1164000 16
1165000 16
1166000 16
1167000 16
1168000 16
1169000 16
1170000 16
1171000 16
1172000 16
1173000 16
1174000 16
1175000 16
1176000 16
1177000 16
1178000 16
1179000 16
1180000 16
1181000 16
1182000 16
1183000 16
1184000 16
1185000 16
1186000 16
1187000 16
1188000 16
1189000 16
1190000 16
1191000 16
1192000 16
1193000 16
1194000 16
1195000 16
1196000 16
1197000 16
1198000 16
1199000 16
1200000 16
1201000 16
1202000 16
1203000 16
1204000 16
1205000 16
1206000 16
1207000 16
1208000 16
1209000 16
1210000 16
1211000 16
1212000 16
1213000 16
1214000 16
1215000 16
1216000 16
1217000 16
1218000 16
1219000 16
1220000 16
1221000 16
1222000 16
1223000 16
1224000 16
1225000 16
1226000 16
1227000 16
1228000 16
1229000 16
1230000 16
1231000 16
1232000 16
1233000 16
1234000 16
1235000 16
1236000 16
1237000 16
1238000 16
1239000 16
1240000 16
1241000 16
1242000 16
1243000 16
1244000 16
1245000 16
1246000 16
1247000 16
1248000 16
1249000 16
1250000 16
1251000 16
1252000 16
1253000 16
1254000 16
1255000 16
1256000 16
1257000 16
1258000 16
1259000 16
1260000 16
1261000 16
1262000 16
1263000 16
1264000 16
1265000 16
1266000 16
1267000 16
1268000 16
1269000 16
1270000 16
1271000 16
1272000 16
1273000 16
1274000 16
1275000 16
1276000 16
1277000 16
1278000 16
1279000 16
1280000 16
1281000 16
1282000 16
1283000 16
1284000 16
1285000 16
1286000 16
1287000 16
1288000 16
1289000 16
1290000 16
1291000 16
1292000 16
1293000 16
1294000 16
1295000 16
1296000 16
1297000 16
1298000 16
1299000 16
1300000 16
1301000 16
1302000 16
1303000 16
1304000 16
1305000 16
1306000 16
1307000 16
1308000 16
1309000 16
1310000 16
1311000 16
1312000 16
1313000 16
1314000 16
1315000 16
1316000 16
1317000 16
1318000 16
1319000 16
1320000 16
1321000 16
1322000 16
1323000 16
1324000 16
1325000 16
1326000 16
1327000 16
1328000 16
1329000 16
1330000 16
1331000 16
1332000 16
1333000 16
1334000 16
1335000 16
1336000 16
1337000 16
1338000 16
1339000 16
1340000 16
1341000 16
1342000 16
1343000 16
1344000 16
1345000 16
1346000 16
1347000 16
1348000 16
1349000 16
1350000 16
1351000 16
1352000 16
1353000 16
1354000 16
1355000 16
1356000 16
1357000 16
1358000 16
1359000 16
1360000 16
1361000 16
1362000 16
1363000 16
1364000 16
1365000 16
1366000 16
1367000 16
1368000 16
1369000 16
1370000 16
1371000 16
1372000 16
1373000 16
1374000 16
1375000 16
1376000 16
1377000 16
1378000 16
1379000 16
1380000 16
1381000 16
1382000 16
1383000 16
1384000 16
1385000 16
1386000 16
1387000 16
1388000 16
1389000 16
1390000 16
1391000 16
1392000 16
1393000 16
1394000 16
1395000 16
1396000 16
1397000 16
1398000 16
1399000 16
1400000 16
1401000 16
1402000 16
1403000 16
1404000 16
1405000 16
1406000 16
1407000 16
1408000 16
1409000 16
1410000 16
1411000 16
1412000 16
1413000 16
1414000 16
1415000 16
1416000 16
1417000 16
1418000 16
1419000 16
1420000 16
1421000 16
1422000 16
1423000 16
1424000 16
1425000 16
1426000 16
1427000 16
1428000 16
1429000 16
1430000 16
1431000 16
1432000 16
1433000 16
1434000 16
1435000 16
1436000 16
1437000 16
1438000 16
1439000 16
1440000 16
1441000 16
1442000 16
1443000 16
1444000 16
1445000 16
1446000 16
1447000 16
1448000 16
1449000 16
1450000 16
1451000 16
1452000 16
1453000 16
1454000 16
1455000 16
1456000 16
1457000 16
1458000 16
1459000 16
1460000 16
1461000 16
1462000 16
1463000 16
1464000 16
1465000 16
1466000 16
1467000 16
1468000 16
1469000 16
1470000 16
1471000 16
1472000 16
1473000 16
1474000 16
1475000 16
1476000 16
1477000 16
1478000 16
1479000 16
1480000 16
1481000 16
1482000 16
1483000 16
1484000 16
1485000 16
1486000 16
1487000 16
1488000 16
1489000 16
1490000 16
1491000 16
1492000 16
1493000 16
1494000 16
1495000 16
1496000 16
1497000 16
1498000 16
1499000 16
1500000 16
1501000 16
1502000 16
1503000 16
1504000 16
1505000 16
1506000 16
1507000 16
1508000 16
1509000 16
1510000 16
1511000 16
1512000 16
1513000 16
1514000 16
1515000 16
1516000 16
1517000 16
1518000 16
1519000 16
1520000 16
1521000 16
1522000 16
1523000 16
1524000 16
1525000 16
1526000 16
1527000 16
1528000 16
1529000 16
1530000 16
1531000 16
1532000 16
1533000 16
1534000 16
1535000 16
1536000 16
1537000 16
1538000 16
1539000 16
1540000 16
1541000 16
1542000 16
1543000 16
1544000 16
1545000 16
1546000 16
1547000 16
1548000 16
1549000 16
1550000 16
1551000 16
1552000 16
1553000 16
1554000 16
1555000 16
1556000 16
1557000 16
1558000 16
1559000 16
1560000 16
1561000 16
1562000 16
1563000 16
1564000 16
1565000 16
1566000 16
1567000 16
1568000 16
1569000 16
1570000 16
1571000 16
1572000 16
1573000 16
1574000 16
1575000 16
1576000 16
1577000 16
1578000 16
1579000 16
1580000 16
1581000 16
1582000 16
1583000 16
1584000 16
1585000 16
1586000 16
1587000 16
1588000 16
1589000 16
1590000 16
1591000 16
1592000 16
1593000 16
1594000 16
1595000 16
1596000 16
1597000 16
1598000 16
1599000 16
1600000 16
1601000 16
1602000 16
1603000 16
1604000 16
1605000 16
1606000 16
1607000 16
1608000 16
1609000 16
1610000 16
1611000 16
1612000 16
1613000 16
1614000 16
1615000 16
1616000 16
1617000 16
1618000 16
1619000 16
1620000 16
1621000 16
1622000 16
1623000 16
1624000 16
1625000 16
1626000 16
1627000 16
1628000 16
1629000 16
1630000 16
1631000 16
1632000 16
1633000 16
1634000 16
1635000 16
1636000 16
1637000 16
1638000 16
1639000 16
1640000 16
1641000 16
1642000 16
1643000 16
1644000 16
1645000 16
1646000 16
1647000 16
1648000 16
1649000 16
1650000 16
1651000 16
1652000 16
1653000 16
1654000 16
1655000 16
1656000 16
1657000 16
1658000 16
1659000 16
1660000 16
1661000 16
1662000 16
1663000 16
1664000 16
1665000 16
1666000 16
1667000 16
1668000 16
1669000 16
1670000 16
1671000 16
1672000 16
1673000 16
1674000 16
1675000 16
1676000 16
1677000 16
1678000 16
1679000 16
1680000 16
1681000 16
1682000 16
1683000 16
1684000 16
1685000 16
1686000 16
1687000 16
1688000 16
1689000 16
1690000 16
1691000 16
1692000 16
1693000 16
1694000 16
1695000 16
1696000 16
1697000 16
1698000 16
1699000 16
1700000 16
1701000 16
1702000 16
1703000 16
1704000 16
1705000 16
1706000 16
1707000 16
1708000 16
1709000 16
1710000 16
1711000 16
1712000 16
1713000 16
1714000 16
1715000 16
1716000 16
1717000 16
1718000 16
1719000 16
1720000 16
1721000 16
1722000 16
1723000 16
1724000 16
1725000 16
1726000 16
1727000 16
1728000 16
1729000 16
1730000 16
1731000 16
1732000 16
1733000 16
1734000 16
1735000 16
1736000 16
1737000 16
1738000 16
1739000 16
1740000 16
1741000 16
1742000 16
1743000 16
1744000 16
1745000 16
1746000 16
1747000 16
1748000 16
1749000 16
1750000 16
1751000 16
1752000 16
1753000 16
1754000 16
1755000 16
1756000 16
1757000 16
1758000 16
1759000 16
1760000 16
1761000 16
1762000 16
1763000 16
1764000 16
1765000 16
1766000 16
1767000 16
1768000 16
1769000 16
1770000 16
1771000 16
1772000 16
1773000 16
1774000 16
1775000 16
1776000 16
1777000 16
1778000 16
1779000 16
1780000 16
1781000 16
1782000 16
1783000 16
1784000 16
1785000 16
1786000 16
1787000 16
1788000 16
1789000 16
1790000 16
1791000 16
1792000 16
1793000 16
1794000 16
1795000 16
1796000 16
1797000 16
1798000 16
1799000 16
1800000 16
1801000 16
1802000 16
1803000 16
1804000 16
1805000 16
1806000 16
1807000 16
1808000 16
1809000 16
1810000 16
1811000 16
1812000 16
1813000 16
1814000 16
1815000 16
1816000 16
1817000 16
1818000 16
1819000 16
1820000 16
1821000 16
1822000 16
1823000 16
1824000 16
1825000 16
1826000 16
1827000 16
1828000 16
1829000 16
1830000 16
1831000 16
1832000 16
1833000 16
1834000 16
1835000 16
1836000 16
1837000 16
1838000 16
1839000 16
1840000 16
1841000 16
1842000 16
1843000 16
1844000 16
1845000 16
1846000 16
1847000 16
1848000 16
1849000 16
1850000 16
1851000 16
1852000 16
1853000 16
1854000 16
1855000 16
1856000 16
1857000 16
1858000 16
1859000 16
1860000 16
1861000 16
1862000 16
1863000 16
1864000 16
1865000 16
1866000 16
1867000 16
1868000 16
1869000 16
1870000 16
1871000 16
1872000 16
1873000 16
1874000 16
1875000 16
1876000 16
1877000 16
1878000 16
1879000 16
1880000 16
1881000 16
1882000 16
1883000 16
1884000 16
1885000 16
1886000 16
1887000 16
1888000 16
1889000 16
1890000 16
1891000 16
1892000 16
1893000 16
1894000 16
1895000 16
1896000 16
1897000 16
1898000 16
1899000 16
1900000 16
1901000 16
1902000 16
1903000 16
1904000 16
1905000 16
1906000 16
1907000 16
1908000 16
1909000 16
1910000 16
1911000 16
1912000 16
1913000 16
1914000 16
1915000 16
1916000 16
1917000 16
1918000 16
1919000 16
1920000 16
1921000 16
1922000 16
1923000 16
1924000 16
1925000 16
1926000 16
1927000 16
1928000 16
1929000 16
1930000 16
1931000 16
1932000 16
1933000 16
1934000 16
1935000 16
1936000 16
1937000 16
1938000 16
1939000 16
1940000 16
1941000 16
1942000 16
1943000 16
1944000 16
1945000 16
1946000 16
1947000 16
1948000 16
1949000 16
1950000 16
1951000 16
1952000 16
1953000 16
1954000 16
1955000 16
1956000 16
1957000 16
1958000 16
1959000 16
1960000 16
1961000 16
1962000 16
1963000 16
1964000 16
1965000 16
1966000 16
1967000 16
1968000 16
1969000 16
1970000 16
1971000 16
1972000 16
1973000 16
1974000 16
1975000 16
1976000 16
1977000 16
1978000 16
1979000 16
1980000 16
1981000 16
1982000 16
1983000 16
1984000 16
1985000 16
1986000 16
1987000 16
1988000 16
1989000 16
1990000 16
1991000 16
1992000 16
1993000 16
1994000 16
1995000 16
1996000 16
1997000 16
1998000 16
1999000 16
2000000 16
2001000 16
2002000 16
2003000 16
2004000 16
2005000 16
2006000 16
2007000 16
2008000 16
2009000 16
2010000 16
2011000 16
2012000 16
2013000 16
2014000 16
2015000 16
2016000 16
2017000 16
2018000 16
2019000 16
2020000 16
2021000 16
2022000 16
2023000 16
2024000 16
2025000 16
2026000 16
2027000 16
2028000 16
2029000 16
2030000 16
2031000 16
2032000 16
2033000 16
2034000 16
2035000 16
2036000 16
2037000 16
2038000 16
2039000 16
2040000 16
2041000 16
2042000 16
2043000 16
2044000 16
2045000 16
2046000 16
2047000 16
2048000 16
2049000 16
2050000 16
2051000 16
2052000 16
2053000 16
2054000 16
2055000 16
2056000 16
2057000 16
2058000 16
2059000 16
2060000 16
2061000 16
2062000 16
2063000 16
2064000 16
2065000 16
2066000 16
2067000 16
2068000 16
2069000 16
2070000 16
2071000 16
2072000 16
2073000 16
2074000 16
2075000 16
2076000 16
2077000 16
2078000 16
2079000 16
2080000 16
2081000 16
2082000 16
2083000 16
2084000 16
2085000 16
2086000 16
2087000 16
2088000 16
2089000 16
2090000 16
2091000 16
2092000 16
2093000 16
2094000 16
2095000 16
2096000 16
2097000 16
2098000 16
2099000 16
2100000 16
2101000 16
2102000 16
2103000 16
2104000 16
2105000 16
2106000 16
2107000 16
2108000 16
2109000 16
2110000 16
2111000 16
2112000 16
2113000 16
2114000 16
2115000 16
2116000 16
2117000 16
2118000 16
2119000 16
2120000 16
2121000 16
2122000 16
2123000 16
2124000 16
2125000 16
2126000 16
2127000 16
2128000 16
2129000 16
2130000 16
2131000 16
2132000 16
2133000 16
2134000 16
2135000 16
2136000 16
2137000 16
2138000 16
2139000 16
2140000 16
2141000 16
2142000 16
2143000 16
2144000 16
2145000 16
2146000 16
2147000 16
2148000 16
2149000 16
2150000 16
2151000 16
2152000 16
2153000 16
2154000 16
2155000 16
2156000 16
2157000 16
2158000 16
2159000 16
2160000 16
2161000 16
2162000 16
2163000 16
2164000 16
2165000 16
2166000 16
2167000 16
2168000 16
2169000 16
2170000 16
2171000 16
2172000 16
2173000 16
2174000 16
2175000 16
2176000 16
2177000 16
2178000 16
2179000 16
2180000 16
2181000 16
2182000 16
2183000 16
2184000 16
2185000 16
2186000 16
2187000 16
2188000 16
2189000 16
2190000 16
2191000 16
2192000 16
2193000 16
2194000 16
2195000 16
2196000 16
2197000 16
2198000 16
2199000 16
2200000 16
2201000 16
2202000 16
2203000 16
2204000 16
2205000 16
2206000 16
2207000 16
2208000 16
2209000 16
2210000 16
2211000 16
2212000 16
2213000 16
2214000 16
2215000 16
2216000 16
2217000 16
2218000 16
2219000 16
2220000 16
2221000 16
2222000 16
2223000 16
2224000 16
2225000 16
2226000 16
2227000 16
2228000 16
2229000 16
2230000 16
2231000 16
2232000 16
2233000 16
2234000 16
2235000 16
2236000 16
2237000 16
2238000 16
2239000 16
2240000 16
2241000 16
2242000 16
2243000 16
2244000 16
2245000 16
2246000 16
2247000 16
2248000 16
2249000 16
2250000 16
2251000 16
2252000 16
2253000 16
2254000 16
2255000 16
2256000 16
2257000 16
2258000 16
2259000 16
2260000 16
2261000 16
2262000 16
2263000 16
2264000 16
2265000 16
2266000 16
2267000 16
2268000 16
2269000 16
2270000 16
2271000 16
2272000 16
2273000 16
2274000 16
2275000 16
2276000 16
2277000 16
2278000 16
2279000 16
2280000 16
2281000 16
2282000 16
2283000 16
2284000 16
2285000 16
2286000 16
2287000 16
2288000 16
2289000 16
2290000 16
2291000 16
2292000 16
2293000 16
2294000 16
2295000 16
2296000 16
2297000 16
2298000 16
2299000 16
2300000 16
2301000 16
2302000 16
2303000 16
2304000 16
2305000 16
2306000 16
2307000 16
2308000 16
2309000 16
2310000 16
2311000 16
2312000 16
2313000 16
2314000 16
2315000 16
2316000 16
2317000 16
2318000 16
2319000 16
2320000 16
2321000 16
2322000 16
2323000 16
2324000 16
2325000 16
2326000 16
2327000 16
2328000 16
2329000 16
2330000 16
2331000 16
2332000 16
2333000 16
2334000 16
2335000 16
2336000 16
2337000 16
2338000 16
2339000 16
2340000 16
2341000 16
2342000 16
2343000 16
2344000 16
2345000 16
2346000 16
2347000 16
2348000 16
2349000 16
2350000 16
2351000 16
2352000 16
2353000 16
2354000 16
2355000 16
2356000 16
2357000 16
2358000 16
2359000 16
2360000 16
2361000 16
2362000 16
2363000 16
2364000 16
2365000 16
2366000 16
2367000 16
2368000 16
2369000 16
2370000 16
2371000 16
2372000 16
2373000 16
2374000 16
2375000 16
2376000 16
2377000 16
2378000 16
2379000 16
2380000 16
2381000 16
2382000 16
2383000 16
2384000 16
2385000 16
2386000 16
2387000 16
2388000 16
2389000 16
2390000 16
2391000 16
2392000 16
2393000 16
2394000 16
2395000 16
2396000 16
2397000 16
2398000 16
2399000 16
2400000 16
2401000 16
2402000 16
2403000 16
2404000 16
2405000 16
2406000 16
2407000 16
2408000 16
2409000 16
2410000 16
2411000 16
2412000 16
2413000 16
2414000 16
2415000 16
2416000 16
2417000 16
2418000 16
2419000 16
2420000 16
2421000 16
2422000 16
2423000 16
2424000 16
2425000 16
2426000 16
2427000 16
2428000 16
2429000 16
2430000 16
2431000 16
2432000 16
2433000 16
2434000 16
2435000 16
2436000 16
2437000 16
2438000 16
2439000 16
2440000 16
2441000 16
2442000 16
2443000 16
2444000 16
2445000 16
2446000 16
2447000 16
2448000 16
2449000 16
2450000 16
2451000 16
2452000 16
2453000 16
2454000 16
2455000 16
2456000 16
2457000 16
2458000 16
2459000 16
2460000 16
2461000 16
2462000 16
2463000 16
2464000 16
2465000 16
2466000 16
2467000 16
2468000 16
2469000 16
2470000 16
2471000 16
2472000 16
2473000 16
2474000 16
2475000 16
2476000 16
2477000 16
2478000 16
2479000 16
2480000 16
2481000 16
2482000 16
2483000 16
2484000 16
2485000 16
2486000 16
2487000 16
2488000 16
2489000 16
2490000 16
2491000 16
2492000 16
2493000 16
2494000 16
2495000 16
2496000 16
2497000 16
2498000 16
2499000 16
2500000 16
2501000 16
2502000 16
2503000 16
2504000 16
2505000 16
2506000 16
2507000 16
2508000 16
2509000 16
2510000 16
2511000 16
2512000 16
2513000 16
2514000 16
2515000 16
2516000 16
2517000 16
2518000 16
2519000 16
2520000 16
2521000 16
2522000 16
2523000 16
2524000 16
2525000 16
2526000 16
2527000 16
2528000 16
2529000 16
2530000 16
2531000 16
2532000 16
2533000 16
2534000 16
2535000 16
2536000 16
2537000 16
2538000 16
2539000 16
2540000 16
2541000 16
2542000 16
2543000 16
2544000 16
2545000 16
2546000 16
2547000 16
2548000 16
2549000 16
2550000 16
2551000 16
2552000 16
2553000 16
2554000 16
2555000 16
2556000 16
2557000 16
2558000 16
2559000 16
2560000 16
2561000 16
2562000 16
2563000 16
2564000 16
2565000 16
2566000 16
2567000 16
2568000 16
2569000 16
2570000 16
2571000 16
2572000 16
2573000 16
2574000 16
2575000 16
2576000 16
2577000 16
2578000 16
2579000 16
2580000 16
2581000 16
2582000 16
2583000 16
2584000 16
2585000 16
2586000 16
2587000 16
2588000 16
2589000 16
2590000 16
2591000 16
2592000 16
2593000 16
2594000 16
2595000 16
2596000 16
2597000 16
2598000 16
2599000 16
2600000 16
2601000 16
2602000 16
2603000 16
2604000 16
2605000 16
2606000 16
2607000 16
2608000 16
2609000 16
2610000 16
2611000 16
2612000 16
2613000 16
2614000 16
2615000 16
2616000 16
2617000 16
2618000 16
2619000 16
2620000 16
2621000 16
2622000 16
2623000 16
2624000 16
2625000 16
2626000 16
2627000 16
2628000 16
2629000 16
2630000 16
2631000 16
2632000 16
2633000 16
2634000 16
2635000 16
2636000 16
2637000 16
2638000 16
2639000 16
2640000 16
2641000 16
2642000 16
2643000 16
2644000 16
2645000 16
2646000 16
2647000 16
2648000 16
2649000 16
2650000 16
2651000 16
2652000 16
2653000 16
2654000 16
2655000 16
2656000 16
2657000 16
2658000 16
2659000 16
2660000 16
2661000 16
2662000 16
2663000 16
2664000 16
2665000 16
2666000 16
2667000 16
2668000 16
2669000 16
2670000 16
2671000 16
2672000 16
2673000 16
2674000 16
2675000 16
2676000 16
2677000 16
2678000 16
2679000 16
2680000 16
2681000 16
2682000 16
2683000 16
2684000 16
2685000 16
2686000 16
2687000 16
2688000 16
2689000 16
2690000 16
2691000 16
2692000 16
2693000 16
2694000 16
2695000 16
2696000 16
2697000 16
2698000 16
2699000 16
2700000 16
2701000 16
2702000 16
2703000 16
2704000 16
2705000 16
2706000 16
2707000 16
2708000 16
2709000 16
2710000 16
2711000 16
2712000 16
2713000 16
2714000 16
2715000 16
2716000 16
2717000 16
2718000 16
2719000 16
2720000 16
2721000 16
2722000 16
2723000 16
2724000 16
2725000 16
2726000 16
2727000 16
2728000 16
2729000 16
2730000 16
2731000 16
2732000 16
2733000 16
2734000 16
2735000 16
2736000 16
2737000 16
2738000 16
2739000 16
2740000 16
2741000 16
2742000 16
2743000 16
2744000 16
2745000 16
2746000 16
2747000 16
2748000 16
2749000 16
2750000 16
2751000 16
2752000 16
2753000 16
2754000 16
2755000 16
2756000 16
2757000 16
2758000 16
2759000 16
2760000 16
2761000 16
2762000 16
2763000 16
2764000 16
2765000 16
2766000 16
2767000 16
2768000 16
2769000 16
2770000 16
2771000 16
2772000 16
2773000 16
2774000 16
2775000 16
2776000 16
2777000 16
2778000 16
2779000 16
2780000 16
2781000 16
2782000 16
2783000 16
2784000 16
2785000 16
2786000 16
2787000 16
2788000 16
2789000 16
2790000 16
2791000 16
2792000 16
2793000 16
2794000 16
2795000 16
2796000 16
2797000 16
2798000 16
2799000 16
2800000 16
2801000 16
2802000 16
2803000 16
2804000 16
2805000 16
2806000 16
2807000 16
2808000 16
2809000 16
2810000 16
2811000 16
2812000 16
2813000 16
2814000 16
2815000 16
2816000 16
2817000 16
2818000 16
2819000 16
2820000 16
2821000 16
2822000 16
2823000 16
2824000 16
2825000 16
2826000 16
2827000 16
2828000 16
2829000 16
2830000 16
2831000 16
2832000 16
2833000 16
2834000 16
2835000 16
2836000 16
2837000 16
2838000 16
2839000 16
2840000 16
2841000 16
2842000 16
2843000 16
2844000 16
2845000 16
2846000 16
2847000 16
2848000 16
2849000 16
2850000 16
2851000 16
2852000 16
2853000 16
2854000 16
2855000 16
2856000 16
2857000 16
2858000 16
2859000 16
2860000 16
2861000 16
2862000 16
2863000 16
2864000 16
2865000 16
2866000 16
2867000 16
2868000 16
2869000 16
2870000 16
2871000 16
2872000 16
2873000 16
2874000 16
2875000 16
2876000 16
2877000 16
2878000 16
2879000 16
2880000 16
2881000 16
2882000 16
2883000 16
2884000 16
2885000 16
2886000 16
2887000 16
2888000 16
2889000 16
2890000 16
2891000 16
2892000 16
2893000 16
2894000 16
2895000 16
2896000 16
2897000 16
2898000 16
2899000 16
2900000 16
2901000 16
2902000 16
2903000 16
2904000 16
2905000 16
2906000 16
2907000 16
2908000 16
2909000 16
2910000 16
2911000 16
2912000 16
2913000 16
2914000 16
2915000 16
2916000 16
2917000 16
2918000 16
2919000 16
2920000 16
2921000 16
2922000 16
2923000 16
2924000 16
2925000 16
2926000 16
2927000 16
2928000 16
2929000 16
2930000 16
2931000 16
2932000 16
2933000 16
2934000 16
2935000 16
2936000 16
2937000 16
2938000 16
2939000 16
2940000 16
2941000 16
2942000 16
2943000 16
2944000 16
2945000 16
2946000 16
2947000 16
2948000 16
2949000 16
2950000 16
2951000 16
2952000 16
2953000 16
2954000 16
2955000 16
2956000 16
2957000 16
2958000 16
2959000 16
2960000 16
2961000 16
2962000 16
2963000 16
2964000 16
2965000 16
2966000 16
2967000 16
2968000 16
2969000 16
2970000 16
2971000 16
2972000 16
2973000 16
2974000 16
2975000 16
2976000 16
2977000 16
2978000 16
2979000 16
2980000 16
2981000 16
2982000 16
2983000 16
2984000 16
2985000 16
2986000 16
2987000 16
2988000 16
2989000 16
2990000 16
2991000 16
2992000 16
2993000 16
2994000 16
2995000 16
2996000 16
2997000 16
2998000 16
2999000 16
3000000 16
3001000 16
3002000 16
3003000 16
3004000 16
3005000 16
3006000 16
3007000 16
3008000 16
3009000 16
3010000 16
3011000 16
3012000 16
3013000 16
3014000 16
3015000 16
3016000 16
3017000 16
3018000 16
3019000 16
3020000 16
3021000 16
3022000 16
3023000 16
3024000 16
3025000 16
3026000 16
3027000 16
3028000 16
3029000 16
3030000 16
3031000 16
3032000 16
3033000 16
3034000 16
3035000 16
3036000 16
3037000 16
3038000 16
3039000 16
3040000 16
3041000 16
3042000 16
3043000 16
3044000 16
3045000 16
3046000 16
3047000 16
3048000 16
3049000 16
3050000 16
3051000 16
3052000 16
3053000 16
3054000 16
3055000 16
3056000 16
3057000 16
3058000 16
3059000 16
3060000 16
3061000 16
3062000 16
3063000 16
3064000 16
3065000 16
3066000 16
3067000 16
3068000 16
3069000 16
3070000 16
3071000 16
3072000 16
3073000 16
3074000 16
3075000 16
3076000 16
3077000 16
3078000 16
3079000 16
3080000 16
3081000 16
3082000 16
3083000 16
3084000 16
3085000 16
3086000 16
3087000 16
3088000 16
3089000 16
3090000 16
3091000 16
3092000 16
3093000 16
3094000 16
3095000 16
3096000 16
3097000 16
3098000 16
3099000 16
3100000 16
3101000 16
3102000 16
3103000 16
3104000 16
3105000 16
3106000 16
3107000 16
3108000 16
3109000 16
3110000 16
3111000 16
3112000 16
3113000 16
3114000 16
3115000 16
3116000 16
3117000 16
3118000 16
3119000 16
3120000 16
3121000 16
3122000 16
3123000 16
3124000 16
3125000 16
3126000 16
3127000 16
3128000 16
3129000 16
3130000 16
3131000 16
3132000 16
3133000 16
3134000 16
3135000 16
3136000 16
3137000 16
3138000 16
3139000 16
3140000 16
3141000 16
3142000 16
3143000 16
3144000 16
3145000 16
3146000 16
3147000 16
3148000 16
3149000 16
3150000 16
3151000 16
3152000 16
3153000 16
3154000 16
3155000 16
3156000 16
3157000 16
3158000 16
3159000 16
3160000 16
3161000 16
3162000 16
3163000 16
3164000 16
3165000 16
3166000 16
3167000 16
3168000 16
3169000 16
3170000 16
3171000 16
3172000 16
3173000 16
3174000 16
3175000 16
3176000 16
3177000 16
3178000 16
3179000 16
3180000 16
3181000 16
3182000 16
3183000 16
3184000 16
3185000 16
3186000 16
3187000 16
3188000 16
3189000 16
3190000 16
3191000 16
3192000 16
3193000 16
3194000 16
3195000 16
3196000 16
3197000 16
3198000 16
3199000 16
3200000 16
3201000 16
3202000 16
3203000 16
3204000 16
3205000 16
3206000 16
3207000 16
3208000 16
3209000 16
3210000 16
3211000 16
3212000 16
3213000 16
3214000 16
3215000 16
3216000 16
3217000 16
3218000 16
3219000 16
3220000 16
3221000 16
3222000 16
3223000 16
3224000 16
3225000 16
3226000 16
3227000 16
3228000 16
3229000 16
3230000 16
3231000 16
3232000 16
3233000 16
3234000 16
3235000 16
3236000 16
3237000 16
3238000 16
3239000 16
3240000 16
3241000 16
3242000 16
3243000 16
3244000 16
3245000 16
3246000 16
3247000 16
3248000 16
3249000 16
3250000 16
3251000 16
3252000 16
3253000 16
3254000 16
3255000 16
3256000 16
3257000 16
3258000 16
3259000 16
3260000 16
3261000 16
3262000 16
3263000 16
3264000 16
3265000 16
3266000 16
3267000 16
3268000 16
3269000 16
3270000 16
3271000 16
3272000 16
3273000 16
3274000 16
3275000 16
3276000 16
3277000 16
3278000 16
3279000 16
3280000 16
3281000 16
3282000 16
3283000 16
3284000 16
3285000 16
3286000 16
3287000 16
3288000 16
3289000 16
3290000 16
3291000 16
3292000 16
3293000 16
3294000 16
3295000 16
3296000 16
3297000 16
3298000 16
3299000 16
3300000 16
3301000 16
3302000 16
3303000 16
3304000 16
3305000 16
3306000 16
3307000 16
3308000 16
3309000 16
3310000 16
3311000 16
3312000 16
3313000 16
3314000 16
3315000 16
3316000 16
3317000 16
3318000 16
3319000 16
3320000 16
3321000 16
3322000 16
3323000 16
3324000 16
3325000 16
3326000 16
3327000 16
3328000 16
3329000 16
3330000 16
3331000 16
3332000 16
3333000 16
3334000 16
3335000 16
3336000 16
3337000 16
3338000 16
3339000 16
3340000 16
3341000 16
3342000 16
3343000 16
3344000 16
3345000 16
3346000 16
3347000 16
3348000 16
3349000 16
3350000 16
3351000 16
3352000 16
3353000 16
3354000 16
3355000 16
3356000 16
3357000 16
3358000 16
3359000 16
3360000 16
3361000 16
3362000 16
3363000 16
3364000 16
3365000 16
3366000 16
3367000 16
3368000 16
3369000 16
3370000 16
3371000 16
3372000 16
3373000 16
3374000 16
3375000 16
3376000 16
3377000 16
3378000 16
3379000 16
3380000 16
3381000 16
3382000 16
3383000 16
3384000 16
3385000 16
3386000 16
3387000 16
3388000 16
3389000 16
3390000 16
3391000 16
3392000 16
3393000 16
3394000 16
3395000 16
3396000 16
3397000 16
3398000 16
3399000 16
3400000 16
3401000 16
3402000 16
3403000 16
3404000 16
3405000 16
3406000 16
3407000 16
3408000 16
3409000 16
3410000 16
3411000 16
3412000 16
3413000 16
3414000 16
3415000 16
3416000 16
3417000 16
3418000 16
3419000 16
3420000 16
3421000 16
3422000 16
3423000 16
3424000 16
3425000 16
3426000 16
3427000 16
3428000 16
3429000 16
3430000 16
3431000 16
3432000 16
3433000 16
3434000 16
3435000 16
3436000 16
3437000 16
3438000 16
3439000 16
3440000 16
3441000 16
3442000 16
3443000 16
3444000 16
3445000 16
3446000 16
3447000 16
3448000 16
3449000 16
3450000 16
3451000 16
3452000 16
3453000 16
3454000 16
3455000 16
3456000 16
3457000 16
3458000 16
3459000 16
3460000 16
3461000 16
3462000 16
3463000 16
3464000 16
3465000 16
3466000 16
3467000 16
3468000 16
3469000 16
3470000 16
3471000 16
3472000 16
3473000 16
3474000 16
3475000 16
3476000 16
3477000 16
3478000 16
3479000 16
3480000 16
3481000 16
3482000 16
3483000 16
3484000 16
3485000 16
3486000 16
3487000 16
3488000 16
3489000 16
3490000 16
3491000 16
3492000 16
3493000 16
3494000 16
3495000 16
3496000 16
3497000 16
3498000 16
3499000 16
3500000 16
3501000 16
3502000 16
3503000 16
3504000 16
3505000 16
3506000 16
3507000 16
3508000 16
3509000 16
3510000 16
3511000 16
3512000 16
3513000 16
3514000 16
3515000 16
3516000 16
3517000 16
3518000 16
3519000 16
3520000 16
3521000 16
3522000 16
3523000 16
3524000 16
3525000 16
3526000 16
3527000 16
3528000 16
3529000 16
3530000 16
3531000 16
3532000 16
3533000 16
3534000 16
3535000 16
3536000 16
3537000 16
3538000 16
3539000 16
3540000 16
3541000 16
3542000 16
3543000 16
3544000 16
3545000 16
3546000 16
3547000 16
3548000 16
3549000 16
3550000 16
3551000 16
3552000 16
3553000 16
3554000 16
3555000 16
3556000 16
3557000 16
3558000 16
3559000 16
3560000 16
3561000 16
3562000 16
3563000 16
3564000 16
3565000 16
3566000 16
3567000 16
3568000 16
3569000 16
3570000 16
3571000 16
3572000 16
3573000 16
3574000 16
3575000 16
3576000 16
3577000 16
3578000 16
3579000 16
3580000 16
3581000 16
3582000 16
3583000 16
3584000 16
3585000 16
3586000 16
3587000 16
3588000 16
3589000 16
3590000 16
3591000 16
3592000 16
3593000 16
3594000 16
3595000 16
3596000 16
3597000 16
3598000 16
3599000 16
3600000 16
3601000 16
3602000 16
3603000 16
3604000 16
3605000 16
3606000 16
3607000 16
3608000 16
3609000 16
3610000 16
3611000 16
3612000 16
3613000 16
3614000 16
3615000 16
3616000 16
3617000 16
3618000 16
3619000 16
3620000 16
3621000 16
3622000 16
3623000 16
3624000 16
3625000 16
3626000 16
3627000 16
3628000 16
3629000 16
3630000 16
3631000 16
3632000 16
3633000 16
3634000 16
3635000 16
3636000 16
3637000 16
3638000 16
3639000 16
3640000 16
3641000 16
3642000 16
3643000 16
3644000 16
3645000 16
3646000 16
3647000 16
3648000 16
3649000 16
3650000 16
3651000 16
3652000 16
3653000 16
3654000 16
3655000 16
3656000 16
3657000 16
3658000 16
3659000 16
3660000 16
3661000 16
3662000 16
3663000 16
3664000 16
3665000 16
3666000 16
3667000 16
3668000 16
3669000 16
3670000 16
3671000 16
3672000 16
3673000 16
3674000 16
3675000 16
3676000 16
3677000 16
3678000 16
3679000 16
3680000 16
3681000 16
3682000 16
3683000 16
3684000 16
3685000 16
3686000 16
3687000 16
3688000 16
3689000 16
3690000 16
3691000 16
3692000 16
3693000 16
3694000 16
3695000 16
3696000 16
3697000 16
3698000 16
3699000 16
3700000 16
3701000 16
3702000 16
3703000 16
3704000 16
3705000 16
3706000 16
3707000 16
3708000 16
3709000 16
3710000 16
3711000 16
3712000 16
3713000 16
3714000 16
3715000 16
3716000 16
3717000 16
3718000 16
3719000 16
3720000 16
3721000 16
3722000 16
3723000 16
3724000 16
3725000 16
3726000 16
3727000 16
3728000 16
3729000 16
3730000 16
3731000 16
3732000 16
3733000 16
3734000 16
3735000 16
3736000 16
3737000 16
3738000 16
3739000 16
3740000 16
3741000 16
3742000 16
3743000 16
3744000 16
3745000 16
3746000 16
3747000 16
3748000 16
3749000 16
3750000 16
3751000 16
3752000 16
3753000 16
3754000 16
3755000 16
3756000 16
3757000 16
3758000 16
3759000 16
3760000 16
3761000 16
3762000 16
3763000 16
3764000 16
3765000 16
3766000 16
3767000 16
3768000 16
3769000 16
3770000 16
3771000 16
3772000 16
3773000 16
3774000 16
3775000 16
3776000 16
3777000 16
3778000 16
3779000 16
3780000 16
3781000 16
3782000 16
3783000 16
3784000 16
3785000 16
3786000 16
3787000 16
3788000 16
3789000 16
3790000 16
3791000 16
3792000 16
3793000 16
3794000 16
3795000 16
3796000 16
3797000 16
3798000 16
3799000 16
3800000 16
3801000 16
3802000 16
3803000 16
3804000 16
3805000 16
3806000 16
3807000 16
3808000 16
3809000 16
3810000 16
3811000 16
3812000 16
3813000 16
3814000 16
3815000 16
3816000 16
3817000 16
3818000 16
3819000 16
3820000 16
3821000 16
3822000 16
3823000 16
3824000 16
3825000 16
3826000 16
3827000 16
3828000 16
3829000 16
3830000 16
3831000 16
3832000 16
3833000 16
3834000 16
3835000 16
3836000 16
3837000 16
3838000 16
3839000 16
3840000 16
3841000 16
3842000 16
3843000 16
3844000 16
3845000 16
3846000 16
3847000 16
3848000 16
3849000 16
3850000 16
3851000 16
3852000 16
3853000 16
3854000 16
3855000 16
3856000 16
3857000 16
3858000 16
3859000 16
3860000 16
3861000 16
3862000 16
3863000 16
3864000 16
3865000 16
3866000 16
3867000 16
3868000 16
3869000 16
3870000 16
3871000 16
3872000 16
3873000 16
3874000 16
3875000 16
3876000 16
3877000 16
3878000 16
3879000 16
3880000 16
3881000 16
3882000 16
3883000 16
3884000 16
3885000 16
3886000 16
3887000 16
3888000 16
3889000 16
3890000 16
3891000 16
3892000 16
3893000 16
3894000 16
3895000 16
3896000 16
3897000 16
3898000 16
3899000 16
3900000 16
3901000 16
3902000 16
3903000 16
3904000 16
3905000 16
3906000 16
3907000 16
3908000 16
3909000 16
3910000 16
3911000 16
3912000 16
3913000 16
3914000 16
3915000 16
3916000 16
3917000 16
3918000 16
3919000 16
3920000 16
3921000 16
3922000 16
3923000 16
3924000 16
3925000 16
3926000 16
3927000 16
3928000 16
3929000 16
3930000 16
3931000 16
3932000 16
3933000 16
3934000 16
3935000 16
3936000 16
3937000 16
3938000 16
3939000 16
3940000 16
3941000 16
3942000 16
3943000 16
3944000 16
3945000 16
3946000 16
3947000 16
3948000 16
3949000 16
3950000 16
3951000 16
3952000 16
3953000 16
3954000 16
3955000 16
3956000 16
3957000 16
3958000 16
3959000 16
3960000 16
3961000 16
3962000 16
3963000 16
3964000 16
3965000 16
3966000 16
3967000 16
3968000 16
3969000 16
3970000 16
3971000 16
3972000 16
3973000 16
3974000 16
3975000 16
3976000 16
3977000 16
3978000 16
3979000 16
3980000 16
3981000 16
3982000 16
3983000 16
3984000 16
3985000 16
3986000 16
3987000 16
3988000 16
3989000 16
3990000 16
3991000 16
3992000 16
3993000 16
3994000 16
3995000 16
3996000 16
3997000 16
3998000 16
3999000 16
4000000 16
4001000 16
4002000 16
4003000 16
4004000 16
4005000 16
4006000 16
4007000 16
4008000 16
4009000 16
4010000 16
4011000 16
4012000 16
4013000 16
4014000 16
4015000 16
4016000 16
4017000 16
4018000 16
4019000 16
4020000 16
4021000 16
4022000 16
4023000 16
4024000 16
4025000 16
4026000 16
4027000 16
4028000 16
4029000 16
4030000 16
4031000 16
4032000 16
4033000 16
4034000 16
4035000 16
4036000 16
4037000 16
4038000 16
4039000 16
4040000 16
4041000 16
4042000 16
4043000 16
4044000 16
4045000 16
4046000 16
4047000 16
4048000 16
4049000 16
4050000 16
4051000 16
4052000 16
4053000 16
4054000 16
4055000 16
4056000 16
4057000 16
4058000 16
4059000 16
4060000 16
4061000 16
4062000 16
4063000 16
4064000 16
4065000 16
4066000 16
4067000 16
4068000 16
4069000 16
4070000 16
4071000 16
4072000 16
4073000 16
4074000 16
4075000 16
4076000 16
4077000 16
4078000 16
4079000 16
4080000 16
4081000 16
4082000 16
4083000 16
4084000 16
4085000 16
4086000 16
4087000 16
4088000 16
4089000 16
4090000 16
4091000 16
4092000 16
4093000 16
4094000 16
4095000 16
4096000 16
4097000 16
4098000 16
4099000 16
4100000 16
4101000 16
4102000 16
4103000 16
4104000 16
4105000 16
4106000 16
4107000 16
4108000 16
4109000 16
4110000 16
4111000 16
4112000 16
4113000 16
4114000 16
4115000 16
4116000 16
4117000 16
4118000 16
4119000 16
4120000 16
4121000 16
4122000 16
4123000 16
4124000 16
4125000 16
4126000 16
4127000 16
4128000 16
4129000 16
4130000 16
4131000 16
4132000 16
4133000 16
4134000 16
4135000 16
4136000 16
4137000 16
4138000 16
4139000 16
4140000 16
4141000 16
4142000 16
4143000 16
4144000 16
4145000 16
4146000 16
4147000 16
4148000 16
4149000 16
4150000 16
4151000 16
4152000 16
4153000 16
4154000 16
4155000 16
4156000 16
4157000 16
4158000 16
4159000 16
4160000 16
4161000 16
4162000 16
4163000 16
4164000 16
4165000 16
4166000 16
4167000 16
4168000 16
4169000 16
4170000 16
4171000 16
4172000 16
4173000 16
4174000 16
4175000 16
4176000 16
4177000 16
4178000 16
4179000 16
4180000 16
4181000 16
4182000 16
4183000 16
4184000 16
4185000 16
4186000 16
4187000 16
4188000 16
4189000 16
4190000 16
4191000 16
4192000 16
4193000 16
4194000 16
4195000 16
4196000 16
4197000 16
4198000 16
4199000 16
4200000 16
4201000 16
4202000 16
4203000 16
4204000 16
4205000 16
4206000 16
4207000 16
4208000 16
4209000 16
4210000 16
4211000 16
4212000 16
4213000 16
4214000 16
4215000 16
4216000 16
4217000 16
4218000 16
4219000 16
4220000 16
4221000 16
4222000 16
4223000 16
4224000 16
4225000 16
4226000 16
4227000 16
4228000 16
4229000 16
4230000 16
4231000 16
4232000 16
4233000 16
4234000 16
4235000 16
4236000 16
4237000 16
4238000 16
4239000 16
4240000 16
4241000 16
4242000 16
4243000 16
4244000 16
4245000 16
4246000 16
4247000 16
4248000 16
4249000 16
4250000 16
4251000 16
4252000 16
4253000 16
4254000 16
4255000 16
4256000 16
4257000 16
4258000 16
4259000 16
4260000 16
4261000 16
4262000 16
4263000 16
4264000 16
4265000 16
4266000 16
4267000 16
4268000 16
4269000 16
4270000 16
4271000 16
4272000 16
4273000 16
4274000 16
4275000 16
4276000 16
4277000 16
4278000 16
4279000 16
4280000 16
4281000 16
4282000 16
4283000 16
4284000 16
4285000 16
4286000 16
4287000 16
4288000 16
4289000 16
4290000 16
4291000 16
4292000 16
4293000 16
4294000 16
4295000 16
4296000 16
4297000 16
4298000 16
4299000 16
4300000 16
4301000 16
4302000 16
4303000 16
4304000 16
4305000 16
4306000 16
4307000 16
4308000 16
4309000 16
4310000 16
4311000 16
4312000 16
4313000 16
4314000 16
4315000 16
4316000 16
4317000 16
4318000 16
4319000 16
4320000 16
4321000 16
4322000 16
4323000 16
4324000 16
4325000 16
4326000 16
4327000 16
4328000 16
4329000 16
4330000 16
4331000 16
4332000 16
4333000 16
4334000 16
4335000 16
4336000 16
4337000 16
4338000 16
4339000 16
4340000 16
4341000 16
4342000 16
4343000 16
4344000 16
4345000 16
4346000 16
4347000 16
4348000 16
4349000 16
4350000 16
4351000 16
4352000 16
4353000 16
4354000 16
4355000 16
4356000 16
4357000 16
4358000 16
4359000 16
4360000 16
4361000 16
4362000 16
4363000 16
4364000 16
4365000 16
4366000 16
4367000 16
4368000 16
4369000 16
4370000 16
4371000 16
4372000 16
4373000 16
4374000 16
4375000 16
4376000 16
4377000 16
4378000 16
4379000 16
4380000 16
4381000 16
4382000 16
4383000 16
4384000 16
4385000 16
4386000 16
4387000 16
4388000 16
4389000 16
4390000 16
4391000 16
4392000 16
4393000 16
4394000 16
4395000 16
4396000 16
4397000 16
4398000 16
4399000 16
4400000 16
4401000 16
4402000 16
4403000 16
4404000 16
4405000 16
4406000 16
4407000 16
4408000 16
4409000 16
4410000 16
4411000 16
4412000 16
4413000 16
4414000 16
4415000 16
4416000 16
4417000 16
4418000 16
4419000 16
4420000 16
4421000 16
4422000 16
4423000 16
4424000 16
4425000 16
4426000 16
4427000 16
4428000 16
4429000 16
4430000 16
4431000 16
4432000 16
4433000 16
4434000 16
4435000 16
4436000 16
4437000 16
4438000 16
4439000 16
4440000 16
4441000 16
4442000 16
4443000 16
4444000 16
4445000 16
4446000 16
4447000 16
4448000 16
4449000 16
4450000 16
4451000 16
4452000 16
4453000 16
4454000 16
4455000 16
4456000 16
4457000 16
4458000 16
4459000 16
4460000 16
4461000 16
4462000 16
4463000 16
4464000 16
4465000 16
4466000 16
4467000 16
4468000 16
4469000 16
4470000 16
4471000 16
4472000 16
4473000 16
4474000 16
4475000 16
4476000 16
4477000 16
4478000 16
4479000 16
4480000 16
4481000 16
4482000 16
4483000 16
4484000 16
4485000 16
4486000 16
4487000 16
4488000 16
4489000 16
4490000 16
4491000 16
4492000 16
4493000 16
4494000 16
4495000 16
4496000 16
4497000 16
4498000 16
4499000 16
4500000 16
4501000 16
4502000 16
4503000 16
4504000 16
4505000 16
4506000 16
4507000 16
4508000 16
4509000 16
4510000 16
4511000 16
4512000 16
4513000 16
4514000 16
4515000 16
4516000 16
4517000 16
4518000 16
4519000 16
4520000 16
4521000 16
4522000 16
4523000 16
4524000 16
4525000 16
4526000 16
4527000 16
4528000 16
4529000 16
4530000 16
4531000 16
4532000 16
4533000 16
4534000 16
4535000 16
4536000 16
4537000 16
4538000 16
4539000 16
4540000 16
4541000 16
4542000 16
4543000 16
4544000 16
4545000 16
4546000 16
4547000 16
4548000 16
4549000 16
4550000 16
4551000 16
4552000 16
4553000 16
4554000 16
4555000 16
4556000 16
4557000 16
4558000 16
4559000 16
4560000 16
4561000 16
4562000 16
4563000 16
4564000 16
4565000 16
4566000 16
4567000 16
4568000 16
4569000 16
4570000 16
4571000 16
4572000 16
4573000 16
4574000 16
4575000 16
4576000 16
4577000 16
4578000 16
4579000 16
4580000 16
4581000 16
4582000 16
4583000 16
4584000 16
4585000 16
4586000 16
4587000 16
4588000 16
4589000 16
4590000 16
4591000 16
4592000 16
4593000 16
4594000 16
4595000 16
4596000 16
4597000 16
4598000 16
4599000 16
4600000 16
4601000 16
4602000 16
4603000 16
4604000 16
4605000 16
4606000 16
4607000 16
4608000 16
4609000 16
4610000 16
4611000 16
4612000 16
4613000 16
4614000 16
4615000 16
4616000 16
4617000 16
4618000 16
4619000 16
4620000 16
4621000 16
4622000 16
4623000 16
4624000 16
4625000 16
4626000 16
4627000 16
4628000 16
4629000 16
4630000 16
4631000 16
4632000 16
4633000 16
4634000 16
4635000 16
4636000 16
4637000 16
4638000 16
4639000 16
4640000 16
4641000 16
4642000 16
4643000 16
4644000 16
4645000 16
4646000 16
4647000 16
4648000 16
4649000 16
4650000 16
4651000 16
4652000 16
4653000 16
4654000 16
4655000 16
4656000 16
4657000 16
4658000 16
4659000 16
4660000 16
4661000 16
4662000 16
4663000 16
4664000 16
4665000 16
4666000 16
4667000 16
4668000 16
4669000 16
4670000 16
4671000 16
4672000 16
4673000 16
4674000 16
4675000 16
4676000 16
4677000 16
4678000 16
4679000 16
4680000 16
4681000 16
4682000 16
4683000 16
4684000 16
4685000 16
4686000 16
4687000 16
4688000 16
4689000 16
4690000 16
4691000 16
4692000 16
4693000 16
4694000 16
4695000 16
4696000 16
4697000 16
4698000 16
4699000 16
4700000 16
4701000 16
4702000 16
4703000 16
4704000 16
4705000 16
4706000 16
4707000 16
4708000 16
4709000 16
4710000 16
4711000 16
4712000 16
4713000 16
4714000 16
4715000 16
4716000 16
4717000 16
4718000 16
4719000 16
4720000 16
4721000 16
4722000 16
4723000 16
4724000 16
4725000 16
4726000 16
4727000 16
4728000 16
4729000 16
4730000 16
4731000 16
4732000 16
4733000 16
4734000 16
4735000 16
4736000 16
4737000 16
4738000 16
4739000 16
4740000 16
4741000 16
4742000 16
4743000 16
4744000 16
4745000 16
4746000 16
4747000 16
4748000 16
4749000 16
4750000 16
4751000 16
4752000 16
4753000 16
4754000 16
4755000 16
4756000 16
4757000 16
4758000 16
4759000 16
4760000 16
4761000 16
4762000 16
4763000 16
4764000 16
4765000 16
4766000 16
4767000 16
4768000 16
4769000 16
4770000 16
4771000 16
4772000 16
4773000 16
4774000 16
4775000 16
4776000 16
4777000 16
4778000 16
4779000 16
4780000 16
4781000 16
4782000 16
4783000 16
4784000 16
4785000 16
4786000 16
4787000 16
4788000 16
4789000 16
4790000 16
4791000 16
4792000 16
4793000 16
4794000 16
4795000 16
4796000 16
4797000 16
4798000 16
4799000 16
4800000 16
4801000 16
4802000 16
4803000 16
4804000 16
4805000 16
4806000 16
4807000 16
4808000 16
4809000 16
4810000 16
4811000 16
4812000 16
4813000 16
4814000 16
4815000 16
4816000 16
4817000 16
4818000 16
4819000 16
4820000 16
4821000 16
4822000 16
4823000 16
4824000 16
4825000 16
4826000 16
4827000 16
4828000 16
4829000 16
4830000 16
4831000 16
4832000 16
4833000 16
4834000 16
4835000 16
4836000 16
4837000 16
4838000 16
4839000 16
4840000 16
4841000 16
4842000 16
4843000 16
4844000 16
4845000 16
4846000 16
4847000 16
4848000 16
4849000 16
4850000 16
4851000 16
4852000 16
4853000 16
4854000 16
4855000 16
4856000 16
4857000 16
4858000 16
4859000 16
4860000 16
4861000 16
4862000 16
4863000 16
4864000 16
4865000 16
4866000 16
4867000 16
4868000 16
4869000 16
4870000 16
4871000 16
4872000 16
4873000 16
4874000 16
4875000 16
4876000 16
4877000 16
4878000 16
4879000 16
4880000 16
4881000 16
4882000 16
4883000 16
4884000 16
4885000 16
4886000 16
4887000 16
4888000 16
4889000 16
4890000 16
4891000 16
4892000 16
4893000 16
4894000 16
4895000 16
4896000 16
4897000 16
4898000 16
4899000 16
4900000 16
4901000 16
4902000 16
4903000 16
4904000 16
4905000 16
4906000 16
4907000 16
4908000 16
4909000 16
4910000 16
4911000 16
4912000 16
4913000 16
4914000 16
4915000 16
4916000 16
4917000 16
4918000 16
4919000 16
4920000 16
4921000 16
4922000 16
4923000 16
4924000 16
4925000 16
4926000 16
4927000 16
4928000 16
4929000 16
4930000 16
4931000 16
4932000 16
4933000 16
4934000 16
4935000 16
4936000 16
4937000 16
4938000 16
4939000 16
4940000 16
4941000 16
4942000 16
4943000 16
4944000 16
4945000 16
4946000 16
4947000 16
4948000 16
4949000 16
4950000 16
4951000 16
4952000 16
4953000 16
4954000 16
4955000 16
4956000 16
4957000 16
4958000 16
4959000 16
4960000 16
4961000 16
4962000 16
4963000 16
4964000 16
4965000 16
4966000 16
4967000 16
4968000 16
4969000 16
4970000 16
4971000 16
4972000 16
4973000 16
4974000 16
4975000 16
4976000 16
4977000 16
4978000 16
4979000 16
4980000 16
4981000 16
4982000 16
4983000 16
4984000 16
4985000 16
4986000 16
4987000 16
4988000 16
4989000 16
4990000 16
4991000 16
4992000 16
4993000 16
4994000 16
4995000 16
4996000 16
4997000 16
4998000 16
4999000 16
5000000 16
5001000 16
5002000 16
5003000 16
5004000 16
5005000 16
5006000 16
5007000 16
5008000 16
5009000 16
5010000 16
5011000 16
5012000 16
5013000 16
5014000 16
5015000 16
5016000 16
5017000 16
5018000 16
5019000 16
5020000 16
5021000 16
5022000 16
5023000 16
5024000 16
5025000 16
5026000 16
5027000 16
5028000 16
5029000 16
5030000 16
5031000 16
5032000 16
5033000 16
5034000 16
5035000 16
5036000 16
5037000 16
5038000 16
5039000 16
5040000 16
5041000 16
5042000 16
5043000 16
5044000 16
5045000 16
5046000 16
5047000 16
5048000 16
5049000 16
5050000 16
5051000 16
5052000 16
5053000 16
5054000 16
5055000 16
5056000 16
5057000 16
5058000 16
5059000 16
5060000 16
5061000 16
5062000 16
5063000 16
5064000 16
5065000 16
5066000 16
5067000 16
5068000 16
5069000 16
5070000 16
5071000 16
5072000 16
5073000 16
5074000 16
5075000 16
5076000 16
5077000 16
5078000 16
5079000 16
5080000 16
5081000 16
5082000 16
5083000 16
5084000 16
5085000 16
5086000 16
5087000 16
5088000 16
5089000 16
5090000 16
5091000 16
5092000 16
5093000 16
5094000 16
5095000 16
5096000 16
5097000 16
5098000 16
5099000 16
5100000 16
5101000 16
5102000 16
5103000 16
5104000 16
5105000 16
5106000 16
5107000 16
5108000 16
5109000 16
5110000 16
5111000 16
5112000 16
5113000 16
5114000 16
5115000 16
5116000 16
5117000 16
5118000 16
5119000 16
5120000 16
5121000 16
5122000 16
5123000 16
5124000 16
5125000 16
5126000 16
5127000 16
5128000 16
5129000 16
5130000 16
5131000 16
5132000 16
5133000 16
5134000 16
5135000 16
5136000 16
5137000 16
5138000 16
5139000 16
5140000 16
5141000 16
5142000 16
5143000 16
5144000 16
5145000 16
5146000 16
5147000 16
5148000 16
5149000 16
5150000 16
5151000 16
5152000 16
5153000 16
5154000 16
5155000 16
5156000 16
5157000 16
5158000 16
5159000 16
5160000 16
5161000 16
5162000 16
5163000 16
5164000 16
5165000 16
5166000 16
5167000 16
5168000 16
5169000 16
5170000 16
5171000 16
5172000 16
5173000 16
5174000 16
5175000 16
5176000 16
5177000 16
5178000 16
5179000 16
5180000 16
5181000 16
5182000 16
5183000 16
5184000 16
5185000 16
5186000 16
5187000 16
5188000 16
5189000 16
5190000 16
5191000 16
5192000 16
5193000 16
5194000 16
5195000 16
5196000 16
5197000 16
5198000 16
5199000 16
5200000 16
5201000 16
5202000 16
5203000 16
5204000 16
5205000 16
5206000 16
5207000 16
5208000 16
5209000 16
5210000 16
5211000 16
5212000 16
5213000 16
5214000 16
5215000 16
5216000 16
5217000 16
5218000 16
5219000 16
5220000 16
5221000 16
5222000 16
5223000 16
5224000 16
5225000 16
5226000 16
5227000 16
5228000 16
5229000 16
5230000 16
5231000 16
5232000 16
5233000 16
5234000 16
5235000 16
5236000 16
5237000 16
5238000 16
5239000 16
5240000 16
5241000 16
5242000 16
5243000 16
5244000 16
5245000 16
5246000 16
5247000 16
5248000 16
5249000 16
5250000 16
5251000 16
5252000 16
5253000 16
5254000 16
5255000 16
5256000 16
5257000 16
5258000 16
5259000 16
5260000 16
5261000 16
5262000 16
5263000 16
5264000 16
5265000 16
5266000 16
5267000 16
5268000 16
5269000 16
5270000 16
5271000 16
5272000 16
5273000 16
5274000 16
5275000 16
5276000 16
5277000 16
5278000 16
5279000 16
5280000 16
5281000 16
5282000 16
5283000 16
5284000 16
5285000 16
5286000 16
5287000 16
5288000 16
5289000 16
5290000 16
5291000 16
5292000 16
5293000 16
5294000 16
5295000 16
5296000 16
5297000 16
5298000 16
5299000 16
5300000 16
5301000 16
5302000 16
5303000 16
5304000 16
5305000 16
5306000 16
5307000 16
5308000 16
5309000 16
5310000 16
5311000 16
5312000 16
5313000 16
5314000 16
5315000 16
5316000 16
5317000 16
5318000 16
5319000 16
5320000 16
5321000 16
5322000 16
5323000 16
5324000 16
5325000 16
5326000 16
5327000 16
5328000 16
5329000 16
5330000 16
5331000 16
5332000 16
5333000 16
5334000 16
5335000 16
5336000 16
5337000 16
5338000 16
5339000 16
5340000 16
5341000 16
5342000 16
5343000 16
5344000 16
5345000 16
5346000 16
5347000 16
5348000 16
5349000 16
5350000 16
5351000 16
5352000 16
5353000 16
5354000 16
5355000 16
5356000 16
5357000 16
5358000 16
5359000 16
5360000 16
5361000 16
5362000 16
5363000 16
5364000 16
5365000 16
5366000 16
5367000 16
5368000 16
5369000 16
5370000 16
5371000 16
5372000 16
5373000 16
5374000 16
5375000 16
5376000 16
5377000 16
5378000 16
5379000 16
5380000 16
5381000 16
5382000 16
5383000 16
5384000 16
5385000 16
5386000 16
5387000 16
5388000 16
5389000 16
5390000 16
5391000 16
5392000 16
5393000 16
5394000 16
5395000 16
5396000 16
5397000 16
5398000 16
5399000 16
5400000 16
5401000 16
5402000 16
5403000 16
5404000 16
5405000 16
5406000 16
5407000 16
5408000 16
5409000 16
5410000 16
5411000 16
5412000 16
5413000 16
5414000 16
5415000 16
5416000 16
5417000 16
5418000 16
5419000 16
5420000 16
5421000 16
5422000 16
5423000 16
5424000 16
5425000 16
5426000 16
5427000 16
5428000 16
5429000 16
5430000 16
5431000 16
5432000 16
5433000 16
5434000 16
5435000 16
5436000 16
5437000 16
5438000 16
5439000 16
5440000 16
5441000 16
5442000 16
5443000 16
5444000 16
5445000 16
5446000 16
5447000 16
5448000 16
5449000 16
5450000 16
5451000 16
5452000 16
5453000 16
5454000 16
5455000 16
5456000 16
5457000 16
5458000 16
5459000 16
5460000 16
5461000 16
5462000 16
5463000 16
5464000 16
5465000 16
5466000 16
5467000 16
5468000 16
5469000 16
5470000 16
5471000 16
5472000 16
5473000 16
5474000 16
5475000 16
5476000 16
5477000 16
5478000 16
5479000 16
5480000 16
5481000 16
5482000 16
5483000 16
5484000 16
5485000 16
5486000 16
5487000 16
5488000 16
5489000 16
5490000 16
5491000 16
5492000 16
5493000 16
5494000 16
5495000 16
5496000 16
5497000 16
5498000 16
5499000 16
5500000 16
5501000 16
5502000 16
5503000 16
5504000 16
5505000 16
5506000 16
5507000 16
5508000 16
5509000 16
5510000 16
5511000 16
5512000 16
5513000 16
5514000 16
5515000 16
5516000 16
5517000 16
5518000 16
5519000 16
5520000 16
5521000 16
5522000 16
5523000 16
5524000 16
5525000 16
5526000 16
5527000 16
5528000 16
5529000 16
5530000 16
5531000 16
5532000 16
5533000 16
5534000 16
5535000 16
5536000 16
5537000 16
5538000 16
5539000 16
5540000 16
5541000 16
5542000 16
5543000 16
5544000 16
5545000 16
5546000 16
5547000 16
5548000 16
5549000 16
5550000 16
5551000 16
5552000 16
5553000 16
5554000 16
5555000 16
5556000 16
5557000 16
5558000 16
5559000 16
5560000 16
5561000 16
5562000 16
5563000 16
5564000 16
5565000 16
5566000 16
5567000 16
5568000 16
5569000 16
5570000 16
5571000 16
5572000 16
5573000 16
5574000 16
5575000 16
5576000 16
5577000 16
5578000 16
5579000 16
5580000 16
5581000 16
5582000 16
5583000 16
5584000 16
5585000 16
5586000 16
5587000 16
5588000 16
5589000 16
5590000 16
5591000 16
5592000 16
5593000 16
5594000 16
5595000 16
5596000 16
5597000 16
5598000 16
5599000 16
5600000 16
5601000 16
5602000 16
5603000 16
5604000 16
5605000 16
5606000 16
5607000 16
5608000 16
5609000 16
5610000 16
5611000 16
5612000 16
5613000 16
5614000 16
5615000 16
5616000 16
5617000 16
5618000 16
5619000 16
5620000 16
5621000 16
5622000 16
5623000 16
5624000 16
5625000 16
5626000 16
5627000 16
5628000 16
5629000 16
5630000 16
5631000 16
5632000 16
5633000 16
5634000 16
5635000 16
5636000 16
5637000 16
5638000 16
5639000 16
5640000 16
5641000 16
5642000 16
5643000 16
5644000 16
5645000 16
5646000 16
5647000 16
5648000 16
5649000 16
5650000 16
5651000 16
5652000 16
5653000 16
5654000 16
5655000 16
5656000 16
5657000 16
5658000 16
5659000 16
5660000 16
5661000 16
5662000 16
5663000 16
5664000 16
5665000 16
5666000 16
5667000 16
5668000 16
5669000 16
5670000 16
5671000 16
5672000 16
5673000 16
5674000 16
5675000 16
5676000 16
5677000 16
5678000 16
5679000 16
5680000 16
5681000 16
5682000 16
5683000 16
5684000 16
5685000 16
5686000 16
5687000 16
5688000 16
5689000 16
5690000 16
5691000 16
5692000 16
5693000 16
5694000 16
5695000 16
5696000 16
5697000 16
5698000 16
5699000 16
5700000 16
5701000 16
5702000 16
5703000 16
5704000 16
5705000 16
5706000 16
5707000 16
5708000 16
5709000 16
5710000 16
5711000 16
5712000 16
5713000 16
5714000 16
5715000 16
5716000 16
5717000 16
5718000 16
5719000 16
5720000 16
5721000 16
5722000 16
5723000 16
5724000 16
5725000 16
5726000 16
5727000 16
5728000 16
5729000 16
5730000 16
5731000 16
5732000 16
5733000 16
5734000 16
5735000 16
5736000 16
5737000 16
5738000 16
5739000 16
5740000 16
5741000 16
5742000 16
5743000 16
5744000 16
5745000 16
5746000 16
5747000 16
5748000 16
5749000 16
5750000 16
5751000 16
5752000 16
5753000 16
5754000 16
5755000 16
5756000 16
5757000 16
5758000 16
5759000 16
5760000 16
5761000 16
5762000 16
5763000 16
5764000 16
5765000 16
5766000 16
5767000 16
5768000 16
5769000 16
5770000 16
5771000 16
5772000 16
5773000 16
5774000 16
5775000 16
5776000 16
5777000 16
5778000 16
5779000 16
5780000 16
5781000 16
5782000 16
5783000 16
5784000 16
5785000 16
5786000 16
5787000 16
5788000 16
5789000 16
5790000 16
5791000 16
5792000 16
5793000 16
5794000 16
5795000 16
5796000 16
5797000 16
5798000 16
5799000 16
5800000 16
5801000 16
5802000 16
5803000 16
5804000 16
5805000 16
5806000 16
5807000 16
5808000 16
5809000 16
5810000 16
5811000 16
5812000 16
5813000 16
5814000 16
5815000 16
5816000 16
5817000 16
5818000 16
5819000 16
5820000 16
5821000 16
5822000 16
5823000 16
5824000 16
5825000 16
5826000 16
5827000 16
5828000 16
5829000 16
5830000 16
5831000 16
5832000 16
5833000 16
5834000 16
5835000 16
5836000 16
5837000 16
5838000 16
5839000 16
5840000 16
5841000 16
5842000 16
5843000 16
5844000 16
5845000 16
5846000 16
5847000 16
5848000 16
5849000 16
5850000 16
5851000 16
5852000 16
5853000 16
5854000 16
5855000 16
5856000 16
5857000 16
5858000 16
5859000 16
5860000 16
5861000 16
5862000 16
5863000 16
5864000 16
5865000 16
5866000 16
5867000 16
5868000 16
5869000 16
5870000 16
5871000 16
5872000 16
5873000 16
5874000 16
5875000 16
5876000 16
5877000 16
5878000 16
5879000 16
5880000 16
5881000 16
5882000 16
5883000 16
5884000 16
5885000 16
5886000 16
5887000 16
5888000 16
5889000 16
5890000 16
5891000 16
5892000 16
5893000 16
5894000 16
5895000 16
5896000 16
5897000 16
5898000 16
5899000 16
5900000 16
5901000 16
5902000 16
5903000 16
5904000 16
5905000 16
5906000 16
5907000 16
5908000 16
5909000 16
5910000 16
5911000 16
5912000 16
5913000 16
5914000 16
5915000 16
5916000 16
5917000 16
5918000 16
5919000 16
5920000 16
5921000 16
5922000 16
5923000 16
5924000 16
5925000 16
5926000 16
5927000 16
5928000 16
5929000 16
5930000 16
5931000 16
5932000 16
5933000 16
5934000 16
5935000 16
5936000 16
5937000 16
5938000 16
5939000 16
5940000 16
5941000 16
5942000 16
5943000 16
5944000 16
5945000 16
5946000 16
5947000 16
5948000 16
5949000 16
5950000 16
5951000 16
5952000 16
5953000 16
5954000 16
5955000 16
5956000 16
5957000 16
5958000 16
5959000 16
5960000 16
5961000 16
5962000 16
5963000 16
5964000 16
5965000 16
5966000 16
5967000 16
5968000 16
5969000 16
5970000 16
5971000 16
5972000 16
5973000 16
5974000 16
5975000 16
5976000 16
5977000 16
5978000 16
5979000 16
5980000 16
5981000 16
5982000 16
5983000 16
5984000 16
5985000 16
5986000 16
5987000 16
5988000 16
5989000 16
5990000 16
5991000 16
5992000 16
5993000 16
5994000 16
5995000 16
5996000 16
5997000 16
5998000 16
5999000 16
6000000 16
6001000 16
6002000 16
6003000 16
6004000 16
6005000 16
6006000 16
6007000 16
6008000 16
6009000 16
6010000 16
6011000 16
6012000 16
6013000 16
6014000 16
6015000 16
6016000 16
6017000 16
6018000 16
6019000 16
6020000 16
6021000 16
6022000 16
6023000 16
6024000 16
6025000 16
6026000 16
6027000 16
6028000 16
6029000 16
6030000 16
6031000 16
6032000 16
6033000 16
6034000 16
6035000 16
6036000 16
6037000 16
6038000 16
6039000 16
6040000 16
6041000 16
6042000 16
6043000 16
6044000 16
6045000 16
6046000 16
6047000 16
6048000 16
6049000 16
6050000 16
6051000 16
6052000 16
6053000 16
6054000 16
6055000 16
6056000 16
6057000 16
6058000 16
6059000 16
6060000 16
6061000 16
6062000 16
6063000 16
6064000 16
6065000 16
6066000 16
6067000 16
6068000 16
6069000 16
6070000 16
6071000 16
6072000 16
6073000 16
6074000 16
6075000 16
6076000 16
6077000 16
6078000 16
6079000 16
6080000 16
6081000 16
6082000 16
6083000 16
6084000 16
6085000 16
6086000 16
6087000 16
6088000 16
6089000 16
6090000 16
6091000 16
6092000 16
6093000 16
6094000 16
6095000 16
6096000 16
6097000 16
6098000 16
6099000 16
6100000 16
6101000 16
6102000 16
6103000 16
6104000 16
6105000 16
6106000 16
6107000 16
6108000 16
6109000 16
6110000 16
6111000 16
6112000 16
6113000 16
6114000 16
6115000 16
6116000 16
6117000 16
6118000 16
6119000 16
6120000 16
6121000 16
6122000 16
6123000 16
6124000 16
6125000 16
6126000 16
6127000 16
6128000 16
6129000 16
6130000 16
6131000 16
6132000 16
6133000 16
6134000 16
6135000 16
6136000 16
6137000 16
6138000 16
6139000 16
6140000 16
6141000 16
6142000 16
6143000 16
6144000 16
6145000 16
6146000 16
6147000 16
6148000 16
6149000 16
6150000 16
6151000 16
6152000 16
6153000 16
6154000 16
6155000 16
6156000 16
6157000 16
6158000 16
6159000 16
6160000 16
6161000 16
6162000 16
6163000 16
6164000 16
6165000 16
6166000 16
6167000 16
6168000 16
6169000 16
6170000 16
6171000 16
6172000 16
6173000 16
6174000 16
6175000 16
6176000 16
6177000 16
6178000 16
6179000 16
6180000 16
6181000 16
6182000 16
6183000 16
6184000 16
6185000 16
6186000 16
6187000 16
6188000 16
6189000 16
6190000 16
6191000 16
6192000 16
6193000 16
6194000 16
6195000 16
6196000 16
6197000 16
6198000 16
6199000 16
6200000 16
6201000 16
6202000 16
6203000 16
6204000 16
6205000 16
6206000 16
6207000 16
6208000 16
6209000 16
6210000 16
6211000 16
6212000 16
6213000 16
6214000 16
6215000 16
6216000 16
6217000 16
6218000 16
6219000 16
6220000 16
6221000 16
6222000 16
6223000 16
6224000 16
6225000 16
6226000 16
6227000 16
6228000 16
6229000 16
6230000 16
6231000 16
6232000 16
6233000 16
6234000 16
6235000 16
6236000 16
6237000 16
6238000 16
6239000 16
6240000 16
6241000 16
6242000 16
6243000 16
6244000 16
6245000 16
6246000 16
6247000 16
6248000 16
6249000 16
6250000 16
6251000 16
6252000 16
6253000 16
6254000 16
6255000 16
6256000 16
6257000 16
6258000 16
6259000 16
6260000 16
6261000 16
6262000 16
6263000 16
6264000 16
6265000 16
6266000 16
6267000 16
6268000 16
6269000 16
6270000 16
6271000 16
6272000 16
6273000 16
6274000 16
6275000 16
6276000 16
6277000 16
6278000 16
6279000 16
6280000 16
6281000 16
6282000 16
6283000 16
6284000 16
6285000 16
6286000 16
6287000 16
6288000 16
6289000 16
6290000 16
6291000 16
6292000 16
6293000 16
6294000 16
6295000 16
6296000 16
6297000 16
6298000 16
6299000 16
6300000 16
6301000 16
6302000 16
6303000 16
6304000 16
6305000 16
6306000 16
6307000 16
6308000 16
6309000 16
6310000 16
6311000 16
6312000 16
6313000 16
6314000 16
6315000 16
6316000 16
6317000 16
6318000 16
6319000 16
6320000 16
6321000 16
6322000 16
6323000 16
6324000 16
6325000 16
6326000 16
6327000 16
6328000 16
6329000 16
6330000 16
6331000 16
6332000 16
6333000 16
6334000 16
6335000 16
6336000 16
6337000 16
6338000 16
6339000 16
6340000 16
6341000 16
6342000 16
6343000 16
6344000 16
6345000 16
6346000 16
6347000 16
6348000 16
6349000 16
6350000 16
6351000 16
6352000 16
6353000 16
6354000 16
6355000 16
6356000 16
6357000 16
6358000 16
6359000 16
6360000 16
6361000 16
6362000 16
6363000 16
6364000 16
6365000 16
6366000 16
6367000 16
6368000 16
6369000 16
6370000 16
6371000 16
6372000 16
6373000 16
6374000 16
6375000 16
6376000 16
6377000 16
6378000 16
6379000 16
6380000 16
6381000 16
6382000 16
6383000 16
6384000 16
6385000 16
6386000 16
6387000 16
6388000 16
6389000 16
6390000 16
6391000 16
6392000 16
6393000 16
6394000 16
6395000 16
6396000 16
6397000 16
6398000 16
6399000 16
6400000 16
6401000 16
6402000 16
6403000 16
6404000 16
6405000 16
6406000 16
6407000 16
6408000 16
6409000 16
6410000 16
6411000 16
6412000 16
6413000 16
6414000 16
6415000 16
6416000 16
6417000 16
6418000 16
6419000 16
6420000 16
6421000 16
6422000 16
6423000 16
6424000 16
6425000 16
6426000 16
6427000 16
6428000 16
6429000 16
6430000 16
6431000 16
6432000 16
6433000 16
6434000 16
6435000 16
6436000 16
6437000 16
6438000 16
6439000 16
6440000 16
6441000 16
6442000 16
6443000 16
6444000 16
6445000 16
6446000 16
6447000 16
6448000 16
6449000 16
6450000 16
6451000 16
6452000 16
6453000 16
6454000 16
6455000 16
6456000 16
6457000 16
6458000 16
6459000 16
6460000 16
6461000 16
6462000 16
6463000 16
6464000 16
6465000 16
6466000 16
6467000 16
6468000 16
6469000 16
6470000 16
6471000 16
6472000 16
6473000 16
6474000 16
6475000 16
6476000 16
6477000 16
6478000 16
6479000 16
6480000 16
6481000 16
6482000 16
6483000 16
6484000 16
6485000 16
6486000 16
6487000 16
6488000 16
6489000 16
6490000 16
6491000 16
6492000 16
6493000 16
6494000 16
6495000 16
6496000 16
6497000 16
6498000 16
6499000 16
6500000 16
6501000 16
6502000 16
6503000 16
6504000 16
6505000 16
6506000 16
6507000 16
6508000 16
6509000 16
6510000 16
6511000 16
6512000 16
6513000 16
6514000 16
6515000 16
6516000 16
6517000 16
6518000 16
6519000 16
6520000 16
6521000 16
6522000 16
6523000 16
6524000 16
6525000 16
6526000 16
6527000 16
6528000 16
6529000 16
6530000 16
6531000 16
6532000 16
6533000 16
6534000 16
6535000 16
6536000 16
6537000 16
6538000 16
6539000 16
6540000 16
6541000 16
6542000 16
6543000 16
6544000 16
6545000 16
6546000 16
6547000 16
6548000 16
6549000 16
6550000 16
6551000 16
6552000 16
6553000 16
6554000 16
6555000 16
6556000 16
6557000 16
6558000 16
6559000 16
6560000 16
6561000 16
6562000 16
6563000 16
6564000 16
6565000 16
6566000 16
6567000 16
6568000 16
6569000 16
6570000 16
6571000 16
6572000 16
6573000 16
6574000 16
6575000 16
6576000 16
6577000 16
6578000 16
6579000 16
6580000 16
6581000 16
6582000 16
6583000 16
6584000 16
6585000 16
6586000 16
6587000 16
6588000 16
6589000 16
6590000 16
6591000 16
6592000 16
6593000 16
6594000 16
6595000 16
6596000 16
6597000 16
6598000 16
6599000 16
6600000 16
6601000 16
6602000 16
6603000 16
6604000 16
6605000 16
6606000 16
6607000 16
6608000 16
6609000 16
6610000 16
6611000 16
6612000 16
6613000 16
6614000 16
6615000 16
6616000 16
6617000 16
6618000 16
6619000 16
6620000 16
6621000 16
6622000 16
6623000 16
6624000 16
6625000 16
6626000 16
6627000 16
6628000 16
6629000 16
6630000 16
6631000 16
6632000 16
6633000 16
6634000 16
6635000 16
6636000 16
6637000 16
6638000 16
6639000 16
6640000 16
6641000 16
6642000 16
6643000 16
6644000 16
6645000 16
6646000 16
6647000 16
6648000 16
6649000 16
6650000 16
6651000 16
6652000 16
6653000 16
6654000 16
6655000 16
6656000 16
6657000 16
6658000 16
6659000 16
6660000 16
6661000 16
6662000 16
6663000 16
6664000 16
6665000 16
6666000 16
6667000 16
6668000 16
6669000 16
6670000 16
6671000 16
6672000 16
6673000 16
6674000 16
6675000 16
6676000 16
6677000 16
6678000 16
6679000 16
6680000 16
6681000 16
6682000 16
6683000 16
6684000 16
6685000 16
6686000 16
6687000 16
6688000 16
6689000 16
6690000 16
6691000 16
6692000 16
6693000 16
6694000 16
6695000 16
6696000 16
6697000 16
6698000 16
6699000 16
6700000 16
6701000 16
6702000 16
6703000 16
6704000 16
6705000 16
6706000 16
6707000 16
6708000 16
6709000 16
6710000 16
6711000 16
6712000 16
6713000 16
6714000 16
6715000 16
6716000 16
6717000 16
6718000 16
6719000 16
6720000 16
6721000 16
6722000 16
6723000 16
6724000 16
6725000 16
6726000 16
6727000 16
6728000 16
6729000 16
6730000 16
6731000 16
6732000 16
6733000 16
6734000 16
6735000 16
6736000 16
6737000 16
6738000 16
6739000 16
6740000 16
6741000 16
6742000 16
6743000 16
6744000 16
6745000 16
6746000 16
6747000 16
6748000 16
6749000 16
6750000 16
6751000 16
6752000 16
6753000 16
6754000 16
6755000 16
6756000 16
6757000 16
6758000 16
6759000 16
6760000 16
6761000 16
6762000 16
6763000 16
6764000 16
6765000 16
6766000 16
6767000 16
6768000 16
6769000 16
6770000 16
6771000 16
6772000 16
6773000 16
6774000 16
6775000 16
6776000 16
6777000 16
6778000 16
6779000 16
6780000 16
6781000 16
6782000 16
6783000 16
6784000 16
6785000 16
6786000 16
6787000 16
6788000 16
6789000 16
6790000 16
6791000 16
6792000 16
6793000 16
6794000 16
6795000 16
6796000 16
6797000 16
6798000 16
6799000 16
6800000 16
6801000 16
6802000 16
6803000 16
6804000 16
6805000 16
6806000 16
6807000 16
6808000 16
6809000 16
6810000 16
6811000 16
6812000 16
6813000 16
6814000 16
6815000 16
6816000 16
6817000 16
6818000 16
6819000 16
6820000 16
6821000 16
6822000 16
6823000 16
6824000 16
6825000 16
6826000 16
6827000 16
6828000 16
6829000 16
6830000 16
6831000 16
6832000 16
6833000 16
6834000 16
6835000 16
6836000 16
6837000 16
6838000 16
6839000 16
6840000 16
6841000 16
6842000 16
6843000 16
6844000 16
6845000 16
6846000 16
6847000 16
6848000 16
6849000 16
6850000 16
6851000 16
6852000 16
6853000 16
6854000 16
6855000 16
6856000 16
6857000 16
6858000 16
6859000 16
6860000 16
6861000 16
6862000 16
6863000 16
6864000 16
6865000 16
6866000 16
6867000 16
6868000 16
6869000 16
6870000 16
6871000 16
6872000 16
6873000 16
6874000 16
6875000 16
6876000 16
6877000 16
6878000 16
6879000 16
6880000 16
6881000 16
6882000 16
6883000 16
6884000 16
6885000 16
6886000 16
6887000 16
6888000 16
6889000 16
6890000 16
6891000 16
6892000 16
6893000 16
6894000 16
6895000 16
6896000 16
6897000 16
6898000 16
6899000 16
6900000 16
6901000 16
6902000 16
6903000 16
6904000 16
6905000 16
6906000 16
6907000 16
6908000 16
6909000 16
6910000 16
6911000 16
6912000 16
6913000 16
6914000 16
6915000 16
6916000 16
6917000 16
6918000 16
6919000 16
6920000 16
6921000 16
6922000 16
6923000 16
6924000 16
6925000 16
6926000 16
6927000 16
6928000 16
6929000 16
6930000 16
6931000 16
6932000 16
6933000 16
6934000 16
6935000 16
6936000 16
6937000 16
6938000 16
6939000 16
6940000 16
6941000 16
6942000 16
6943000 16
6944000 16
6945000 16
6946000 16
6947000 16
6948000 16
6949000 16
6950000 16
6951000 16
6952000 16
6953000 16
6954000 16
6955000 16
6956000 16
6957000 16
6958000 16
6959000 16
6960000 16
6961000 16
6962000 16
6963000 16
6964000 16
6965000 16
6966000 16
6967000 16
6968000 16
6969000 16
6970000 16
6971000 16
6972000 16
6973000 16
6974000 16
6975000 16
6976000 16
6977000 16
6978000 16
6979000 16
6980000 16
6981000 16
6982000 16
6983000 16
6984000 16
6985000 16
6986000 16
6987000 16
6988000 16
6989000 16
6990000 16
6991000 16
6992000 16
6993000 16
6994000 16
6995000 16
6996000 16
6997000 16
6998000 16
6999000 16
