# frame 	 heights
0 6
1000 6
2000 6
3000 6
4000 6
5000 6
6000 6
7000 6
8000 6
9000 6
10000 6
11000 6
12000 6
13000 6
14000 6
15000 6
16000 6
17000 6
18000 6
19000 6
20000 6
21000 6
22000 6
23000 6
24000 6
25000 6
26000 6
27000 6
28000 6
29000 6
30000 6
31000 6
32000 6
33000 6
34000 6
35000 6
36000 6
37000 6
38000 6
39000 6
40000 6
41000 6
42000 6
43000 6
44000 6
45000 6
46000 6
47000 6
48000 6
49000 6
50000 6
51000 6
52000 6
53000 6
54000 6
55000 6
56000 6
57000 6
58000 6
59000 6
60000 6
61000 6
62000 6
63000 6
64000 6
65000 6
66000 6
67000 6
68000 6
69000 6
70000 6
71000 6
72000 6
73000 6
74000 6
75000 6
76000 6
77000 6
78000 6
79000 6
80000 6
81000 6
82000 6
83000 6
84000 6
85000 6
86000 6
87000 6
88000 6
89000 6
90000 6
91000 6
92000 6
93000 6
94000 6
95000 6
96000 6
97000 6
98000 6
99000 6
100000 6
101000 6
102000 6
103000 6
104000 6
105000 6
106000 6
107000 6
108000 6
109000 6
110000 6
111000 6
112000 6
113000 6
114000 6
115000 6
116000 6
117000 6
118000 6
119000 6
120000 6
121000 6
122000 6
123000 6
124000 6
125000 6
126000 6
127000 6
128000 6
129000 6
130000 6
131000 6
132000 6
133000 6
134000 6
135000 6
136000 6
137000 6
138000 6
139000 6
140000 6
141000 6
142000 6
143000 6
144000 6
145000 6
146000 6
147000 6
148000 6
149000 6
150000 6
151000 6
152000 6
153000 6
154000 6
155000 6
156000 6
157000 6
158000 6
159000 6
160000 6
161000 6
162000 6
163000 6
164000 6
165000 6
166000 6
167000 6
168000 6
169000 6
170000 6
171000 6
172000 6
173000 6
174000 6
175000 6
176000 6
177000 6
178000 6
179000 6
180000 6
181000 6
182000 6
183000 6
184000 6
185000 6
186000 6
187000 6
188000 6
189000 6
190000 6
191000 6
192000 6
193000 6
194000 6
195000 6
196000 6
197000 6
198000 6
199000 6
200000 6
201000 6
202000 6
203000 6
204000 6
205000 6
206000 6
207000 6
208000 6
209000 6
210000 6
211000 6
212000 6
213000 6
214000 6
215000 6
216000 6
217000 6
218000 6
219000 6
220000 6
221000 6
222000 6
223000 6
224000 6
225000 6
226000 6
227000 6
228000 6
229000 6
230000 6
231000 6
232000 6
233000 6
234000 6
235000 6
236000 6
237000 6
238000 6
239000 6
240000 6
241000 6
242000 6
243000 6
244000 6
245000 6
246000 6
247000 6
248000 6
249000 6
250000 6
251000 6
252000 6
253000 6
254000 6
255000 6
256000 6
257000 6
258000 6
259000 6
260000 6
261000 6
262000 6
263000 6
264000 6
265000 6
266000 6
267000 6
268000 6
269000 6
270000 6
271000 6
272000 6
273000 6
274000 6
275000 6
276000 6
277000 6
278000 6
279000 6
280000 6
281000 6
282000 6
283000 6
284000 6
285000 6
286000 6
287000 6
288000 6
289000 6
290000 6
291000 6
292000 6
293000 6
294000 6
295000 6
296000 6
297000 6
298000 6
299000 6
300000 6
301000 6
302000 6
303000 6
304000 6
305000 6
306000 6
307000 6
308000 6
309000 6
310000 6
311000 6
312000 6
313000 6
314000 6
315000 6
316000 6
317000 6
318000 6
319000 6
320000 6
321000 6
322000 6
323000 6
324000 6
325000 6
326000 6
327000 6
328000 6
329000 6
330000 6
331000 6
332000 6
333000 6
334000 6
335000 6
336000 6
337000 6
338000 6
339000 6
340000 6
341000 6
342000 6
343000 6
344000 6
345000 6
346000 6
347000 6
348000 6
349000 6
350000 6
351000 6
352000 6
353000 6
354000 6
355000 6
356000 6
357000 6
358000 6
359000 6
360000 6
361000 6
362000 6
363000 6
364000 6
365000 6
366000 6
367000 6
368000 6
369000 6
370000 6
371000 6
372000 6
373000 6
374000 6
375000 6
376000 6
377000 6
378000 6
379000 6
380000 6
381000 6
382000 6
383000 6
384000 6
385000 6
386000 6
387000 6
388000 6
389000 6
390000 6
391000 6
392000 6
393000 6
394000 6
395000 6
396000 6
397000 6
398000 6
399000 6
400000 6
401000 6
402000 6
403000 6
404000 6
405000 6
406000 6
407000 6
408000 6
409000 6
410000 6
411000 6
412000 6
413000 6
414000 6
415000 6
416000 6
417000 6
418000 6
419000 6
420000 6
421000 6
422000 6
423000 6
424000 6
425000 6
426000 6
427000 6
428000 6
429000 6
430000 6
431000 6
432000 6
433000 6
434000 6
435000 6
436000 6
437000 6
438000 6
439000 6
440000 6
441000 6
442000 6
443000 6
444000 6
445000 6
446000 6
447000 6
448000 6
449000 6
450000 6
451000 6
452000 6
453000 6
454000 6
455000 6
456000 6
457000 6
458000 6
459000 6
460000 6
461000 6
462000 6
463000 6
464000 6
465000 6
466000 6
467000 6
468000 6
469000 6
470000 6
471000 6
472000 6
473000 6
474000 6
475000 6
476000 6
477000 6
478000 6
479000 6
480000 6
481000 6
482000 6
483000 6
484000 6
485000 6
486000 6
487000 6
488000 6
489000 6
490000 6
491000 6
492000 6
493000 6
494000 6
495000 6
496000 6
497000 6
498000 6
499000 6
500000 6
501000 6
502000 6
503000 6
504000 6
505000 6
506000 6
507000 6
508000 6
509000 6
510000 6
511000 6
512000 6
513000 6
514000 6
515000 6
516000 6
517000 6
518000 6
519000 6
520000 6
521000 6
522000 6
523000 6
524000 6
525000 6
526000 6
527000 6
528000 6
529000 6
530000 6
531000 6
532000 6
533000 6
534000 6
535000 6
536000 6
537000 6
538000 6
539000 6
540000 6
541000 6
542000 6
543000 6
544000 6
545000 6
546000 6
547000 6
548000 6
549000 6
550000 6
551000 6
552000 6
553000 6
554000 6
555000 6
556000 6
557000 6
558000 6
559000 6
560000 6
561000 6
562000 6
563000 6
564000 6
565000 6
566000 6
567000 6
568000 6
569000 6
570000 6
571000 6
572000 6
573000 6
574000 6
575000 6
576000 6
577000 6
578000 6
579000 6
580000 6
581000 6
582000 6
583000 6
584000 6
585000 6
586000 6
587000 6
588000 6
589000 6
590000 6
591000 6
592000 6
593000 6
594000 6
595000 6
596000 6
597000 6
598000 6
599000 6
600000 6
601000 6
602000 6
603000 6
604000 6
605000 6
606000 6
607000 6
608000 6
609000 6
610000 6
611000 6
612000 6
613000 6
614000 6
615000 6
616000 6
617000 6
618000 6
619000 6
620000 6
621000 6
622000 6
623000 6
624000 6
625000 6
626000 6
627000 6
628000 6
629000 6
630000 6
631000 6
632000 6
633000 6
634000 6
635000 6
636000 6
637000 6
638000 6
639000 6
640000 6
641000 6
642000 6
643000 6
644000 6
645000 6
646000 6
647000 6
648000 6
649000 6
650000 6
651000 6
652000 6
653000 6
654000 6
655000 6
656000 6
657000 6
658000 6
659000 6
660000 6
661000 6
662000 6
663000 6
664000 6
665000 6
666000 6
667000 6
668000 6
669000 6
670000 6
671000 6
672000 6
673000 6
674000 6
675000 6
676000 6
677000 6
678000 6
679000 6
680000 6
681000 6
682000 6
683000 6
684000 6
685000 6
686000 6
687000 6
688000 6
689000 6
690000 6
691000 6
692000 6
693000 6
694000 6
695000 6
696000 6
697000 6
698000 6
699000 6
700000 6
701000 6
702000 6
703000 6
704000 6
705000 6
706000 6
707000 6
708000 6
709000 6
710000 6
711000 6
712000 6
713000 6
714000 6
715000 6
716000 6
717000 6
718000 6
719000 6
720000 6
721000 6
722000 6
723000 6
724000 6
725000 6
726000 6
727000 6
728000 6
729000 6
730000 6
731000 6
732000 6
733000 6
734000 6
735000 6
736000 6
737000 6
738000 6
739000 6
740000 6
741000 6
742000 6
743000 6
744000 6
745000 6
746000 6
747000 6
748000 6
749000 6
750000 6
751000 6
752000 6
753000 6
754000 6
755000 6
756000 6
757000 6
758000 6
759000 6
760000 6
761000 6
762000 6
763000 6
764000 6
765000 6
766000 6
767000 6
768000 6
769000 6
770000 6
771000 6
772000 6
773000 6
774000 6
775000 6
776000 6
777000 6
778000 6
779000 6
780000 6
781000 6
782000 6
783000 6
784000 6
785000 6
786000 6
787000 6
788000 6
789000 6
790000 6
791000 6
792000 6
793000 6
794000 6
795000 6
796000 6
797000 6
798000 6
799000 6
800000 6
801000 6
802000 6
803000 6
804000 6
805000 6
806000 6
807000 6
808000 6
809000 6
810000 6
811000 6
812000 6
813000 6
814000 6
815000 6
816000 6
817000 6
818000 6
819000 6
820000 6
821000 6
822000 6
823000 6
824000 6
825000 6
826000 6
827000 6
828000 6
829000 6
830000 6
831000 6
832000 6
833000 6
834000 6
835000 6
836000 6
837000 6
838000 6
839000 6
840000 6
841000 6
842000 6
843000 6
844000 6
845000 6
846000 6
847000 6
848000 6
849000 6
850000 6
851000 6
852000 6
853000 6
854000 6
855000 6
856000 6
857000 6
858000 6
859000 6
860000 6
861000 6
862000 6
863000 6
864000 6
865000 6
866000 6
867000 6
868000 6
869000 6
870000 6
871000 6
872000 6
873000 6
874000 6
875000 6
876000 6
877000 6
878000 6
879000 6
880000 6
881000 6
882000 6
883000 6
884000 6
885000 6
886000 6
887000 6
888000 6
889000 6
890000 6
891000 6
892000 6
893000 6
894000 6
895000 6
896000 6
897000 6
898000 6
899000 6
900000 6
901000 6
902000 6
903000 6
904000 6
905000 6
906000 6
907000 6
908000 6
909000 6
910000 6
911000 6
912000 6
913000 6
914000 6
915000 6
916000 6
917000 6
918000 6
919000 6
920000 6
921000 6
922000 6
923000 6
924000 6
925000 6
926000 6
927000 6
928000 6
929000 6
930000 6
931000 6
932000 6
933000 6
934000 6
935000 6
936000 6
937000 6
938000 6
939000 6
940000 6
941000 6
942000 6
943000 6
944000 6
945000 6
946000 6
947000 6
948000 6
949000 6
950000 6
951000 6
952000 6
953000 6
954000 6
955000 6
956000 6
957000 6
958000 6
959000 6
960000 6
961000 6
962000 6
963000 6
964000 6
965000 6
966000 6
967000 6
968000 6
969000 6
970000 6
971000 6
972000 6
973000 6
974000 6
975000 6
976000 6
977000 6
978000 6
979000 6
980000 6
981000 6
982000 6
983000 6
984000 6
985000 6
986000 6
987000 6
988000 6
989000 6
990000 6
991000 6
992000 6
993000 6
994000 6
995000 6
996000 6
997000 6
998000 6
999000 6
1000000 6
1001000 6
1002000 6
1003000 6
1004000 6
1005000 6
1006000 6
1007000 6
1008000 6
1009000 6
1010000 6
1011000 6
1012000 6
1013000 6
1014000 6
1015000 6
1016000 6
1017000 6
1018000 6
1019000 6
1020000 6
1021000 6
1022000 6
1023000 6
1024000 6
1025000 6
1026000 6
1027000 6
1028000 6
1029000 6
1030000 6
1031000 6
1032000 6
1033000 6
1034000 6
1035000 6
1036000 6
1037000 6
1038000 6
1039000 6
1040000 6
1041000 6
1042000 6
1043000 6
1044000 6
1045000 6
1046000 6
1047000 6
1048000 6
1049000 6
1050000 6
1051000 6
1052000 6
1053000 6
1054000 6
1055000 6
1056000 6
1057000 6
1058000 6
1059000 6
1060000 6
1061000 6
1062000 6
1063000 6
1064000 6
1065000 6
1066000 6
1067000 6
1068000 6
1069000 6
1070000 6
1071000 6
1072000 6
1073000 6
1074000 6
1075000 6
1076000 6
1077000 6
1078000 6
1079000 6
1080000 6
1081000 6
1082000 6
1083000 6
1084000 6
1085000 6
1086000 6
1087000 6
1088000 6
1089000 6
1090000 6
1091000 6
1092000 6
1093000 6
1094000 6
1095000 6
1096000 6
1097000 6
1098000 6
1099000 6
1100000 6
1101000 6
1102000 6
1103000 6
1104000 6
1105000 6
1106000 6
1107000 6
1108000 6
1109000 6
1110000 6
1111000 6
1112000 6
1113000 6
1114000 6
1115000 6
1116000 6
1117000 6
1118000 6
1119000 6
1120000 6
1121000 6
1122000 6
1123000 6
1124000 6
1125000 6
1126000 6
1127000 6
1128000 6
1129000 6
1130000 6
1131000 6
1132000 6
1133000 6
1134000 6
1135000 6
1136000 6
1137000 6
1138000 6
1139000 6
1140000 6
1141000 6
1142000 6
1143000 6
1144000 6
1145000 6
1146000 6
1147000 6
1148000 6
1149000 6
1150000 6
1151000 6
1152000 6
1153000 6
1154000 6
1155000 6
1156000 6
1157000 6
1158000 6
1159000 6
1160000 6
1161000 6
1162000 6
1163000 6
1164000 6
1165000 6
1166000 6
1167000 6
1168000 6
1169000 6
1170000 6
1171000 6
1172000 6
1173000 6
1174000 6
1175000 6
1176000 6
1177000 6
1178000 6
1179000 6
1180000 6
1181000 6
1182000 6
1183000 6
1184000 6
1185000 6
1186000 6
1187000 6
1188000 6
1189000 6
1190000 6
1191000 6
1192000 6
1193000 6
1194000 6
1195000 6
1196000 6
1197000 6
1198000 6
1199000 6
1200000 6
1201000 6
1202000 6
1203000 6
1204000 6
1205000 6
1206000 6
1207000 6
1208000 6
1209000 6
1210000 6
1211000 6
1212000 6
1213000 6
1214000 6
1215000 6
1216000 6
1217000 6
1218000 6
1219000 6
1220000 6
1221000 6
1222000 6
1223000 6
1224000 6
1225000 6
1226000 6
1227000 6
1228000 6
1229000 6
1230000 6
1231000 6
1232000 6
1233000 6
1234000 6
1235000 6
1236000 6
1237000 6
1238000 6
1239000 6
1240000 6
1241000 6
1242000 6
1243000 6
1244000 6
1245000 6
1246000 6
1247000 6
1248000 6
1249000 6
1250000 6
1251000 6
1252000 6
1253000 6
1254000 6
1255000 6
1256000 6
1257000 6
1258000 6
1259000 6
1260000 6
1261000 6
1262000 6
1263000 6
1264000 6
1265000 6
1266000 6
1267000 6
1268000 6
1269000 6
1270000 6
1271000 6
1272000 6
1273000 6
1274000 6
1275000 6
1276000 6
1277000 6
1278000 6
1279000 6
1280000 6
1281000 6
1282000 6
1283000 6
1284000 6
1285000 6
1286000 6
1287000 6
1288000 6
1289000 6
1290000 6
1291000 6
1292000 6
1293000 6
1294000 6
1295000 6
1296000 6
1297000 6
1298000 6
1299000 6
1300000 6
1301000 6
1302000 6
1303000 6
1304000 6
1305000 6
1306000 6
1307000 6
1308000 6
1309000 6
1310000 6
1311000 6
1312000 6
1313000 6
1314000 6
1315000 6
1316000 6
1317000 6
1318000 6
1319000 6
1320000 6
1321000 6
1322000 6
1323000 6
1324000 6
1325000 6
1326000 6
1327000 6
1328000 6
1329000 6
1330000 6
1331000 6
1332000 6
1333000 6
1334000 6
1335000 6
1336000 6
1337000 6
1338000 6
1339000 6
1340000 6
1341000 6
1342000 6
1343000 6
1344000 6
1345000 6
1346000 6
1347000 6
1348000 6
1349000 6
1350000 6
1351000 6
1352000 6
1353000 6
1354000 6
1355000 6
1356000 6
1357000 6
1358000 6
1359000 6
1360000 6
1361000 6
1362000 6
1363000 6
1364000 6
1365000 6
1366000 6
1367000 6
1368000 6
1369000 6
1370000 6
1371000 6
1372000 6
1373000 6
1374000 6
1375000 6
1376000 6
1377000 6
1378000 6
1379000 6
1380000 6
1381000 6
1382000 6
1383000 6
1384000 6
1385000 6
1386000 6
1387000 6
1388000 6
1389000 6
1390000 6
1391000 6
1392000 6
1393000 6
1394000 6
1395000 6
1396000 6
1397000 6
1398000 6
1399000 6
1400000 6
1401000 6
1402000 6
1403000 6
1404000 6
1405000 6
1406000 6
1407000 6
1408000 6
1409000 6
1410000 6
1411000 6
1412000 6
1413000 6
1414000 6
1415000 6
1416000 6
1417000 6
1418000 6
1419000 6
1420000 6
1421000 6
1422000 6
1423000 6
1424000 6
1425000 6
1426000 6
1427000 6
1428000 6
1429000 6
1430000 6
1431000 6
1432000 6
1433000 6
1434000 6
1435000 6
1436000 6
1437000 6
1438000 6
1439000 6
1440000 6
1441000 6
1442000 6
1443000 6
1444000 6
1445000 6
1446000 6
1447000 6
1448000 6
1449000 6
1450000 6
1451000 6
1452000 6
1453000 6
1454000 6
1455000 6
1456000 6
1457000 6
1458000 6
1459000 6
1460000 6
1461000 6
1462000 6
1463000 6
1464000 6
1465000 6
1466000 6
1467000 6
1468000 6
1469000 6
1470000 6
1471000 6
1472000 6
1473000 6
1474000 6
1475000 6
1476000 6
1477000 6
1478000 6
1479000 6
1480000 6
1481000 6
1482000 6
1483000 6
1484000 6
1485000 6
1486000 6
1487000 6
1488000 6
1489000 6
1490000 6
1491000 6
1492000 6
1493000 6
1494000 6
1495000 6
1496000 6
1497000 6
1498000 6
1499000 6
1500000 6
1501000 6
1502000 6
1503000 6
1504000 6
1505000 6
1506000 6
1507000 6
1508000 6
1509000 6
1510000 6
1511000 6
1512000 6
1513000 6
1514000 6
1515000 6
1516000 6
1517000 6
1518000 6
1519000 6
1520000 6
1521000 6
1522000 6
1523000 6
1524000 6
1525000 6
1526000 6
1527000 6
1528000 6
1529000 6
1530000 6
1531000 6
1532000 6
1533000 6
1534000 6
1535000 6
1536000 6
1537000 6
1538000 6
1539000 6
1540000 6
1541000 6
1542000 6
1543000 6
1544000 6
1545000 6
1546000 6
1547000 6
1548000 6
1549000 6
1550000 6
1551000 6
1552000 6
1553000 6
1554000 6
1555000 6
1556000 6
1557000 6
1558000 6
1559000 6
1560000 6
1561000 6
1562000 6
1563000 6
1564000 6
1565000 6
1566000 6
1567000 6
1568000 6
1569000 6
1570000 6
1571000 6
1572000 6
1573000 6
1574000 6
1575000 6
1576000 6
1577000 6
1578000 6
1579000 6
1580000 6
1581000 6
1582000 6
1583000 6
1584000 6
1585000 6
1586000 6
1587000 6
1588000 6
1589000 6
1590000 6
1591000 6
1592000 6
1593000 6
1594000 6
1595000 6
1596000 6
1597000 6
1598000 6
1599000 6
1600000 6
1601000 6
1602000 6
1603000 6
1604000 6
1605000 6
1606000 6
1607000 6
1608000 6
1609000 6
1610000 6
1611000 6
1612000 6
1613000 6
1614000 6
1615000 6
1616000 6
1617000 6
1618000 6
1619000 6
1620000 6
1621000 6
1622000 6
1623000 6
1624000 6
1625000 6
1626000 6
1627000 6
1628000 6
1629000 6
1630000 6
1631000 6
1632000 6
1633000 6
1634000 6
1635000 6
1636000 6
1637000 6
1638000 6
1639000 6
1640000 6
1641000 6
1642000 6
1643000 6
1644000 6
1645000 6
1646000 6
1647000 6
1648000 6
1649000 6
1650000 6
1651000 6
1652000 6
1653000 6
1654000 6
1655000 6
1656000 6
1657000 6
1658000 6
1659000 6
1660000 6
1661000 6
1662000 6
1663000 6
1664000 6
1665000 6
1666000 6
1667000 6
1668000 6
1669000 6
1670000 6
1671000 6
1672000 6
1673000 6
1674000 6
1675000 6
1676000 6
1677000 6
1678000 6
1679000 6
1680000 6
1681000 6
1682000 6
1683000 6
1684000 6
1685000 6
1686000 6
1687000 6
1688000 6
1689000 6
1690000 6
1691000 6
1692000 6
1693000 6
1694000 6
1695000 6
1696000 6
1697000 6
1698000 6
1699000 6
1700000 6
1701000 6
1702000 6
1703000 6
1704000 6
1705000 6
1706000 6
1707000 6
1708000 6
1709000 6
1710000 6
1711000 6
1712000 6
1713000 6
1714000 6
1715000 6
1716000 6
1717000 6
1718000 6
1719000 6
1720000 6
1721000 6
1722000 6
1723000 6
1724000 6
1725000 6
1726000 6
1727000 6
1728000 6
1729000 6
1730000 6
1731000 6
1732000 6
1733000 6
1734000 6
1735000 6
1736000 6
1737000 6
1738000 6
1739000 6
1740000 6
1741000 6
1742000 6
1743000 6
1744000 6
1745000 6
1746000 6
1747000 6
1748000 6
1749000 6
1750000 6
1751000 6
1752000 6
1753000 6
1754000 6
1755000 6
1756000 6
1757000 6
1758000 6
1759000 6
1760000 6
1761000 6
1762000 6
1763000 6
1764000 6
1765000 6
1766000 6
1767000 6
1768000 6
1769000 6
1770000 6
1771000 6
1772000 6
1773000 6
1774000 6
1775000 6
1776000 6
1777000 6
1778000 6
1779000 6
1780000 6
1781000 6
1782000 6
1783000 6
1784000 6
1785000 6
1786000 6
1787000 6
1788000 6
1789000 6
1790000 6
1791000 6
1792000 6
1793000 6
1794000 6
1795000 6
1796000 6
1797000 6
1798000 6
1799000 6
1800000 6
1801000 6
1802000 6
1803000 6
1804000 6
1805000 6
1806000 6
1807000 6
1808000 6
1809000 6
1810000 6
1811000 6
1812000 6
1813000 6
1814000 6
1815000 6
1816000 6
1817000 6
1818000 6
1819000 6
1820000 6
1821000 6
1822000 6
1823000 6
1824000 6
1825000 6
1826000 6
1827000 6
1828000 6
1829000 6
1830000 6
1831000 6
1832000 6
1833000 6
1834000 6
1835000 6
1836000 6
1837000 6
1838000 6
1839000 6
1840000 6
1841000 6
1842000 6
1843000 6
1844000 6
1845000 6
1846000 6
1847000 6
1848000 6
1849000 6
1850000 6
1851000 6
1852000 6
1853000 6
1854000 6
1855000 6
1856000 6
1857000 6
1858000 6
1859000 6
1860000 6
1861000 6
1862000 6
1863000 6
1864000 6
1865000 6
1866000 6
1867000 6
1868000 6
1869000 6
1870000 6
1871000 6
1872000 6
1873000 6
1874000 6
1875000 6
1876000 6
1877000 6
1878000 6
1879000 6
1880000 6
1881000 6
1882000 6
1883000 6
1884000 6
1885000 6
1886000 6
1887000 6
1888000 6
1889000 6
1890000 6
1891000 6
1892000 6
1893000 6
1894000 6
1895000 6
1896000 6
1897000 6
1898000 6
1899000 6
1900000 6
1901000 6
1902000 6
1903000 6
1904000 6
1905000 6
1906000 6
1907000 6
1908000 6
1909000 6
1910000 6
1911000 6
1912000 6
1913000 6
1914000 6
1915000 6
1916000 6
1917000 6
1918000 6
1919000 6
1920000 6
1921000 6
1922000 6
1923000 6
1924000 6
1925000 6
1926000 6
1927000 6
1928000 6
1929000 6
1930000 6
1931000 6
1932000 6
1933000 6
1934000 6
1935000 6
1936000 6
1937000 6
1938000 6
1939000 6
1940000 6
1941000 6
1942000 6
1943000 6
1944000 6
1945000 6
1946000 6
1947000 6
1948000 6
1949000 6
1950000 6
1951000 6
1952000 6
1953000 6
1954000 6
1955000 6
1956000 6
1957000 6
1958000 6
1959000 6
1960000 6
1961000 6
1962000 6
1963000 6
1964000 6
1965000 6
1966000 6
1967000 6
1968000 6
1969000 6
1970000 6
1971000 6
1972000 6
1973000 6
1974000 6
1975000 6
1976000 6
1977000 6
1978000 6
1979000 6
1980000 6
1981000 6
1982000 6
1983000 6
1984000 6
1985000 6
1986000 6
1987000 6
1988000 6
1989000 6
1990000 6
1991000 6
1992000 6
1993000 6
1994000 6
1995000 6
1996000 6
1997000 6
1998000 6
1999000 6
2000000 6
2001000 6
2002000 6
2003000 6
2004000 6
2005000 6
2006000 6
2007000 6
2008000 6
2009000 6
2010000 6
2011000 6
2012000 6
2013000 6
2014000 6
2015000 6
2016000 6
2017000 6
2018000 6
2019000 6
2020000 6
2021000 6
2022000 6
2023000 6
2024000 6
2025000 6
2026000 6
2027000 6
2028000 6
2029000 6
2030000 6
2031000 6
2032000 6
2033000 6
2034000 6
2035000 6
2036000 6
2037000 6
2038000 6
2039000 6
2040000 6
2041000 6
2042000 6
2043000 6
2044000 6
2045000 6
2046000 6
2047000 6
2048000 6
2049000 6
2050000 6
2051000 6
2052000 6
2053000 6
2054000 6
2055000 6
2056000 6
2057000 6
2058000 6
2059000 6
2060000 6
2061000 6
2062000 6
2063000 6
2064000 6
2065000 6
2066000 6
2067000 6
2068000 6
2069000 6
2070000 6
2071000 6
2072000 6
2073000 6
2074000 6
2075000 6
2076000 6
2077000 6
2078000 6
2079000 6
2080000 6
2081000 6
2082000 6
2083000 6
2084000 6
2085000 6
2086000 6
2087000 6
2088000 6
2089000 6
2090000 6
2091000 6
2092000 6
2093000 6
2094000 6
2095000 6
2096000 6
2097000 6
2098000 6
2099000 6
2100000 6
2101000 6
2102000 6
2103000 6
2104000 6
2105000 6
2106000 6
2107000 6
2108000 6
2109000 6
2110000 6
2111000 6
2112000 6
2113000 6
2114000 6
2115000 6
2116000 6
2117000 6
2118000 6
2119000 6
2120000 6
2121000 6
2122000 6
2123000 6
2124000 6
2125000 6
2126000 6
2127000 6
2128000 6
2129000 6
2130000 6
2131000 6
2132000 6
2133000 6
2134000 6
2135000 6
2136000 6
2137000 6
2138000 6
2139000 6
2140000 6
2141000 6
2142000 6
2143000 6
2144000 6
2145000 6
2146000 6
2147000 6
2148000 6
2149000 6
2150000 6
2151000 6
2152000 6
2153000 6
2154000 6
2155000 6
2156000 6
2157000 6
2158000 6
2159000 6
2160000 6
2161000 6
2162000 6
2163000 6
2164000 6
2165000 6
2166000 6
2167000 6
2168000 6
2169000 6
2170000 6
2171000 6
2172000 6
2173000 6
2174000 6
2175000 6
2176000 6
2177000 6
2178000 6
2179000 6
2180000 6
2181000 6
2182000 6
2183000 6
2184000 6
2185000 6
2186000 6
2187000 6
2188000 6
2189000 6
2190000 6
2191000 6
2192000 6
2193000 6
2194000 6
2195000 6
2196000 6
2197000 6
2198000 6
2199000 6
2200000 6
2201000 6
2202000 6
2203000 6
2204000 6
2205000 6
2206000 6
2207000 6
2208000 6
2209000 6
2210000 6
2211000 6
2212000 6
2213000 6
2214000 6
2215000 6
2216000 6
2217000 6
2218000 6
2219000 6
2220000 6
2221000 6
2222000 6
2223000 6
2224000 6
2225000 6
2226000 6
2227000 6
2228000 6
2229000 6
2230000 6
2231000 6
2232000 6
2233000 6
2234000 6
2235000 6
2236000 6
2237000 6
2238000 6
2239000 6
2240000 6
2241000 6
2242000 6
2243000 6
2244000 6
2245000 6
2246000 6
2247000 6
2248000 6
2249000 6
2250000 6
2251000 6
2252000 6
2253000 6
2254000 6
2255000 6
2256000 6
2257000 6
2258000 6
2259000 6
2260000 6
2261000 6
2262000 6
2263000 6
2264000 6
2265000 6
2266000 6
2267000 6
2268000 6
2269000 6
2270000 6
2271000 6
2272000 6
2273000 6
2274000 6
2275000 6
2276000 6
2277000 6
2278000 6
2279000 6
2280000 6
2281000 6
2282000 6
2283000 6
2284000 6
2285000 6
2286000 6
2287000 6
2288000 6
2289000 6
2290000 6
2291000 6
2292000 6
2293000 6
2294000 6
2295000 6
2296000 6
2297000 6
2298000 6
2299000 6
2300000 6
2301000 6
2302000 6
2303000 6
2304000 6
2305000 6
2306000 6
2307000 6
2308000 6
2309000 6
2310000 6
2311000 6
2312000 6
2313000 6
2314000 6
2315000 6
2316000 6
2317000 6
2318000 6
2319000 6
2320000 6
2321000 6
2322000 6
2323000 6
2324000 6
2325000 6
2326000 6
2327000 6
2328000 6
2329000 6
2330000 6
2331000 6
2332000 6
2333000 6
2334000 6
2335000 6
2336000 6
2337000 6
2338000 6
2339000 6
2340000 6
2341000 6
2342000 6
2343000 6
2344000 6
2345000 6
2346000 6
2347000 6
2348000 6
2349000 6
2350000 6
2351000 6
2352000 6
2353000 6
2354000 6
2355000 6
2356000 6
2357000 6
2358000 6
2359000 6
2360000 6
2361000 6
2362000 6
2363000 6
2364000 6
2365000 6
2366000 6
2367000 6
2368000 6
2369000 6
2370000 6
2371000 6
2372000 6
2373000 6
2374000 6
2375000 6
2376000 6
2377000 6
2378000 6
2379000 6
2380000 6
2381000 6
2382000 6
2383000 6
2384000 6
2385000 6
2386000 6
2387000 6
2388000 6
2389000 6
2390000 6
2391000 6
2392000 6
2393000 6
2394000 6
2395000 6
2396000 6
2397000 6
2398000 6
2399000 6
2400000 6
2401000 6
2402000 6
2403000 6
2404000 6
2405000 6
2406000 6
2407000 6
2408000 6
2409000 6
2410000 6
2411000 6
2412000 6
2413000 6
2414000 6
2415000 6
2416000 6
2417000 6
2418000 6
2419000 6
2420000 6
2421000 6
2422000 6
2423000 6
2424000 6
2425000 6
2426000 6
2427000 6
2428000 6
2429000 6
2430000 6
2431000 6
2432000 6
2433000 6
2434000 6
2435000 6
2436000 6
2437000 6
2438000 6
2439000 6
2440000 6
2441000 6
2442000 6
2443000 6
2444000 6
2445000 6
2446000 6
2447000 6
2448000 6
2449000 6
2450000 6
2451000 6
2452000 6
2453000 6
2454000 6
2455000 6
2456000 6
2457000 6
2458000 6
2459000 6
2460000 6
2461000 6
2462000 6
2463000 6
2464000 6
2465000 6
2466000 6
2467000 6
2468000 6
2469000 6
2470000 6
2471000 6
2472000 6
2473000 6
2474000 6
2475000 6
2476000 6
2477000 6
2478000 6
2479000 6
2480000 6
2481000 6
2482000 6
2483000 6
2484000 6
2485000 6
2486000 6
2487000 6
2488000 6
2489000 6
2490000 6
2491000 6
2492000 6
2493000 6
2494000 6
2495000 6
2496000 6
2497000 6
2498000 6
2499000 6
2500000 6
2501000 6
2502000 6
2503000 6
2504000 6
2505000 6
2506000 6
2507000 6
2508000 6
2509000 6
2510000 6
2511000 6
2512000 6
2513000 6
2514000 6
2515000 6
2516000 6
2517000 6
2518000 6
2519000 6
2520000 6
2521000 6
2522000 6
2523000 6
2524000 6
2525000 6
2526000 6
2527000 6
2528000 6
2529000 6
2530000 6
2531000 6
2532000 6
2533000 6
2534000 6
2535000 6
2536000 6
2537000 6
2538000 6
2539000 6
2540000 6
2541000 6
2542000 6
2543000 6
2544000 6
2545000 6
2546000 6
2547000 6
2548000 6
2549000 6
2550000 6
2551000 6
2552000 6
2553000 6
2554000 6
2555000 6
2556000 6
2557000 6
2558000 6
2559000 6
2560000 6
2561000 6
2562000 6
2563000 6
2564000 6
2565000 6
2566000 6
2567000 6
2568000 6
2569000 6
2570000 6
2571000 6
2572000 6
2573000 6
2574000 6
2575000 6
2576000 6
2577000 6
2578000 6
2579000 6
2580000 6
2581000 6
2582000 6
2583000 6
2584000 6
2585000 6
2586000 6
2587000 6
2588000 6
2589000 6
2590000 6
2591000 6
2592000 6
2593000 6
2594000 6
2595000 6
2596000 6
2597000 6
2598000 6
2599000 6
2600000 6
2601000 6
2602000 6
2603000 6
2604000 6
2605000 6
2606000 6
2607000 6
2608000 6
2609000 6
2610000 6
2611000 6
2612000 6
2613000 6
2614000 6
2615000 6
2616000 6
2617000 6
2618000 6
2619000 6
2620000 6
2621000 6
2622000 6
2623000 6
2624000 6
2625000 6
2626000 6
2627000 6
2628000 6
2629000 6
2630000 6
2631000 6
2632000 6
2633000 6
2634000 6
2635000 6
2636000 6
2637000 6
2638000 6
2639000 6
2640000 6
2641000 6
2642000 6
2643000 6
2644000 6
2645000 6
2646000 6
2647000 6
2648000 6
2649000 6
2650000 6
2651000 6
2652000 6
2653000 6
2654000 6
2655000 6
2656000 6
2657000 6
2658000 6
2659000 6
2660000 6
2661000 6
2662000 6
2663000 6
2664000 6
2665000 6
2666000 6
2667000 6
2668000 6
2669000 6
2670000 6
2671000 6
2672000 6
2673000 6
2674000 6
2675000 6
2676000 6
2677000 6
2678000 6
2679000 6
2680000 6
2681000 6
2682000 6
2683000 6
2684000 6
2685000 6
2686000 6
2687000 6
2688000 6
2689000 6
2690000 6
2691000 6
2692000 6
2693000 6
2694000 6
2695000 6
2696000 6
2697000 6
2698000 6
2699000 6
2700000 6
2701000 6
2702000 6
2703000 6
2704000 6
2705000 6
2706000 6
2707000 6
2708000 6
2709000 6
2710000 6
2711000 6
2712000 6
2713000 6
2714000 6
2715000 6
2716000 6
2717000 6
2718000 6
2719000 6
2720000 6
2721000 6
2722000 6
2723000 6
2724000 6
2725000 6
2726000 6
2727000 6
2728000 6
2729000 6
2730000 6
2731000 6
2732000 6
2733000 6
2734000 6
2735000 6
2736000 6
2737000 6
2738000 6
2739000 6
2740000 6
2741000 6
2742000 6
2743000 6
2744000 6
2745000 6
2746000 6
2747000 6
2748000 6
2749000 6
2750000 6
2751000 6
2752000 6
2753000 6
2754000 6
2755000 6
2756000 6
2757000 6
2758000 6
2759000 6
2760000 6
2761000 6
2762000 6
2763000 6
2764000 6
2765000 6
2766000 6
2767000 6
2768000 6
2769000 6
2770000 6
2771000 6
2772000 6
2773000 6
2774000 6
2775000 6
2776000 6
2777000 6
2778000 6
2779000 6
2780000 6
2781000 6
2782000 6
2783000 6
2784000 6
2785000 6
2786000 6
2787000 6
2788000 6
2789000 6
2790000 6
2791000 6
2792000 6
2793000 6
2794000 6
2795000 6
2796000 6
2797000 6
2798000 6
2799000 6
2800000 6
2801000 6
2802000 6
2803000 6
2804000 6
2805000 6
2806000 6
2807000 6
2808000 6
2809000 6
2810000 6
2811000 6
2812000 6
2813000 6
2814000 6
2815000 6
2816000 6
2817000 6
2818000 6
2819000 6
2820000 6
2821000 6
2822000 6
2823000 6
2824000 6
2825000 6
2826000 6
2827000 6
2828000 6
2829000 6
2830000 6
2831000 6
2832000 6
2833000 6
2834000 6
2835000 6
2836000 6
2837000 6
2838000 6
2839000 6
2840000 6
2841000 6
2842000 6
2843000 6
2844000 6
2845000 6
2846000 6
2847000 6
2848000 6
2849000 6
2850000 6
2851000 6
2852000 6
2853000 6
2854000 6
2855000 6
2856000 6
2857000 6
2858000 6
2859000 6
2860000 6
2861000 6
2862000 6
2863000 6
2864000 6
2865000 6
2866000 6
2867000 6
2868000 6
2869000 6
2870000 6
2871000 6
2872000 6
2873000 6
2874000 6
2875000 6
2876000 6
2877000 6
2878000 6
2879000 6
2880000 6
2881000 6
2882000 6
2883000 6
2884000 6
2885000 6
2886000 6
2887000 6
2888000 6
2889000 6
2890000 6
2891000 6
2892000 6
2893000 6
2894000 6
2895000 6
2896000 6
2897000 6
2898000 6
2899000 6
2900000 6
2901000 6
2902000 6
2903000 6
2904000 6
2905000 6
2906000 6
2907000 6
2908000 6
2909000 6
2910000 6
2911000 6
2912000 6
2913000 6
2914000 6
2915000 6
2916000 6
2917000 6
2918000 6
2919000 6
2920000 6
2921000 6
2922000 6
2923000 6
2924000 6
2925000 6
2926000 6
2927000 6
2928000 6
2929000 6
2930000 6
2931000 6
2932000 6
2933000 6
2934000 6
2935000 6
2936000 6
2937000 6
2938000 6
2939000 6
2940000 6
2941000 6
2942000 6
2943000 6
2944000 6
2945000 6
2946000 6
2947000 6
2948000 6
2949000 6
2950000 6
2951000 6
2952000 6
2953000 6
2954000 6
2955000 6
2956000 6
2957000 6
2958000 6
2959000 6
2960000 6
2961000 6
2962000 6
2963000 6
2964000 6
2965000 6
2966000 6
2967000 6
2968000 6
2969000 6
2970000 6
2971000 6
2972000 6
2973000 6
2974000 6
2975000 6
2976000 6
2977000 6
2978000 6
2979000 6
2980000 6
2981000 6
2982000 6
2983000 6
2984000 6
2985000 6
2986000 6
2987000 6
2988000 6
2989000 6
2990000 6
2991000 6
2992000 6
2993000 6
2994000 6
2995000 6
2996000 6
2997000 6
2998000 6
2999000 6
3000000 6
3001000 6
3002000 6
3003000 6
3004000 6
3005000 6
3006000 6
3007000 6
3008000 6
3009000 6
3010000 6
3011000 6
3012000 6
3013000 6
3014000 6
3015000 6
3016000 6
3017000 6
3018000 6
3019000 6
3020000 6
3021000 6
3022000 6
3023000 6
3024000 6
3025000 6
3026000 6
3027000 6
3028000 6
3029000 6
3030000 6
3031000 6
3032000 6
3033000 6
3034000 6
3035000 6
3036000 6
3037000 6
3038000 6
3039000 6
3040000 6
3041000 6
3042000 6
3043000 6
3044000 6
3045000 6
3046000 6
3047000 6
3048000 6
3049000 6
3050000 6
3051000 6
3052000 6
3053000 6
3054000 6
3055000 6
3056000 6
3057000 6
3058000 6
3059000 6
3060000 6
3061000 6
3062000 6
3063000 6
3064000 6
3065000 6
3066000 6
3067000 6
3068000 6
3069000 6
3070000 6
3071000 6
3072000 6
3073000 6
3074000 6
3075000 6
3076000 6
3077000 6
3078000 6
3079000 6
3080000 6
3081000 6
3082000 6
3083000 6
3084000 6
3085000 6
3086000 6
3087000 6
3088000 6
3089000 6
3090000 6
3091000 6
3092000 6
3093000 6
3094000 6
3095000 6
3096000 6
3097000 6
3098000 6
3099000 6
3100000 6
3101000 6
3102000 6
3103000 6
3104000 6
3105000 6
3106000 6
3107000 6
3108000 6
3109000 6
3110000 6
3111000 6
3112000 6
3113000 6
3114000 6
3115000 6
3116000 6
3117000 6
3118000 6
3119000 6
3120000 6
3121000 6
3122000 6
3123000 6
3124000 6
3125000 6
3126000 6
3127000 6
3128000 6
3129000 6
3130000 6
3131000 6
3132000 6
3133000 6
3134000 6
3135000 6
3136000 6
3137000 6
3138000 6
3139000 6
3140000 6
3141000 6
3142000 6
3143000 6
3144000 6
3145000 6
3146000 6
3147000 6
3148000 6
3149000 6
3150000 6
3151000 6
3152000 6
3153000 6
3154000 6
3155000 6
3156000 6
3157000 6
3158000 6
3159000 6
3160000 6
3161000 6
3162000 6
3163000 6
3164000 6
3165000 6
3166000 6
3167000 6
3168000 6
3169000 6
3170000 6
3171000 6
3172000 6
3173000 6
3174000 6
3175000 6
3176000 6
3177000 6
3178000 6
3179000 6
3180000 6
3181000 6
3182000 6
3183000 6
3184000 6
3185000 6
3186000 6
3187000 6
3188000 6
3189000 6
3190000 6
3191000 6
3192000 6
3193000 6
3194000 6
3195000 6
3196000 6
3197000 6
3198000 6
3199000 6
3200000 6
3201000 6
3202000 6
3203000 6
3204000 6
3205000 6
3206000 6
3207000 6
3208000 6
3209000 6
3210000 6
3211000 6
3212000 6
3213000 6
3214000 6
3215000 6
3216000 6
3217000 6
3218000 6
3219000 6
3220000 6
3221000 6
3222000 6
3223000 6
3224000 6
3225000 6
3226000 6
3227000 6
3228000 6
3229000 6
3230000 6
3231000 6
3232000 6
3233000 6
3234000 6
3235000 6
3236000 6
3237000 6
3238000 6
3239000 6
3240000 6
3241000 6
3242000 6
3243000 6
3244000 6
3245000 6
3246000 6
3247000 6
3248000 6
3249000 6
3250000 6
3251000 6
3252000 6
3253000 6
3254000 6
3255000 6
3256000 6
3257000 6
3258000 6
3259000 6
3260000 6
3261000 6
3262000 6
3263000 6
3264000 6
3265000 6
3266000 6
3267000 6
3268000 6
3269000 6
3270000 6
3271000 6
3272000 6
3273000 6
3274000 6
3275000 6
3276000 6
3277000 6
3278000 6
3279000 6
3280000 6
3281000 6
3282000 6
3283000 6
3284000 6
3285000 6
3286000 6
3287000 6
3288000 6
3289000 6
3290000 6
3291000 6
3292000 6
3293000 6
3294000 6
3295000 6
3296000 6
3297000 6
3298000 6
3299000 6
3300000 6
3301000 6
3302000 6
3303000 6
3304000 6
3305000 6
3306000 6
3307000 6
3308000 6
3309000 6
3310000 6
3311000 6
3312000 6
3313000 6
3314000 6
3315000 6
3316000 6
3317000 6
3318000 6
3319000 6
3320000 6
3321000 6
3322000 6
3323000 6
3324000 6
3325000 6
3326000 6
3327000 6
3328000 6
3329000 6
3330000 6
3331000 6
3332000 6
3333000 6
3334000 6
3335000 6
3336000 6
3337000 6
3338000 6
3339000 6
3340000 6
3341000 6
3342000 6
3343000 6
3344000 6
3345000 6
3346000 6
3347000 6
3348000 6
3349000 6
3350000 6
3351000 6
3352000 6
3353000 6
3354000 6
3355000 6
3356000 6
3357000 6
3358000 6
3359000 6
3360000 6
3361000 6
3362000 6
3363000 6
3364000 6
3365000 6
3366000 6
3367000 6
3368000 6
3369000 6
3370000 6
3371000 6
3372000 6
3373000 6
3374000 6
3375000 6
3376000 6
3377000 6
3378000 6
3379000 6
3380000 6
3381000 6
3382000 6
3383000 6
3384000 6
3385000 6
3386000 6
3387000 6
3388000 6
3389000 6
3390000 6
3391000 6
3392000 6
3393000 6
3394000 6
3395000 6
3396000 6
3397000 6
3398000 6
3399000 6
3400000 6
3401000 6
3402000 6
3403000 6
3404000 6
3405000 6
3406000 6
3407000 6
3408000 6
3409000 6
3410000 6
3411000 6
3412000 6
3413000 6
3414000 6
3415000 6
3416000 6
3417000 6
3418000 6
3419000 6
3420000 6
3421000 6
3422000 6
3423000 6
3424000 6
3425000 6
3426000 6
3427000 6
3428000 6
3429000 6
3430000 6
3431000 6
3432000 6
3433000 6
3434000 6
3435000 6
3436000 6
3437000 6
3438000 6
3439000 6
3440000 6
3441000 6
3442000 6
3443000 6
3444000 6
3445000 6
3446000 6
3447000 6
3448000 6
3449000 6
3450000 6
3451000 6
3452000 6
3453000 6
3454000 6
3455000 6
3456000 6
3457000 6
3458000 6
3459000 6
3460000 6
3461000 6
3462000 6
3463000 6
3464000 6
3465000 6
3466000 6
3467000 6
3468000 6
3469000 6
3470000 6
3471000 6
3472000 6
3473000 6
3474000 6
3475000 6
3476000 6
3477000 6
3478000 6
3479000 6
3480000 6
3481000 6
3482000 6
3483000 6
3484000 6
3485000 6
3486000 6
3487000 6
3488000 6
3489000 6
3490000 6
3491000 6
3492000 6
3493000 6
3494000 6
3495000 6
3496000 6
3497000 6
3498000 6
3499000 6
3500000 6
3501000 6
3502000 6
3503000 6
3504000 6
3505000 6
3506000 6
3507000 6
3508000 6
3509000 6
3510000 6
3511000 6
3512000 6
3513000 6
3514000 6
3515000 6
3516000 6
3517000 6
3518000 6
3519000 6
3520000 6
3521000 6
3522000 6
3523000 6
3524000 6
3525000 6
3526000 6
3527000 6
3528000 6
3529000 6
3530000 6
3531000 6
3532000 6
3533000 6
3534000 6
3535000 6
3536000 6
3537000 6
3538000 6
3539000 6
3540000 6
3541000 6
3542000 6
3543000 6
3544000 6
3545000 6
3546000 6
3547000 6
3548000 6
3549000 6
3550000 6
3551000 6
3552000 6
3553000 6
3554000 6
3555000 6
3556000 6
3557000 6
3558000 6
3559000 6
3560000 6
3561000 6
3562000 6
3563000 6
3564000 6
3565000 6
3566000 6
3567000 6
3568000 6
3569000 6
3570000 6
3571000 6
3572000 6
3573000 6
3574000 6
3575000 6
3576000 6
3577000 6
3578000 6
3579000 6
3580000 6
3581000 6
3582000 6
3583000 6
3584000 6
3585000 6
3586000 6
3587000 6
3588000 6
3589000 6
3590000 6
3591000 6
3592000 6
3593000 6
3594000 6
3595000 6
3596000 6
3597000 6
3598000 6
3599000 6
3600000 6
3601000 6
3602000 6
3603000 6
3604000 6
3605000 6
3606000 6
3607000 6
3608000 6
3609000 6
3610000 6
3611000 6
3612000 6
3613000 6
3614000 6
3615000 6
3616000 6
3617000 6
3618000 6
3619000 6
3620000 6
3621000 6
3622000 6
3623000 6
3624000 6
3625000 6
3626000 6
3627000 6
3628000 6
3629000 6
3630000 6
3631000 6
3632000 6
3633000 6
3634000 6
3635000 6
3636000 6
3637000 6
3638000 6
3639000 6
3640000 6
3641000 6
3642000 6
3643000 6
3644000 6
3645000 6
3646000 6
3647000 6
3648000 6
3649000 6
3650000 6
3651000 6
3652000 6
3653000 6
3654000 6
3655000 6
3656000 6
3657000 6
3658000 6
3659000 6
3660000 6
3661000 6
3662000 6
3663000 6
3664000 6
3665000 6
3666000 6
3667000 6
3668000 6
3669000 6
3670000 6
3671000 6
3672000 6
3673000 6
3674000 6
3675000 6
3676000 6
3677000 6
3678000 6
3679000 6
3680000 6
3681000 6
3682000 6
3683000 6
3684000 6
3685000 6
3686000 6
3687000 6
3688000 6
3689000 6
3690000 6
3691000 6
3692000 6
3693000 6
3694000 6
3695000 6
3696000 6
3697000 6
3698000 6
3699000 6
3700000 6
3701000 6
3702000 6
3703000 6
3704000 6
3705000 6
3706000 6
3707000 6
3708000 6
3709000 6
3710000 6
3711000 6
3712000 6
3713000 6
3714000 6
3715000 6
3716000 6
3717000 6
3718000 6
3719000 6
3720000 6
3721000 6
3722000 6
3723000 6
3724000 6
3725000 6
3726000 6
3727000 6
3728000 6
3729000 6
3730000 6
3731000 6
3732000 6
3733000 6
3734000 6
3735000 6
3736000 6
3737000 6
3738000 6
3739000 6
3740000 6
3741000 6
3742000 6
3743000 6
3744000 6
3745000 6
3746000 6
3747000 6
3748000 6
3749000 6
3750000 6
3751000 6
3752000 6
3753000 6
3754000 6
3755000 6
3756000 6
3757000 6
3758000 6
3759000 6
3760000 6
3761000 6
3762000 6
3763000 6
3764000 6
3765000 6
3766000 6
3767000 6
3768000 6
3769000 6
3770000 6
3771000 6
3772000 6
3773000 6
3774000 6
3775000 6
3776000 6
3777000 6
3778000 6
3779000 6
3780000 6
3781000 6
3782000 6
3783000 6
3784000 6
3785000 6
3786000 6
3787000 6
3788000 6
3789000 6
3790000 6
3791000 6
3792000 6
3793000 6
3794000 6
3795000 6
3796000 6
3797000 6
3798000 6
3799000 6
3800000 6
3801000 6
3802000 6
3803000 6
3804000 6
3805000 6
3806000 6
3807000 6
3808000 6
3809000 6
3810000 6
3811000 6
3812000 6
3813000 6
3814000 6
3815000 6
3816000 6
3817000 6
3818000 6
3819000 6
3820000 6
3821000 6
3822000 6
3823000 6
3824000 6
3825000 6
3826000 6
3827000 6
3828000 6
3829000 6
3830000 6
3831000 6
3832000 6
3833000 6
3834000 6
3835000 6
3836000 6
3837000 6
3838000 6
3839000 6
3840000 6
3841000 6
3842000 6
3843000 6
3844000 6
3845000 6
3846000 6
3847000 6
3848000 6
3849000 6
3850000 6
3851000 6
3852000 6
3853000 6
3854000 6
3855000 6
3856000 6
3857000 6
3858000 6
3859000 6
3860000 6
3861000 6
3862000 6
3863000 6
3864000 6
3865000 6
3866000 6
3867000 6
3868000 6
3869000 6
3870000 6
3871000 6
3872000 6
3873000 6
3874000 6
3875000 6
3876000 6
3877000 6
3878000 6
3879000 6
3880000 6
3881000 6
3882000 6
3883000 6
3884000 6
3885000 6
3886000 6
3887000 6
3888000 6
3889000 6
3890000 6
3891000 6
3892000 6
3893000 6
3894000 6
3895000 6
3896000 6
3897000 6
3898000 6
3899000 6
3900000 6
3901000 6
3902000 6
3903000 6
3904000 6
3905000 6
3906000 6
3907000 6
3908000 6
3909000 6
3910000 6
3911000 6
3912000 6
3913000 6
3914000 6
3915000 6
3916000 6
3917000 6
3918000 6
3919000 6
3920000 6
3921000 6
3922000 6
3923000 6
3924000 6
3925000 6
3926000 6
3927000 6
3928000 6
3929000 6
3930000 6
3931000 6
3932000 6
3933000 6
3934000 6
3935000 6
3936000 6
3937000 6
3938000 6
3939000 6
3940000 6
3941000 6
3942000 6
3943000 6
3944000 6
3945000 6
3946000 6
3947000 6
3948000 6
3949000 6
3950000 6
3951000 6
3952000 6
3953000 6
3954000 6
3955000 6
3956000 6
3957000 6
3958000 6
3959000 6
3960000 6
3961000 6
3962000 6
3963000 6
3964000 6
3965000 6
3966000 6
3967000 6
3968000 6
3969000 6
3970000 6
3971000 6
3972000 6
3973000 6
3974000 6
3975000 6
3976000 6
3977000 6
3978000 6
3979000 6
3980000 6
3981000 6
3982000 6
3983000 6
3984000 6
3985000 6
3986000 6
3987000 6
3988000 6
3989000 6
3990000 6
3991000 6
3992000 6
3993000 6
3994000 6
3995000 6
3996000 6
3997000 6
3998000 6
3999000 6
4000000 6
4001000 6
4002000 6
4003000 6
4004000 6
4005000 6
4006000 6
4007000 6
4008000 6
4009000 6
4010000 6
4011000 6
4012000 6
4013000 6
4014000 6
4015000 6
4016000 6
4017000 6
4018000 6
4019000 6
4020000 6
4021000 6
4022000 6
4023000 6
4024000 6
4025000 6
4026000 6
4027000 6
4028000 6
4029000 6
4030000 6
4031000 6
4032000 6
4033000 6
4034000 6
4035000 6
4036000 6
4037000 6
4038000 6
4039000 6
4040000 6
4041000 6
4042000 6
4043000 6
4044000 6
4045000 6
4046000 6
4047000 6
4048000 6
4049000 6
4050000 6
4051000 6
4052000 6
4053000 6
4054000 6
4055000 6
4056000 6
4057000 6
4058000 6
4059000 6
4060000 6
4061000 6
4062000 6
4063000 6
4064000 6
4065000 6
4066000 6
4067000 6
4068000 6
4069000 6
4070000 6
4071000 6
4072000 6
4073000 6
4074000 6
4075000 6
4076000 6
4077000 6
4078000 6
4079000 6
4080000 6
4081000 6
4082000 6
4083000 6
4084000 6
4085000 6
4086000 6
4087000 6
4088000 6
4089000 6
4090000 6
4091000 6
4092000 6
4093000 6
4094000 6
4095000 6
4096000 6
4097000 6
4098000 6
4099000 6
4100000 6
4101000 6
4102000 6
4103000 6
4104000 6
4105000 6
4106000 6
4107000 6
4108000 6
4109000 6
4110000 6
4111000 6
4112000 6
4113000 6
4114000 6
4115000 6
4116000 6
4117000 6
4118000 6
4119000 6
4120000 6
4121000 6
4122000 6
4123000 6
4124000 6
4125000 6
4126000 6
4127000 6
4128000 6
4129000 6
4130000 6
4131000 6
4132000 6
4133000 6
4134000 6
4135000 6
4136000 6
4137000 6
4138000 6
4139000 6
4140000 6
4141000 6
4142000 6
4143000 6
4144000 6
4145000 6
4146000 6
4147000 6
4148000 6
4149000 6
4150000 6
4151000 6
4152000 6
4153000 6
4154000 6
4155000 6
4156000 6
4157000 6
4158000 6
4159000 6
4160000 6
4161000 6
4162000 6
4163000 6
4164000 6
4165000 6
4166000 6
4167000 6
4168000 6
4169000 6
4170000 6
4171000 6
4172000 6
4173000 6
4174000 6
4175000 6
4176000 6
4177000 6
4178000 6
4179000 6
4180000 6
4181000 6
4182000 6
4183000 6
4184000 6
4185000 6
4186000 6
4187000 6
4188000 6
4189000 6
4190000 6
4191000 6
4192000 6
4193000 6
4194000 6
4195000 6
4196000 6
4197000 6
4198000 6
4199000 6
4200000 6
4201000 6
4202000 6
4203000 6
4204000 6
4205000 6
4206000 6
4207000 6
4208000 6
4209000 6
4210000 6
4211000 6
4212000 6
4213000 6
4214000 6
4215000 6
4216000 6
4217000 6
4218000 6
4219000 6
4220000 6
4221000 6
4222000 6
4223000 6
4224000 6
4225000 6
4226000 6
4227000 6
4228000 6
4229000 6
4230000 6
4231000 6
4232000 6
4233000 6
4234000 6
4235000 6
4236000 6
4237000 6
4238000 6
4239000 6
4240000 6
4241000 6
4242000 6
4243000 6
4244000 6
4245000 6
4246000 6
4247000 6
4248000 6
4249000 6
4250000 6
4251000 6
4252000 6
4253000 6
4254000 6
4255000 6
4256000 6
4257000 6
4258000 6
4259000 6
4260000 6
4261000 6
4262000 6
4263000 6
4264000 6
4265000 6
4266000 6
4267000 6
4268000 6
4269000 6
4270000 6
4271000 6
4272000 6
4273000 6
4274000 6
4275000 6
4276000 6
4277000 6
4278000 6
4279000 6
4280000 6
4281000 6
4282000 6
4283000 6
4284000 6
4285000 6
4286000 6
4287000 6
4288000 6
4289000 6
4290000 6
4291000 6
4292000 6
4293000 6
4294000 6
4295000 6
4296000 6
4297000 6
4298000 6
4299000 6
4300000 6
4301000 6
4302000 6
4303000 6
4304000 6
4305000 6
4306000 6
4307000 6
4308000 6
4309000 6
4310000 6
4311000 6
4312000 6
4313000 6
4314000 6
4315000 6
4316000 6
4317000 6
4318000 6
4319000 6
4320000 6
4321000 6
4322000 6
4323000 6
4324000 6
4325000 6
4326000 6
4327000 6
4328000 6
4329000 6
4330000 6
4331000 6
4332000 6
4333000 6
4334000 6
4335000 6
4336000 6
4337000 6
4338000 6
4339000 6
4340000 6
4341000 6
4342000 6
4343000 6
4344000 6
4345000 6
4346000 6
4347000 6
4348000 6
4349000 6
4350000 6
4351000 6
4352000 6
4353000 6
4354000 6
4355000 6
4356000 6
4357000 6
4358000 6
4359000 6
4360000 6
4361000 6
4362000 6
4363000 6
4364000 6
4365000 6
4366000 6
4367000 6
4368000 6
4369000 6
4370000 6
4371000 6
4372000 6
4373000 6
4374000 6
4375000 6
4376000 6
4377000 6
4378000 6
4379000 6
4380000 6
4381000 6
4382000 6
4383000 6
4384000 6
4385000 6
4386000 6
4387000 6
4388000 6
4389000 6
4390000 6
4391000 6
4392000 6
4393000 6
4394000 6
4395000 6
4396000 6
4397000 6
4398000 6
4399000 6
4400000 6
4401000 6
4402000 6
4403000 6
4404000 6
4405000 6
4406000 6
4407000 6
4408000 6
4409000 6
4410000 6
4411000 6
4412000 6
4413000 6
4414000 6
4415000 6
4416000 6
4417000 6
4418000 6
4419000 6
4420000 6
4421000 6
4422000 6
4423000 6
4424000 6
4425000 6
4426000 6
4427000 6
4428000 6
4429000 6
4430000 6
4431000 6
4432000 6
4433000 6
4434000 6
4435000 6
4436000 6
4437000 6
4438000 6
4439000 6
4440000 6
4441000 6
4442000 6
4443000 6
4444000 6
4445000 6
4446000 6
4447000 6
4448000 6
4449000 6
4450000 6
4451000 6
4452000 6
4453000 6
4454000 6
4455000 6
4456000 6
4457000 6
4458000 6
4459000 6
4460000 6
4461000 6
4462000 6
4463000 6
4464000 6
4465000 6
4466000 6
4467000 6
4468000 6
4469000 6
4470000 6
4471000 6
4472000 6
4473000 6
4474000 6
4475000 6
4476000 6
4477000 6
4478000 6
4479000 6
4480000 6
4481000 6
4482000 6
4483000 6
4484000 6
4485000 6
4486000 6
4487000 6
4488000 6
4489000 6
4490000 6
4491000 6
4492000 6
4493000 6
4494000 6
4495000 6
4496000 6
4497000 6
4498000 6
4499000 6
4500000 6
4501000 6
4502000 6
4503000 6
4504000 6
4505000 6
4506000 6
4507000 6
4508000 6
4509000 6
4510000 6
4511000 6
4512000 6
4513000 6
4514000 6
4515000 6
4516000 6
4517000 6
4518000 6
4519000 6
4520000 6
4521000 6
4522000 6
4523000 6
4524000 6
4525000 6
4526000 6
4527000 6
4528000 6
4529000 6
4530000 6
4531000 6
4532000 6
4533000 6
4534000 6
4535000 6
4536000 6
4537000 6
4538000 6
4539000 6
4540000 6
4541000 6
4542000 6
4543000 6
4544000 6
4545000 6
4546000 6
4547000 6
4548000 6
4549000 6
4550000 6
4551000 6
4552000 6
4553000 6
4554000 6
4555000 6
4556000 6
4557000 6
4558000 6
4559000 6
4560000 6
4561000 6
4562000 6
4563000 6
4564000 6
4565000 6
4566000 6
4567000 6
4568000 6
4569000 6
4570000 6
4571000 6
4572000 6
4573000 6
4574000 6
4575000 6
4576000 6
4577000 6
4578000 6
4579000 6
4580000 6
4581000 6
4582000 6
4583000 6
4584000 6
4585000 6
4586000 6
4587000 6
4588000 6
4589000 6
4590000 6
4591000 6
4592000 6
4593000 6
4594000 6
4595000 6
4596000 6
4597000 6
4598000 6
4599000 6
4600000 6
4601000 6
4602000 6
4603000 6
4604000 6
4605000 6
4606000 6
4607000 6
4608000 6
4609000 6
4610000 6
4611000 6
4612000 6
4613000 6
4614000 6
4615000 6
4616000 6
4617000 6
4618000 6
4619000 6
4620000 6
4621000 6
4622000 6
4623000 6
4624000 6
4625000 6
4626000 6
4627000 6
4628000 6
4629000 6
4630000 6
4631000 6
4632000 6
4633000 6
4634000 6
4635000 6
4636000 6
4637000 6
4638000 6
4639000 6
4640000 6
4641000 6
4642000 6
4643000 6
4644000 6
4645000 6
4646000 6
4647000 6
4648000 6
4649000 6
4650000 6
4651000 6
4652000 6
4653000 6
4654000 6
4655000 6
4656000 6
4657000 6
4658000 6
4659000 6
4660000 6
4661000 6
4662000 6
4663000 6
4664000 6
4665000 6
4666000 6
4667000 6
4668000 6
4669000 6
4670000 6
4671000 6
4672000 6
4673000 6
4674000 6
4675000 6
4676000 6
4677000 6
4678000 6
4679000 6
4680000 6
4681000 6
4682000 6
4683000 6
4684000 6
4685000 6
4686000 6
4687000 6
4688000 6
4689000 6
4690000 6
4691000 6
4692000 6
4693000 6
4694000 6
4695000 6
4696000 6
4697000 6
4698000 6
4699000 6
4700000 6
4701000 6
4702000 6
4703000 6
4704000 6
4705000 6
4706000 6
4707000 6
4708000 6
4709000 6
4710000 6
4711000 6
4712000 6
4713000 6
4714000 6
4715000 6
4716000 6
4717000 6
4718000 6
4719000 6
4720000 6
4721000 6
4722000 6
4723000 6
4724000 6
4725000 6
4726000 6
4727000 6
4728000 6
4729000 6
4730000 6
4731000 6
4732000 6
4733000 6
4734000 6
4735000 6
4736000 6
4737000 6
4738000 6
4739000 6
4740000 6
4741000 6
4742000 6
4743000 6
4744000 6
4745000 6
4746000 6
4747000 6
4748000 6
4749000 6
4750000 6
4751000 6
4752000 6
4753000 6
4754000 6
4755000 6
4756000 6
4757000 6
4758000 6
4759000 6
4760000 6
4761000 6
4762000 6
4763000 6
4764000 6
4765000 6
4766000 6
4767000 6
4768000 6
4769000 6
4770000 6
4771000 6
4772000 6
4773000 6
4774000 6
4775000 6
4776000 6
4777000 6
4778000 6
4779000 6
4780000 6
4781000 6
4782000 6
4783000 6
4784000 6
4785000 6
4786000 6
4787000 6
4788000 6
4789000 6
4790000 6
4791000 6
4792000 6
4793000 6
4794000 6
4795000 6
4796000 6
4797000 6
4798000 6
4799000 6
4800000 6
4801000 6
4802000 6
4803000 6
4804000 6
4805000 6
4806000 6
4807000 6
4808000 6
4809000 6
4810000 6
4811000 6
4812000 6
4813000 6
4814000 6
4815000 6
4816000 6
4817000 6
4818000 6
4819000 6
4820000 6
4821000 6
4822000 6
4823000 6
4824000 6
4825000 6
4826000 6
4827000 6
4828000 6
4829000 6
4830000 6
4831000 6
4832000 6
4833000 6
4834000 6
4835000 6
4836000 6
4837000 6
4838000 6
4839000 6
4840000 6
4841000 6
4842000 6
4843000 6
4844000 6
4845000 6
4846000 6
4847000 6
4848000 6
4849000 6
4850000 6
4851000 6
4852000 6
4853000 6
4854000 6
4855000 6
4856000 6
4857000 6
4858000 6
4859000 6
4860000 6
4861000 6
4862000 6
4863000 6
4864000 6
4865000 6
4866000 6
4867000 6
4868000 6
4869000 6
4870000 6
4871000 6
4872000 6
4873000 6
4874000 6
4875000 6
4876000 6
4877000 6
4878000 6
4879000 6
4880000 6
4881000 6
4882000 6
4883000 6
4884000 6
4885000 6
4886000 6
4887000 6
4888000 6
4889000 6
4890000 6
4891000 6
4892000 6
4893000 6
4894000 6
4895000 6
4896000 6
4897000 6
4898000 6
4899000 6
4900000 6
4901000 6
4902000 6
4903000 6
4904000 6
4905000 6
4906000 6
4907000 6
4908000 6
4909000 6
4910000 6
4911000 6
4912000 6
4913000 6
4914000 6
4915000 6
4916000 6
4917000 6
4918000 6
4919000 6
4920000 6
4921000 6
4922000 6
4923000 6
4924000 6
4925000 6
4926000 6
4927000 6
4928000 6
4929000 6
4930000 6
4931000 6
4932000 6
4933000 6
4934000 6
4935000 6
4936000 6
4937000 6
4938000 6
4939000 6
4940000 6
4941000 6
4942000 6
4943000 6
4944000 6
4945000 6
4946000 6
4947000 6
4948000 6
4949000 6
4950000 6
4951000 6
4952000 6
4953000 6
4954000 6
4955000 6
4956000 6
4957000 6
4958000 6
4959000 6
4960000 6
4961000 6
4962000 6
4963000 6
4964000 6
4965000 6
4966000 6
4967000 6
4968000 6
4969000 6
4970000 6
4971000 6
4972000 6
4973000 6
4974000 6
4975000 6
4976000 6
4977000 6
4978000 6
4979000 6
4980000 6
4981000 6
4982000 6
4983000 6
4984000 6
4985000 6
4986000 6
4987000 6
4988000 6
4989000 6
4990000 6
4991000 6
4992000 6
4993000 6
4994000 6
4995000 6
4996000 6
4997000 6
4998000 6
4999000 6
5000000 6
5001000 6
5002000 6
5003000 6
5004000 6
5005000 6
5006000 6
5007000 6
5008000 6
5009000 6
5010000 6
5011000 6
5012000 6
5013000 6
5014000 6
5015000 6
5016000 6
5017000 6
5018000 6
5019000 6
5020000 6
5021000 6
5022000 6
5023000 6
5024000 6
5025000 6
5026000 6
5027000 6
5028000 6
5029000 6
5030000 6
5031000 6
5032000 6
5033000 6
5034000 6
5035000 6
5036000 6
5037000 6
5038000 6
5039000 6
5040000 6
5041000 6
5042000 6
5043000 6
5044000 6
5045000 6
5046000 6
5047000 6
5048000 6
5049000 6
5050000 6
5051000 6
5052000 6
5053000 6
5054000 6
5055000 6
5056000 6
5057000 6
5058000 6
5059000 6
5060000 6
5061000 6
5062000 6
5063000 6
5064000 6
5065000 6
5066000 6
5067000 6
5068000 6
5069000 6
5070000 6
5071000 6
5072000 6
5073000 6
5074000 6
5075000 6
5076000 6
5077000 6
5078000 6
5079000 6
5080000 6
5081000 6
5082000 6
5083000 6
5084000 6
5085000 6
5086000 6
5087000 6
5088000 6
5089000 6
5090000 6
5091000 6
5092000 6
5093000 6
5094000 6
5095000 6
5096000 6
5097000 6
5098000 6
5099000 6
5100000 6
5101000 6
5102000 6
5103000 6
5104000 6
5105000 6
5106000 6
5107000 6
5108000 6
5109000 6
5110000 6
5111000 6
5112000 6
5113000 6
5114000 6
5115000 6
5116000 6
5117000 6
5118000 6
5119000 6
5120000 6
5121000 6
5122000 6
5123000 6
5124000 6
5125000 6
5126000 6
5127000 6
5128000 6
5129000 6
5130000 6
5131000 6
5132000 6
5133000 6
5134000 6
5135000 6
5136000 6
5137000 6
5138000 6
5139000 6
5140000 6
5141000 6
5142000 6
5143000 6
5144000 6
5145000 6
5146000 6
5147000 6
5148000 6
5149000 6
5150000 6
5151000 6
5152000 6
5153000 6
5154000 6
5155000 6
5156000 6
5157000 6
5158000 6
5159000 6
5160000 6
5161000 6
5162000 6
5163000 6
5164000 6
5165000 6
5166000 6
5167000 6
5168000 6
5169000 6
5170000 6
5171000 6
5172000 6
5173000 6
5174000 6
5175000 6
5176000 6
5177000 6
5178000 6
5179000 6
5180000 6
5181000 6
5182000 6
5183000 6
5184000 6
5185000 6
5186000 6
5187000 6
5188000 6
5189000 6
5190000 6
5191000 6
5192000 6
5193000 6
5194000 6
5195000 6
5196000 6
5197000 6
5198000 6
5199000 6
5200000 6
5201000 6
5202000 6
5203000 6
5204000 6
5205000 6
5206000 6
5207000 6
5208000 6
5209000 6
5210000 6
5211000 6
5212000 6
5213000 6
5214000 6
5215000 6
5216000 6
5217000 6
5218000 6
5219000 6
5220000 6
5221000 6
5222000 6
5223000 6
5224000 6
5225000 6
5226000 6
5227000 6
5228000 6
5229000 6
5230000 6
5231000 6
5232000 6
5233000 6
5234000 6
5235000 6
5236000 6
5237000 6
5238000 6
5239000 6
5240000 6
5241000 6
5242000 6
5243000 6
5244000 6
5245000 6
5246000 6
5247000 6
5248000 6
5249000 6
5250000 6
5251000 6
5252000 6
5253000 6
5254000 6
5255000 6
5256000 6
5257000 6
5258000 6
5259000 6
5260000 6
5261000 6
5262000 6
5263000 6
5264000 6
5265000 6
5266000 6
5267000 6
5268000 6
5269000 6
5270000 6
5271000 6
5272000 6
5273000 6
5274000 6
5275000 6
5276000 6
5277000 6
5278000 6
5279000 6
5280000 6
5281000 6
5282000 6
5283000 6
5284000 6
5285000 6
5286000 6
5287000 6
5288000 6
5289000 6
5290000 6
5291000 6
5292000 6
5293000 6
5294000 6
5295000 6
5296000 6
5297000 6
5298000 6
5299000 6
5300000 6
5301000 6
5302000 6
5303000 6
5304000 6
5305000 6
5306000 6
5307000 6
5308000 6
5309000 6
5310000 6
5311000 6
5312000 6
5313000 6
5314000 6
5315000 6
5316000 6
5317000 6
5318000 6
5319000 6
5320000 6
5321000 6
5322000 6
5323000 6
5324000 6
5325000 6
5326000 6
5327000 6
5328000 6
5329000 6
5330000 6
5331000 6
5332000 6
5333000 6
5334000 6
5335000 6
5336000 6
5337000 6
5338000 6
5339000 6
5340000 6
5341000 6
5342000 6
5343000 6
5344000 6
5345000 6
5346000 6
5347000 6
5348000 6
5349000 6
5350000 6
5351000 6
5352000 6
5353000 6
5354000 6
5355000 6
5356000 6
5357000 6
5358000 6
5359000 6
5360000 6
5361000 6
5362000 6
5363000 6
5364000 6
5365000 6
5366000 6
5367000 6
5368000 6
5369000 6
5370000 6
5371000 6
5372000 6
5373000 6
5374000 6
5375000 6
5376000 6
5377000 6
5378000 6
5379000 6
5380000 6
5381000 6
5382000 6
5383000 6
5384000 6
5385000 6
5386000 6
5387000 6
5388000 6
5389000 6
5390000 6
5391000 6
5392000 6
5393000 6
5394000 6
5395000 6
5396000 6
5397000 6
5398000 6
5399000 6
5400000 6
5401000 6
5402000 6
5403000 6
5404000 6
5405000 6
5406000 6
5407000 6
5408000 6
5409000 6
5410000 6
5411000 6
5412000 6
5413000 6
5414000 6
5415000 6
5416000 6
5417000 6
5418000 6
5419000 6
5420000 6
5421000 6
5422000 6
5423000 6
5424000 6
5425000 6
5426000 6
5427000 6
5428000 6
5429000 6
5430000 6
5431000 6
5432000 6
5433000 6
5434000 6
5435000 6
5436000 6
5437000 6
5438000 6
5439000 6
5440000 6
5441000 6
5442000 6
5443000 6
5444000 6
5445000 6
5446000 6
5447000 6
5448000 6
5449000 6
5450000 6
5451000 6
5452000 6
5453000 6
5454000 6
5455000 6
5456000 6
5457000 6
5458000 6
5459000 6
5460000 6
5461000 6
5462000 6
5463000 6
5464000 6
5465000 6
5466000 6
5467000 6
5468000 6
5469000 6
5470000 6
5471000 6
5472000 6
5473000 6
5474000 6
5475000 6
5476000 6
5477000 6
5478000 6
5479000 6
5480000 6
5481000 6
5482000 6
5483000 6
5484000 6
5485000 6
5486000 6
5487000 6
5488000 6
5489000 6
5490000 6
5491000 6
5492000 6
5493000 6
5494000 6
5495000 6
5496000 6
5497000 6
5498000 6
5499000 6
5500000 6
5501000 6
5502000 6
5503000 6
5504000 6
5505000 6
5506000 6
5507000 6
5508000 6
5509000 6
5510000 6
5511000 6
5512000 6
5513000 6
5514000 6
5515000 6
5516000 6
5517000 6
5518000 6
5519000 6
5520000 6
5521000 6
5522000 6
5523000 6
5524000 6
5525000 6
5526000 6
5527000 6
5528000 6
5529000 6
5530000 6
5531000 6
5532000 6
5533000 6
5534000 6
5535000 6
5536000 6
5537000 6
5538000 6
5539000 6
5540000 6
5541000 6
5542000 6
5543000 6
5544000 6
5545000 6
5546000 6
5547000 6
5548000 6
5549000 6
5550000 6
5551000 6
5552000 6
5553000 6
5554000 6
5555000 6
5556000 6
5557000 6
5558000 6
5559000 6
5560000 6
5561000 6
5562000 6
5563000 6
5564000 6
5565000 6
5566000 6
5567000 6
5568000 6
5569000 6
5570000 6
5571000 6
5572000 6
5573000 6
5574000 6
5575000 6
5576000 6
5577000 6
5578000 6
5579000 6
5580000 6
5581000 6
5582000 6
5583000 6
5584000 6
5585000 6
5586000 6
5587000 6
5588000 6
5589000 6
5590000 6
5591000 6
5592000 6
5593000 6
5594000 6
5595000 6
5596000 6
5597000 6
5598000 6
5599000 6
5600000 6
5601000 6
5602000 6
5603000 6
5604000 6
5605000 6
5606000 6
5607000 6
5608000 6
5609000 6
5610000 6
5611000 6
5612000 6
5613000 6
5614000 6
5615000 6
5616000 6
5617000 6
5618000 6
5619000 6
5620000 6
5621000 6
5622000 6
5623000 6
5624000 6
5625000 6
5626000 6
5627000 6
5628000 6
5629000 6
5630000 6
5631000 6
5632000 6
5633000 6
5634000 6
5635000 6
5636000 6
5637000 6
5638000 6
5639000 6
5640000 6
5641000 6
5642000 6
5643000 6
5644000 6
5645000 6
5646000 6
5647000 6
5648000 6
5649000 6
5650000 6
5651000 6
5652000 6
5653000 6
5654000 6
5655000 6
5656000 6
5657000 6
5658000 6
5659000 6
5660000 6
5661000 6
5662000 6
5663000 6
5664000 6
5665000 6
5666000 6
5667000 6
5668000 6
5669000 6
5670000 6
5671000 6
5672000 6
5673000 6
5674000 6
5675000 6
5676000 6
5677000 6
5678000 6
5679000 6
5680000 6
5681000 6
5682000 6
5683000 6
5684000 6
5685000 6
5686000 6
5687000 6
5688000 6
5689000 6
5690000 6
5691000 6
5692000 6
5693000 6
5694000 6
5695000 6
5696000 6
5697000 6
5698000 6
5699000 6
5700000 6
5701000 6
5702000 6
5703000 6
5704000 6
5705000 6
5706000 6
5707000 6
5708000 6
5709000 6
5710000 6
5711000 6
5712000 6
5713000 6
5714000 6
5715000 6
5716000 6
5717000 6
5718000 6
5719000 6
5720000 6
5721000 6
5722000 6
5723000 6
5724000 6
5725000 6
5726000 6
5727000 6
5728000 6
5729000 6
5730000 6
5731000 6
5732000 6
5733000 6
5734000 6
5735000 6
5736000 6
5737000 6
5738000 6
5739000 6
5740000 6
5741000 6
5742000 6
5743000 6
5744000 6
5745000 6
5746000 6
5747000 6
5748000 6
5749000 6
5750000 6
5751000 6
5752000 6
5753000 6
5754000 6
5755000 6
5756000 6
5757000 6
5758000 6
5759000 6
5760000 6
5761000 6
5762000 6
5763000 6
5764000 6
5765000 6
5766000 6
5767000 6
5768000 6
5769000 6
5770000 6
5771000 6
5772000 6
5773000 6
5774000 6
5775000 6
5776000 6
5777000 6
5778000 6
5779000 6
5780000 6
5781000 6
5782000 6
5783000 6
5784000 6
5785000 6
5786000 6
5787000 6
5788000 6
5789000 6
5790000 6
5791000 6
5792000 6
5793000 6
5794000 6
5795000 6
5796000 6
5797000 6
5798000 6
5799000 6
5800000 6
5801000 6
5802000 6
5803000 6
5804000 6
5805000 6
5806000 6
5807000 6
5808000 6
5809000 6
5810000 6
5811000 6
5812000 6
5813000 6
5814000 6
5815000 6
5816000 6
5817000 6
5818000 6
5819000 6
5820000 6
5821000 6
5822000 6
5823000 6
5824000 6
5825000 6
5826000 6
5827000 6
5828000 6
5829000 6
5830000 6
5831000 6
5832000 6
5833000 6
5834000 6
5835000 6
5836000 6
5837000 6
5838000 6
5839000 6
5840000 6
5841000 6
5842000 6
5843000 6
5844000 6
5845000 6
5846000 6
5847000 6
5848000 6
5849000 6
5850000 6
5851000 6
5852000 6
5853000 6
5854000 6
5855000 6
5856000 6
5857000 6
5858000 6
5859000 6
5860000 6
5861000 6
5862000 6
5863000 6
5864000 6
5865000 6
5866000 6
5867000 6
5868000 6
5869000 6
5870000 6
5871000 6
5872000 6
5873000 6
5874000 6
5875000 6
5876000 6
5877000 6
5878000 6
5879000 6
5880000 6
5881000 6
5882000 6
5883000 6
5884000 6
5885000 6
5886000 6
5887000 6
5888000 6
5889000 6
5890000 6
5891000 6
5892000 6
5893000 6
5894000 6
5895000 6
5896000 6
5897000 6
5898000 6
5899000 6
5900000 6
5901000 6
5902000 6
5903000 6
5904000 6
5905000 6
5906000 6
5907000 6
5908000 6
5909000 6
5910000 6
5911000 6
5912000 6
5913000 6
5914000 6
5915000 6
5916000 6
5917000 6
5918000 6
5919000 6
5920000 6
5921000 6
5922000 6
5923000 6
5924000 6
5925000 6
5926000 6
5927000 6
5928000 6
5929000 6
5930000 6
5931000 6
5932000 6
5933000 6
5934000 6
5935000 6
5936000 6
5937000 6
5938000 6
5939000 6
5940000 6
5941000 6
5942000 6
5943000 6
5944000 6
5945000 6
5946000 6
5947000 6
5948000 6
5949000 6
5950000 6
5951000 6
5952000 6
5953000 6
5954000 6
5955000 6
5956000 6
5957000 6
5958000 6
5959000 6
5960000 6
5961000 6
5962000 6
5963000 6
5964000 6
5965000 6
5966000 6
5967000 6
5968000 6
5969000 6
5970000 6
5971000 6
5972000 6
5973000 6
5974000 6
5975000 6
5976000 6
5977000 6
5978000 6
5979000 6
5980000 6
5981000 6
5982000 6
5983000 6
5984000 6
5985000 6
5986000 6
5987000 6
5988000 6
5989000 6
5990000 6
5991000 6
5992000 6
5993000 6
5994000 6
5995000 6
5996000 6
5997000 6
5998000 6
5999000 6
6000000 6
6001000 6
6002000 6
6003000 6
6004000 6
6005000 6
6006000 6
6007000 6
6008000 6
6009000 6
6010000 6
6011000 6
6012000 6
6013000 6
6014000 6
6015000 6
6016000 6
6017000 6
6018000 6
6019000 6
6020000 6
6021000 6
6022000 6
6023000 6
6024000 6
6025000 6
6026000 6
6027000 6
6028000 6
6029000 6
6030000 6
6031000 6
6032000 6
6033000 6
6034000 6
6035000 6
6036000 6
6037000 6
6038000 6
6039000 6
6040000 6
6041000 6
6042000 6
6043000 6
6044000 6
6045000 6
6046000 6
6047000 6
6048000 6
6049000 6
6050000 6
6051000 6
6052000 6
6053000 6
6054000 6
6055000 6
6056000 6
6057000 6
6058000 6
6059000 6
6060000 6
6061000 6
6062000 6
6063000 6
6064000 6
6065000 6
6066000 6
6067000 6
6068000 6
6069000 6
6070000 6
6071000 6
6072000 6
6073000 6
6074000 6
6075000 6
6076000 6
6077000 6
6078000 6
6079000 6
6080000 6
6081000 6
6082000 6
6083000 6
6084000 6
6085000 6
6086000 6
6087000 6
6088000 6
6089000 6
6090000 6
6091000 6
6092000 6
6093000 6
6094000 6
6095000 6
6096000 6
6097000 6
6098000 6
6099000 6
6100000 6
6101000 6
6102000 6
6103000 6
6104000 6
6105000 6
6106000 6
6107000 6
6108000 6
6109000 6
6110000 6
6111000 6
6112000 6
6113000 6
6114000 6
6115000 6
6116000 6
6117000 6
6118000 6
6119000 6
6120000 6
6121000 6
6122000 6
6123000 6
6124000 6
6125000 6
6126000 6
6127000 6
6128000 6
6129000 6
6130000 6
6131000 6
6132000 6
6133000 6
6134000 6
6135000 6
6136000 6
6137000 6
6138000 6
6139000 6
6140000 6
6141000 6
6142000 6
6143000 6
6144000 6
6145000 6
6146000 6
6147000 6
6148000 6
6149000 6
6150000 6
6151000 6
6152000 6
6153000 6
6154000 6
6155000 6
6156000 6
6157000 6
6158000 6
6159000 6
6160000 6
6161000 6
6162000 6
6163000 6
6164000 6
6165000 6
6166000 6
6167000 6
6168000 6
6169000 6
6170000 6
6171000 6
6172000 6
6173000 6
6174000 6
6175000 6
6176000 6
6177000 6
6178000 6
6179000 6
6180000 6
6181000 6
6182000 6
6183000 6
6184000 6
6185000 6
6186000 6
6187000 6
6188000 6
6189000 6
6190000 6
6191000 6
6192000 6
6193000 6
6194000 6
6195000 6
6196000 6
6197000 6
6198000 6
6199000 6
6200000 6
6201000 6
6202000 6
6203000 6
6204000 6
6205000 6
6206000 6
6207000 6
6208000 6
6209000 6
6210000 6
6211000 6
6212000 6
6213000 6
6214000 6
6215000 6
6216000 6
6217000 6
6218000 6
6219000 6
6220000 6
6221000 6
6222000 6
6223000 6
6224000 6
6225000 6
6226000 6
6227000 6
6228000 6
6229000 6
6230000 6
6231000 6
6232000 6
6233000 6
6234000 6
6235000 6
6236000 6
6237000 6
6238000 6
6239000 6
6240000 6
6241000 6
6242000 6
6243000 6
6244000 6
6245000 6
6246000 6
6247000 6
6248000 6
6249000 6
6250000 6
6251000 6
6252000 6
6253000 6
6254000 6
6255000 6
6256000 6
6257000 6
6258000 6
6259000 6
6260000 6
6261000 6
6262000 6
6263000 6
6264000 6
6265000 6
6266000 6
6267000 6
6268000 6
6269000 6
6270000 6
6271000 6
6272000 6
6273000 6
6274000 6
6275000 6
6276000 6
6277000 6
6278000 6
6279000 6
6280000 6
6281000 6
6282000 6
6283000 6
6284000 6
6285000 6
6286000 6
6287000 6
6288000 6
6289000 6
6290000 6
6291000 6
6292000 6
6293000 6
6294000 6
6295000 6
6296000 6
6297000 6
6298000 6
6299000 6
6300000 6
6301000 6
6302000 6
6303000 6
6304000 6
6305000 6
6306000 6
6307000 6
6308000 6
6309000 6
6310000 6
6311000 6
6312000 6
6313000 6
6314000 6
6315000 6
6316000 6
6317000 6
6318000 6
6319000 6
6320000 6
6321000 6
6322000 6
6323000 6
6324000 6
6325000 6
6326000 6
6327000 6
6328000 6
6329000 6
6330000 6
6331000 6
6332000 6
6333000 6
6334000 6
6335000 6
6336000 6
6337000 6
6338000 6
6339000 6
6340000 6
6341000 6
6342000 6
6343000 6
6344000 6
6345000 6
6346000 6
6347000 6
6348000 6
6349000 6
6350000 6
6351000 6
6352000 6
6353000 6
6354000 6
6355000 6
6356000 6
6357000 6
6358000 6
6359000 6
6360000 6
6361000 6
6362000 6
6363000 6
6364000 6
6365000 6
6366000 6
6367000 6
6368000 6
6369000 6
6370000 6
6371000 6
6372000 6
6373000 6
6374000 6
6375000 6
6376000 6
6377000 6
6378000 6
6379000 6
6380000 6
6381000 6
6382000 6
6383000 6
6384000 6
6385000 6
6386000 6
6387000 6
6388000 6
6389000 6
6390000 6
6391000 6
6392000 6
6393000 6
6394000 6
6395000 6
6396000 6
6397000 6
6398000 6
6399000 6
6400000 6
6401000 6
6402000 6
6403000 6
6404000 6
6405000 6
6406000 6
6407000 6
6408000 6
6409000 6
6410000 6
6411000 6
6412000 6
6413000 6
6414000 6
6415000 6
6416000 6
6417000 6
6418000 6
6419000 6
6420000 6
6421000 6
6422000 6
6423000 6
6424000 6
6425000 6
6426000 6
6427000 6
6428000 6
6429000 6
6430000 6
6431000 6
6432000 6
6433000 6
6434000 6
6435000 6
6436000 6
6437000 6
6438000 6
6439000 6
6440000 6
6441000 6
6442000 6
6443000 6
6444000 6
6445000 6
6446000 6
6447000 6
6448000 6
6449000 6
6450000 6
6451000 6
6452000 6
6453000 6
6454000 6
6455000 6
6456000 6
6457000 6
6458000 6
6459000 6
6460000 6
6461000 6
6462000 6
6463000 6
6464000 6
6465000 6
6466000 6
6467000 6
6468000 6
6469000 6
6470000 6
6471000 6
6472000 6
6473000 6
6474000 6
6475000 6
6476000 6
6477000 6
6478000 6
6479000 6
6480000 6
6481000 6
6482000 6
6483000 6
6484000 6
6485000 6
6486000 6
6487000 6
6488000 6
6489000 6
6490000 6
6491000 6
6492000 6
6493000 6
6494000 6
6495000 6
6496000 6
6497000 6
6498000 6
6499000 6
6500000 6
6501000 6
6502000 6
6503000 6
6504000 6
6505000 6
6506000 6
6507000 6
6508000 6
6509000 6
6510000 6
6511000 6
6512000 6
6513000 6
6514000 6
6515000 6
6516000 6
6517000 6
6518000 6
6519000 6
6520000 6
6521000 6
6522000 6
6523000 6
6524000 6
6525000 6
6526000 6
6527000 6
6528000 6
6529000 6
6530000 6
6531000 6
6532000 6
6533000 6
6534000 6
6535000 6
6536000 6
6537000 6
6538000 6
6539000 6
6540000 6
6541000 6
6542000 6
6543000 6
6544000 6
6545000 6
6546000 6
6547000 6
6548000 6
6549000 6
6550000 6
6551000 6
6552000 6
6553000 6
6554000 6
6555000 6
6556000 6
6557000 6
6558000 6
6559000 6
6560000 6
6561000 6
6562000 6
6563000 6
6564000 6
6565000 6
6566000 6
6567000 6
6568000 6
6569000 6
6570000 6
6571000 6
6572000 6
6573000 6
6574000 6
6575000 6
6576000 6
6577000 6
6578000 6
6579000 6
6580000 6
6581000 6
6582000 6
6583000 6
6584000 6
6585000 6
6586000 6
6587000 6
6588000 6
6589000 6
6590000 6
6591000 6
6592000 6
6593000 6
6594000 6
6595000 6
6596000 6
6597000 6
6598000 6
6599000 6
6600000 6
6601000 6
6602000 6
6603000 6
6604000 6
6605000 6
6606000 6
6607000 6
6608000 6
6609000 6
6610000 6
6611000 6
6612000 6
6613000 6
6614000 6
6615000 6
6616000 6
6617000 6
6618000 6
6619000 6
6620000 6
6621000 6
6622000 6
6623000 6
6624000 6
6625000 6
6626000 6
6627000 6
6628000 6
6629000 6
6630000 6
6631000 6
6632000 6
6633000 6
6634000 6
6635000 6
6636000 6
6637000 6
6638000 6
6639000 6
6640000 6
6641000 6
6642000 6
6643000 6
6644000 6
6645000 6
6646000 6
6647000 6
6648000 6
6649000 6
6650000 6
6651000 6
6652000 6
6653000 6
6654000 6
6655000 6
6656000 6
6657000 6
6658000 6
6659000 6
6660000 6
6661000 6
6662000 6
6663000 6
6664000 6
6665000 6
6666000 6
6667000 6
6668000 6
6669000 6
6670000 6
6671000 6
6672000 6
6673000 6
6674000 6
6675000 6
6676000 6
6677000 6
6678000 6
6679000 6
6680000 6
6681000 6
6682000 6
6683000 6
6684000 6
6685000 6
6686000 6
6687000 6
6688000 6
6689000 6
6690000 6
6691000 6
6692000 6
6693000 6
6694000 6
6695000 6
6696000 6
6697000 6
6698000 6
6699000 6
6700000 6
6701000 6
6702000 6
6703000 6
6704000 6
6705000 6
6706000 6
6707000 6
6708000 6
6709000 6
6710000 6
6711000 6
6712000 6
6713000 6
6714000 6
6715000 6
6716000 6
6717000 6
6718000 6
6719000 6
6720000 6
6721000 6
6722000 6
6723000 6
6724000 6
6725000 6
6726000 6
6727000 6
6728000 6
6729000 6
6730000 6
6731000 6
6732000 6
6733000 6
6734000 6
6735000 6
6736000 6
6737000 6
6738000 6
6739000 6
6740000 6
6741000 6
6742000 6
6743000 6
6744000 6
6745000 6
6746000 6
6747000 6
6748000 6
6749000 6
6750000 6
6751000 6
6752000 6
6753000 6
6754000 6
6755000 6
6756000 6
6757000 6
6758000 6
6759000 6
6760000 6
6761000 6
6762000 6
6763000 6
6764000 6
6765000 6
6766000 6
6767000 6
6768000 6
6769000 6
6770000 6
6771000 6
6772000 6
6773000 6
6774000 6
6775000 6
6776000 6
6777000 6
6778000 6
6779000 6
6780000 6
6781000 6
6782000 6
6783000 6
6784000 6
6785000 6
6786000 6
6787000 6
6788000 6
6789000 6
6790000 6
6791000 6
6792000 6
6793000 6
6794000 6
6795000 6
6796000 6
6797000 6
6798000 6
6799000 6
6800000 6
6801000 6
6802000 6
6803000 6
6804000 6
6805000 6
6806000 6
6807000 6
6808000 6
6809000 6
6810000 6
6811000 6
6812000 6
6813000 6
6814000 6
6815000 6
6816000 6
6817000 6
6818000 6
6819000 6
6820000 6
6821000 6
6822000 6
6823000 6
6824000 6
6825000 6
6826000 6
6827000 6
6828000 6
6829000 6
6830000 6
6831000 6
6832000 6
6833000 6
6834000 6
6835000 6
6836000 6
6837000 6
6838000 6
6839000 6
6840000 6
6841000 6
6842000 6
6843000 6
6844000 6
6845000 6
6846000 6
6847000 6
6848000 6
6849000 6
6850000 6
6851000 6
6852000 6
6853000 6
6854000 6
6855000 6
6856000 6
6857000 6
6858000 6
6859000 6
6860000 6
6861000 6
6862000 6
6863000 6
6864000 6
6865000 6
6866000 6
6867000 6
6868000 6
6869000 6
6870000 6
6871000 6
6872000 6
6873000 6
6874000 6
6875000 6
6876000 6
6877000 6
6878000 6
6879000 6
6880000 6
6881000 6
6882000 6
6883000 6
6884000 6
6885000 6
6886000 6
6887000 6
6888000 6
6889000 6
6890000 6
6891000 6
6892000 6
6893000 6
6894000 6
6895000 6
6896000 6
6897000 6
6898000 6
6899000 6
6900000 6
6901000 6
6902000 6
6903000 6
6904000 6
6905000 6
6906000 6
6907000 6
6908000 6
6909000 6
6910000 6
6911000 6
6912000 6
6913000 6
6914000 6
6915000 6
6916000 6
6917000 6
6918000 6
6919000 6
6920000 6
6921000 6
6922000 6
6923000 6
6924000 6
6925000 6
6926000 6
6927000 6
6928000 6
6929000 6
6930000 6
6931000 6
6932000 6
6933000 6
6934000 6
6935000 6
6936000 6
6937000 6
6938000 6
6939000 6
6940000 6
6941000 6
6942000 6
6943000 6
6944000 6
6945000 6
6946000 6
6947000 6
6948000 6
6949000 6
6950000 6
6951000 6
6952000 6
6953000 6
6954000 6
6955000 6
6956000 6
6957000 6
6958000 6
6959000 6
6960000 6
6961000 6
6962000 6
6963000 6
6964000 6
6965000 6
6966000 6
6967000 6
6968000 6
6969000 6
6970000 6
6971000 6
6972000 6
6973000 6
6974000 6
6975000 6
6976000 6
6977000 6
6978000 6
6979000 6
6980000 6
6981000 6
6982000 6
6983000 6
6984000 6
6985000 6
6986000 6
6987000 6
6988000 6
6989000 6
6990000 6
6991000 6
6992000 6
6993000 6
6994000 6
6995000 6
6996000 6
6997000 6
6998000 6
6999000 6
