# frame 	 heights
0 1
1000 1
2000 1
3000 1
4000 1
5000 1
6000 1
7000 1
8000 1
9000 1
10000 1
11000 1
12000 1
13000 1
14000 1
15000 1
16000 1
17000 1
18000 1
19000 1
20000 1
21000 1
22000 1
23000 1
24000 1
25000 1
26000 1
27000 1
28000 1
29000 1
30000 1
31000 1
32000 1
33000 1
34000 1
35000 1
36000 1
37000 1
38000 1
39000 1
40000 1
41000 1
42000 1
43000 1
44000 1
45000 1
46000 1
47000 1
48000 1
49000 1
50000 1
51000 1
52000 1
53000 1
54000 1
55000 1
56000 1
57000 1
58000 1
59000 1
60000 1
61000 1
62000 1
63000 1
64000 1
65000 1
66000 1
67000 1
68000 1
69000 1
70000 1
71000 1
72000 1
73000 1
74000 1
75000 1
76000 1
77000 1
78000 1
79000 1
80000 1
81000 1
82000 1
83000 1
84000 1
85000 1
86000 1
87000 1
88000 1
89000 1
90000 1
91000 1
92000 1
93000 1
94000 1
95000 1
96000 1
97000 1
98000 1
99000 1
100000 1
101000 1
102000 1
103000 1
104000 1
105000 1
106000 1
107000 1
108000 1
109000 1
110000 1
111000 1
112000 1
113000 1
114000 1
115000 1
116000 1
117000 1
118000 1
119000 1
120000 1
121000 1
122000 1
123000 1
124000 1
125000 1
126000 1
127000 1
128000 1
129000 1
130000 1
131000 1
132000 1
133000 1
134000 1
135000 1
136000 1
137000 1
138000 1
139000 1
140000 1
141000 1
142000 1
143000 1
144000 1
145000 1
146000 1
147000 1
148000 1
149000 1
150000 1
151000 1
152000 1
153000 1
154000 1
155000 1
156000 1
157000 1
158000 1
159000 1
160000 1
161000 1
162000 1
163000 1
164000 1
165000 1
166000 1
167000 1
168000 1
169000 1
170000 1
171000 1
172000 1
173000 1
174000 1
175000 1
176000 1
177000 1
178000 1
179000 1
180000 1
181000 1
182000 1
183000 1
184000 1
185000 1
186000 1
187000 1
188000 1
189000 1
190000 1
191000 1
192000 1
193000 1
194000 1
195000 1
196000 1
197000 1
198000 1
199000 1
200000 1
201000 1
202000 1
203000 1
204000 1
205000 1
206000 1
207000 1
208000 1
209000 1
210000 1
211000 1
212000 1
213000 1
214000 1
215000 1
216000 1
217000 1
218000 1
219000 1
220000 1
221000 1
222000 1
223000 1
224000 1
225000 1
226000 1
227000 1
228000 1
229000 1
230000 1
231000 1
232000 1
233000 1
234000 1
235000 1
236000 1
237000 1
238000 1
239000 1
240000 1
241000 1
242000 1
243000 1
244000 1
245000 1
246000 1
247000 1
248000 1
249000 1
250000 1
251000 1
252000 1
253000 1
254000 1
255000 1
256000 1
257000 1
258000 1
259000 1
260000 1
261000 1
262000 1
263000 1
264000 1
265000 1
266000 1
267000 1
268000 1
269000 1
270000 1
271000 1
272000 1
273000 1
274000 1
275000 1
276000 1
277000 1
278000 1
279000 1
280000 1
281000 1
282000 1
283000 1
284000 1
285000 1
286000 1
287000 1
288000 1
289000 1
290000 1
291000 1
292000 1
293000 1
294000 1
295000 1
296000 1
297000 1
298000 1
299000 1
300000 1
301000 1
302000 1
303000 1
304000 1
305000 1
306000 1
307000 1
308000 1
309000 1
310000 1
311000 1
312000 1
313000 1
314000 1
315000 1
316000 1
317000 1
318000 1
319000 1
320000 1
321000 1
322000 1
323000 1
324000 1
325000 1
326000 1
327000 1
328000 1
329000 1
330000 1
331000 1
332000 1
333000 1
334000 1
335000 1
336000 1
337000 1
338000 1
339000 1
340000 1
341000 1
342000 1
343000 1
344000 1
345000 1
346000 1
347000 1
348000 1
349000 1
350000 1
351000 1
352000 1
353000 1
354000 1
355000 1
356000 1
357000 1
358000 1
359000 1
360000 1
361000 1
362000 1
363000 1
364000 1
365000 1
366000 1
367000 1
368000 1
369000 1
370000 1
371000 1
372000 1
373000 1
374000 1
375000 1
376000 1
377000 1
378000 1
379000 1
380000 1
381000 1
382000 1
383000 1
384000 1
385000 1
386000 1
387000 1
388000 1
389000 1
390000 1
391000 1
392000 1
393000 1
394000 1
395000 1
396000 1
397000 1
398000 1
399000 1
400000 1
401000 1
402000 1
403000 1
404000 1
405000 1
406000 1
407000 1
408000 1
409000 1
410000 1
411000 1
412000 1
413000 1
414000 1
415000 1
416000 1
417000 1
418000 1
419000 1
420000 1
421000 1
422000 1
423000 1
424000 1
425000 1
426000 1
427000 1
428000 1
429000 1
430000 1
431000 1
432000 1
433000 1
434000 1
435000 1
436000 1
437000 1
438000 1
439000 1
440000 1
441000 1
442000 1
443000 1
444000 1
445000 1
446000 1
447000 1
448000 1
449000 1
450000 1
451000 1
452000 1
453000 1
454000 1
455000 1
456000 1
457000 1
458000 1
459000 1
460000 1
461000 1
462000 1
463000 1
464000 1
465000 1
466000 1
467000 1
468000 1
469000 1
470000 1
471000 1
472000 1
473000 1
474000 1
475000 1
476000 1
477000 1
478000 1
479000 1
480000 1
481000 1
482000 1
483000 1
484000 1
485000 1
486000 1
487000 1
488000 1
489000 1
490000 1
491000 1
492000 1
493000 1
494000 1
495000 1
496000 1
497000 1
498000 1
499000 1
500000 1
501000 1
502000 1
503000 1
504000 1
505000 1
506000 1
507000 1
508000 1
509000 1
510000 1
511000 1
512000 1
513000 1
514000 1
515000 1
516000 1
517000 1
518000 1
519000 1
520000 1
521000 1
522000 1
523000 1
524000 1
525000 1
526000 1
527000 1
528000 1
529000 1
530000 1
531000 1
532000 1
533000 1
534000 1
535000 1
536000 1
537000 1
538000 1
539000 1
540000 1
541000 1
542000 1
543000 1
544000 1
545000 1
546000 1
547000 1
548000 1
549000 1
550000 1
551000 1
552000 1
553000 1
554000 1
555000 1
556000 1
557000 1
558000 1
559000 1
560000 1
561000 1
562000 1
563000 1
564000 1
565000 1
566000 1
567000 1
568000 1
569000 1
570000 1
571000 1
572000 1
573000 1
574000 1
575000 1
576000 1
577000 1
578000 1
579000 1
580000 1
581000 1
582000 1
583000 1
584000 1
585000 1
586000 1
587000 1
588000 1
589000 1
590000 1
591000 1
592000 1
593000 1
594000 1
595000 1
596000 1
597000 1
598000 1
599000 1
600000 1
601000 1
602000 1
603000 1
604000 1
605000 1
606000 1
607000 1
608000 1
609000 1
610000 1
611000 1
612000 1
613000 1
614000 1
615000 1
616000 1
617000 1
618000 1
619000 1
620000 1
621000 1
622000 1
623000 1
624000 1
625000 1
626000 1
627000 1
628000 1
629000 1
630000 1
631000 1
632000 1
633000 1
634000 1
635000 1
636000 1
637000 1
638000 1
639000 1
640000 1
641000 1
642000 1
643000 1
644000 1
645000 1
646000 1
647000 1
648000 1
649000 1
650000 1
651000 1
652000 1
653000 1
654000 1
655000 1
656000 1
657000 1
658000 1
659000 1
660000 1
661000 1
662000 1
663000 1
664000 1
665000 1
666000 1
667000 1
668000 1
669000 1
670000 1
671000 1
672000 1
673000 1
674000 1
675000 1
676000 1
677000 1
678000 1
679000 1
680000 1
681000 1
682000 1
683000 1
684000 1
685000 1
686000 1
687000 1
688000 1
689000 1
690000 1
691000 1
692000 1
693000 1
694000 1
695000 1
696000 1
697000 1
698000 1
699000 1
700000 1
701000 1
702000 1
703000 1
704000 1
705000 1
706000 1
707000 1
708000 1
709000 1
710000 1
711000 1
712000 1
713000 1
714000 1
715000 1
716000 1
717000 1
718000 1
719000 1
720000 1
721000 1
722000 1
723000 1
724000 1
725000 1
726000 1
727000 1
728000 1
729000 1
730000 1
731000 1
732000 1
733000 1
734000 1
735000 1
736000 1
737000 1
738000 1
739000 1
740000 1
741000 1
742000 1
743000 1
744000 1
745000 1
746000 1
747000 1
748000 1
749000 1
750000 1
751000 1
752000 1
753000 1
754000 1
755000 1
756000 1
757000 1
758000 1
759000 1
760000 1
761000 1
762000 1
763000 1
764000 1
765000 1
766000 1
767000 1
768000 1
769000 1
770000 1
771000 1
772000 1
773000 1
774000 1
775000 1
776000 1
777000 1
778000 1
779000 1
780000 1
781000 1
782000 1
783000 1
784000 1
785000 1
786000 1
787000 1
788000 1
789000 1
790000 1
791000 1
792000 1
793000 1
794000 1
795000 1
796000 1
797000 1
798000 1
799000 1
800000 1
801000 1
802000 1
803000 1
804000 1
805000 1
806000 1
807000 1
808000 1
809000 1
810000 1
811000 1
812000 1
813000 1
814000 1
815000 1
816000 1
817000 1
818000 1
819000 1
820000 1
821000 1
822000 1
823000 1
824000 1
825000 1
826000 1
827000 1
828000 1
829000 1
830000 1
831000 1
832000 1
833000 1
834000 1
835000 1
836000 1
837000 1
838000 1
839000 1
840000 1
841000 1
842000 1
843000 1
844000 1
845000 1
846000 1
847000 1
848000 1
849000 1
850000 1
851000 1
852000 1
853000 1
854000 1
855000 1
856000 1
857000 1
858000 1
859000 1
860000 1
861000 1
862000 1
863000 1
864000 1
865000 1
866000 1
867000 1
868000 1
869000 1
870000 1
871000 1
872000 1
873000 1
874000 1
875000 1
876000 1
877000 1
878000 1
879000 1
880000 1
881000 1
882000 1
883000 1
884000 1
885000 1
886000 1
887000 1
888000 1
889000 1
890000 1
891000 1
892000 1
893000 1
894000 1
895000 1
896000 1
897000 1
898000 1
899000 1
900000 1
901000 1
902000 1
903000 1
904000 1
905000 1
906000 1
907000 1
908000 1
909000 1
910000 1
911000 1
912000 1
913000 1
914000 1
915000 1
916000 1
917000 1
918000 1
919000 1
920000 1
921000 1
922000 1
923000 1
924000 1
925000 1
926000 1
927000 1
928000 1
929000 1
930000 1
931000 1
932000 1
933000 1
934000 1
935000 1
936000 1
937000 1
938000 1
939000 1
940000 1
941000 1
942000 1
943000 1
944000 1
945000 1
946000 1
947000 1
948000 1
949000 1
950000 1
951000 1
952000 1
953000 1
954000 1
955000 1
956000 1
957000 1
958000 1
959000 1
960000 1
961000 1
962000 1
963000 1
964000 1
965000 1
966000 1
967000 1
968000 1
969000 1
970000 1
971000 1
972000 1
973000 1
974000 1
975000 1
976000 1
977000 1
978000 1
979000 1
980000 1
981000 1
982000 1
983000 1
984000 1
985000 1
986000 1
987000 1
988000 1
989000 1
990000 1
991000 1
992000 1
993000 1
994000 1
995000 1
996000 1
997000 1
998000 1
999000 1
1000000 1
1001000 1
1002000 1
1003000 1
1004000 1
1005000 1
1006000 1
1007000 1
1008000 1
1009000 1
1010000 1
1011000 1
1012000 1
1013000 1
1014000 1
1015000 1
1016000 1
1017000 1
1018000 1
1019000 1
1020000 1
1021000 1
1022000 1
1023000 1
1024000 1
1025000 1
1026000 1
1027000 1
1028000 1
1029000 1
1030000 1
1031000 1
1032000 1
1033000 1
1034000 1
1035000 1
1036000 1
1037000 1
1038000 1
1039000 1
1040000 1
1041000 1
1042000 1
1043000 1
1044000 1
1045000 1
1046000 1
1047000 1
1048000 1
1049000 1
1050000 1
1051000 1
1052000 1
1053000 1
1054000 1
1055000 1
1056000 1
1057000 1
1058000 1
1059000 1
1060000 1
1061000 1
1062000 1
1063000 1
1064000 1
1065000 1
1066000 1
1067000 1
1068000 1
1069000 1
1070000 1
1071000 1
1072000 1
1073000 1
1074000 1
1075000 1
1076000 1
1077000 1
1078000 1
1079000 1
1080000 1
1081000 1
1082000 1
1083000 1
1084000 1
1085000 1
1086000 1
1087000 1
1088000 1
1089000 1
1090000 1
1091000 1
1092000 1
1093000 1
1094000 1
1095000 1
1096000 1
1097000 1
1098000 1
1099000 1
1100000 1
1101000 1
1102000 1
1103000 1
1104000 1
1105000 1
1106000 1
1107000 1
1108000 1
1109000 1
1110000 1
1111000 1
1112000 1
1113000 1
1114000 1
1115000 1
1116000 1
1117000 1
1118000 1
1119000 1
1120000 1
1121000 1
1122000 1
1123000 1
1124000 1
1125000 1
1126000 1
1127000 1
1128000 1
1129000 1
1130000 1
1131000 1
1132000 1
1133000 1
1134000 1
1135000 1
1136000 1
1137000 1
1138000 1
1139000 1
1140000 1
1141000 1
1142000 1
1143000 1
1144000 1
1145000 1
1146000 1
1147000 1
1148000 1
1149000 1
1150000 1
1151000 1
1152000 1
1153000 1
1154000 1
1155000 1
1156000 1
1157000 1
1158000 1
1159000 1
1160000 1
1161000 1
1162000 1
1163000 1
1164000 1
1165000 1
1166000 1
1167000 1
1168000 1
1169000 1
1170000 1
1171000 1
1172000 1
1173000 1
1174000 1
1175000 1
1176000 1
1177000 1
1178000 1
1179000 1
1180000 1
1181000 1
1182000 1
1183000 1
1184000 1
1185000 1
1186000 1
1187000 1
1188000 1
1189000 1
1190000 1
1191000 1
1192000 1
1193000 1
1194000 1
1195000 1
1196000 1
1197000 1
1198000 1
1199000 1
1200000 1
1201000 1
1202000 1
1203000 1
1204000 1
1205000 1
1206000 1
1207000 1
1208000 1
1209000 1
1210000 1
1211000 1
1212000 1
1213000 1
1214000 1
1215000 1
1216000 1
1217000 1
1218000 1
1219000 1
1220000 1
1221000 1
1222000 1
1223000 1
1224000 1
1225000 1
1226000 1
1227000 1
1228000 1
1229000 1
1230000 1
1231000 1
1232000 1
1233000 1
1234000 1
1235000 1
1236000 1
1237000 1
1238000 1
1239000 1
1240000 1
1241000 1
1242000 1
1243000 1
1244000 1
1245000 1
1246000 1
1247000 1
1248000 1
1249000 1
1250000 1
1251000 1
1252000 1
1253000 1
1254000 1
1255000 1
1256000 1
1257000 1
1258000 1
1259000 1
1260000 1
1261000 1
1262000 1
1263000 1
1264000 1
1265000 1
1266000 1
1267000 1
1268000 1
1269000 1
1270000 1
1271000 1
1272000 1
1273000 1
1274000 1
1275000 1
1276000 1
1277000 1
1278000 1
1279000 1
1280000 1
1281000 1
1282000 1
1283000 1
1284000 1
1285000 1
1286000 1
1287000 1
1288000 1
1289000 1
1290000 1
1291000 1
1292000 1
1293000 1
1294000 1
1295000 1
1296000 1
1297000 1
1298000 1
1299000 1
1300000 1
1301000 1
1302000 1
1303000 1
1304000 1
1305000 1
1306000 1
1307000 1
1308000 1
1309000 1
1310000 1
1311000 1
1312000 1
1313000 1
1314000 1
1315000 1
1316000 1
1317000 1
1318000 1
1319000 1
1320000 1
1321000 1
1322000 1
1323000 1
1324000 1
1325000 1
1326000 1
1327000 1
1328000 1
1329000 1
1330000 1
1331000 1
1332000 1
1333000 1
1334000 1
1335000 1
1336000 1
1337000 1
1338000 1
1339000 1
1340000 1
1341000 1
1342000 1
1343000 1
1344000 1
1345000 1
1346000 1
1347000 1
1348000 1
1349000 1
1350000 1
1351000 1
1352000 1
1353000 1
1354000 1
1355000 1
1356000 1
1357000 1
1358000 1
1359000 1
1360000 1
1361000 1
1362000 1
1363000 1
1364000 1
1365000 1
1366000 1
1367000 1
1368000 1
1369000 1
1370000 1
1371000 1
1372000 1
1373000 1
1374000 1
1375000 1
1376000 1
1377000 1
1378000 1
1379000 1
1380000 1
1381000 1
1382000 1
1383000 1
1384000 1
1385000 1
1386000 1
1387000 1
1388000 1
1389000 1
1390000 1
1391000 1
1392000 1
1393000 1
1394000 1
1395000 1
1396000 1
1397000 1
1398000 1
1399000 1
1400000 1
1401000 1
1402000 1
1403000 1
1404000 1
1405000 1
1406000 1
1407000 1
1408000 1
1409000 1
1410000 1
1411000 1
1412000 1
1413000 1
1414000 1
1415000 1
1416000 1
1417000 1
1418000 1
1419000 1
1420000 1
1421000 1
1422000 1
1423000 1
1424000 1
1425000 1
1426000 1
1427000 1
1428000 1
1429000 1
1430000 1
1431000 1
1432000 1
1433000 1
1434000 1
1435000 1
1436000 1
1437000 1
1438000 1
1439000 1
1440000 1
1441000 1
1442000 1
1443000 1
1444000 1
1445000 1
1446000 1
1447000 1
1448000 1
1449000 1
1450000 1
1451000 1
1452000 1
1453000 1
1454000 1
1455000 1
1456000 1
1457000 1
1458000 1
1459000 1
1460000 1
1461000 1
1462000 1
1463000 1
1464000 1
1465000 1
1466000 1
1467000 1
1468000 1
1469000 1
1470000 1
1471000 1
1472000 1
1473000 1
1474000 1
1475000 1
1476000 1
1477000 1
1478000 1
1479000 1
1480000 1
1481000 1
1482000 1
1483000 1
1484000 1
1485000 1
1486000 1
1487000 1
1488000 1
1489000 1
1490000 1
1491000 1
1492000 1
1493000 1
1494000 1
1495000 1
1496000 1
1497000 1
1498000 1
1499000 1
1500000 1
1501000 1
1502000 1
1503000 1
1504000 1
1505000 1
1506000 1
1507000 1
1508000 1
1509000 1
1510000 1
1511000 1
1512000 1
1513000 1
1514000 1
1515000 1
1516000 1
1517000 1
1518000 1
1519000 1
1520000 1
1521000 1
1522000 1
1523000 1
1524000 1
1525000 1
1526000 1
1527000 1
1528000 1
1529000 1
1530000 1
1531000 1
1532000 1
1533000 1
1534000 1
1535000 1
1536000 1
1537000 1
1538000 1
1539000 1
1540000 1
1541000 1
1542000 1
1543000 1
1544000 1
1545000 1
1546000 1
1547000 1
1548000 1
1549000 1
1550000 1
1551000 1
1552000 1
1553000 1
1554000 1
1555000 1
1556000 1
1557000 1
1558000 1
1559000 1
1560000 1
1561000 1
1562000 1
1563000 1
1564000 1
1565000 1
1566000 1
1567000 1
1568000 1
1569000 1
1570000 1
1571000 1
1572000 1
1573000 1
1574000 1
1575000 1
1576000 1
1577000 1
1578000 1
1579000 1
1580000 1
1581000 1
1582000 1
1583000 1
1584000 1
1585000 1
1586000 1
1587000 1
1588000 1
1589000 1
1590000 1
1591000 1
1592000 1
1593000 1
1594000 1
1595000 1
1596000 1
1597000 1
1598000 1
1599000 1
1600000 1
1601000 1
1602000 1
1603000 1
1604000 1
1605000 1
1606000 1
1607000 1
1608000 1
1609000 1
1610000 1
1611000 1
1612000 1
1613000 1
1614000 1
1615000 1
1616000 1
1617000 1
1618000 1
1619000 1
1620000 1
1621000 1
1622000 1
1623000 1
1624000 1
1625000 1
1626000 1
1627000 1
1628000 1
1629000 1
1630000 1
1631000 1
1632000 1
1633000 1
1634000 1
1635000 1
1636000 1
1637000 1
1638000 1
1639000 1
1640000 1
1641000 1
1642000 1
1643000 1
1644000 1
1645000 1
1646000 1
1647000 1
1648000 1
1649000 1
1650000 1
1651000 1
1652000 1
1653000 1
1654000 1
1655000 1
1656000 1
1657000 1
1658000 1
1659000 1
1660000 1
1661000 1
1662000 1
1663000 1
1664000 1
1665000 1
1666000 1
1667000 1
1668000 1
1669000 1
1670000 1
1671000 1
1672000 1
1673000 1
1674000 1
1675000 1
1676000 1
1677000 1
1678000 1
1679000 1
1680000 1
1681000 1
1682000 1
1683000 1
1684000 1
1685000 1
1686000 1
1687000 1
1688000 1
1689000 1
1690000 1
1691000 1
1692000 1
1693000 1
1694000 1
1695000 1
1696000 1
1697000 1
1698000 1
1699000 1
1700000 1
1701000 1
1702000 1
1703000 1
1704000 1
1705000 1
1706000 1
1707000 1
1708000 1
1709000 1
1710000 1
1711000 1
1712000 1
1713000 1
1714000 1
1715000 1
1716000 1
1717000 1
1718000 1
1719000 1
1720000 1
1721000 1
1722000 1
1723000 1
1724000 1
1725000 1
1726000 1
1727000 1
1728000 1
1729000 1
1730000 1
1731000 1
1732000 1
1733000 1
1734000 1
1735000 1
1736000 1
1737000 1
1738000 1
1739000 1
1740000 1
1741000 1
1742000 1
1743000 1
1744000 1
1745000 1
1746000 1
1747000 1
1748000 1
1749000 1
1750000 1
1751000 1
1752000 1
1753000 1
1754000 1
1755000 1
1756000 1
1757000 1
1758000 1
1759000 1
1760000 1
1761000 1
1762000 1
1763000 1
1764000 1
1765000 1
1766000 1
1767000 1
1768000 1
1769000 1
1770000 1
1771000 1
1772000 1
1773000 1
1774000 1
1775000 1
1776000 1
1777000 1
1778000 1
1779000 1
1780000 1
1781000 1
1782000 1
1783000 1
1784000 1
1785000 1
1786000 1
1787000 1
1788000 1
1789000 1
1790000 1
1791000 1
1792000 1
1793000 1
1794000 1
1795000 1
1796000 1
1797000 1
1798000 1
1799000 1
1800000 1
1801000 1
1802000 1
1803000 1
1804000 1
1805000 1
1806000 1
1807000 1
1808000 1
1809000 1
1810000 1
1811000 1
1812000 1
1813000 1
1814000 1
1815000 1
1816000 1
1817000 1
1818000 1
1819000 1
1820000 1
1821000 1
1822000 1
1823000 1
1824000 1
1825000 1
1826000 1
1827000 1
1828000 1
1829000 1
1830000 1
1831000 1
1832000 1
1833000 1
1834000 1
1835000 1
1836000 1
1837000 1
1838000 1
1839000 1
1840000 1
1841000 1
1842000 1
1843000 1
1844000 1
1845000 1
1846000 1
1847000 1
1848000 1
1849000 1
1850000 1
1851000 1
1852000 1
1853000 1
1854000 1
1855000 1
1856000 1
1857000 1
1858000 1
1859000 1
1860000 1
1861000 1
1862000 1
1863000 1
1864000 1
1865000 1
1866000 1
1867000 1
1868000 1
1869000 1
1870000 1
1871000 1
1872000 1
1873000 1
1874000 1
1875000 1
1876000 1
1877000 1
1878000 1
1879000 1
1880000 1
1881000 1
1882000 1
1883000 1
1884000 1
1885000 1
1886000 1
1887000 1
1888000 1
1889000 1
1890000 1
1891000 1
1892000 1
1893000 1
1894000 1
1895000 1
1896000 1
1897000 1
1898000 1
1899000 1
1900000 1
1901000 1
1902000 1
1903000 1
1904000 1
1905000 1
1906000 1
1907000 1
1908000 1
1909000 1
1910000 1
1911000 1
1912000 1
1913000 1
1914000 1
1915000 1
1916000 1
1917000 1
1918000 1
1919000 1
1920000 1
1921000 1
1922000 1
1923000 1
1924000 1
1925000 1
1926000 1
1927000 1
1928000 1
1929000 1
1930000 1
1931000 1
1932000 1
1933000 1
1934000 1
1935000 1
1936000 1
1937000 1
1938000 1
1939000 1
1940000 1
1941000 1
1942000 1
1943000 1
1944000 1
1945000 1
1946000 1
1947000 1
1948000 1
1949000 1
1950000 1
1951000 1
1952000 1
1953000 1
1954000 1
1955000 1
1956000 1
1957000 1
1958000 1
1959000 1
1960000 1
1961000 1
1962000 1
1963000 1
1964000 1
1965000 1
1966000 1
1967000 1
1968000 1
1969000 1
1970000 1
1971000 1
1972000 1
1973000 1
1974000 1
1975000 1
1976000 1
1977000 1
1978000 1
1979000 1
1980000 1
1981000 1
1982000 1
1983000 1
1984000 1
1985000 1
1986000 1
1987000 1
1988000 1
1989000 1
1990000 1
1991000 1
1992000 1
1993000 1
1994000 1
1995000 1
1996000 1
1997000 1
1998000 1
1999000 1
2000000 1
2001000 1
2002000 1
2003000 1
2004000 1
2005000 1
2006000 1
2007000 1
2008000 1
2009000 1
2010000 1
2011000 1
2012000 1
2013000 1
2014000 1
2015000 1
2016000 1
2017000 1
2018000 1
2019000 1
2020000 1
2021000 1
2022000 1
2023000 1
2024000 1
2025000 1
2026000 1
2027000 1
2028000 1
2029000 1
2030000 1
2031000 1
2032000 1
2033000 1
2034000 1
2035000 1
2036000 1
2037000 1
2038000 1
2039000 1
2040000 1
2041000 1
2042000 1
2043000 1
2044000 1
2045000 1
2046000 1
2047000 1
2048000 1
2049000 1
2050000 1
2051000 1
2052000 1
2053000 1
2054000 1
2055000 1
2056000 1
2057000 1
2058000 1
2059000 1
2060000 1
2061000 1
2062000 1
2063000 1
2064000 1
2065000 1
2066000 1
2067000 1
2068000 1
2069000 1
2070000 1
2071000 1
2072000 1
2073000 1
2074000 1
2075000 1
2076000 1
2077000 1
2078000 1
2079000 1
2080000 1
2081000 1
2082000 1
2083000 1
2084000 1
2085000 1
2086000 1
2087000 1
2088000 1
2089000 1
2090000 1
2091000 1
2092000 1
2093000 1
2094000 1
2095000 1
2096000 1
2097000 1
2098000 1
2099000 1
2100000 1
2101000 1
2102000 1
2103000 1
2104000 1
2105000 1
2106000 1
2107000 1
2108000 1
2109000 1
2110000 1
2111000 1
2112000 1
2113000 1
2114000 1
2115000 1
2116000 1
2117000 1
2118000 1
2119000 1
2120000 1
2121000 1
2122000 1
2123000 1
2124000 1
2125000 1
2126000 1
2127000 1
2128000 1
2129000 1
2130000 1
2131000 1
2132000 1
2133000 1
2134000 1
2135000 1
2136000 1
2137000 1
2138000 1
2139000 1
2140000 1
2141000 1
2142000 1
2143000 1
2144000 1
2145000 1
2146000 1
2147000 1
2148000 1
2149000 1
2150000 1
2151000 1
2152000 1
2153000 1
2154000 1
2155000 1
2156000 1
2157000 1
2158000 1
2159000 1
2160000 1
2161000 1
2162000 1
2163000 1
2164000 1
2165000 1
2166000 1
2167000 1
2168000 1
2169000 1
2170000 1
2171000 1
2172000 1
2173000 1
2174000 1
2175000 1
2176000 1
2177000 1
2178000 1
2179000 1
2180000 1
2181000 1
2182000 1
2183000 1
2184000 1
2185000 1
2186000 1
2187000 1
2188000 1
2189000 1
2190000 1
2191000 1
2192000 1
2193000 1
2194000 1
2195000 1
2196000 1
2197000 1
2198000 1
2199000 1
2200000 1
2201000 1
2202000 1
2203000 1
2204000 1
2205000 1
2206000 1
2207000 1
2208000 1
2209000 1
2210000 1
2211000 1
2212000 1
2213000 1
2214000 1
2215000 1
2216000 1
2217000 1
2218000 1
2219000 1
2220000 1
2221000 1
2222000 1
2223000 1
2224000 1
2225000 1
2226000 1
2227000 1
2228000 1
2229000 1
2230000 1
2231000 1
2232000 1
2233000 1
2234000 1
2235000 1
2236000 1
2237000 1
2238000 1
2239000 1
2240000 1
2241000 1
2242000 1
2243000 1
2244000 1
2245000 1
2246000 1
2247000 1
2248000 1
2249000 1
2250000 1
2251000 1
2252000 1
2253000 1
2254000 1
2255000 1
2256000 1
2257000 1
2258000 1
2259000 1
2260000 1
2261000 1
2262000 1
2263000 1
2264000 1
2265000 1
2266000 1
2267000 1
2268000 1
2269000 1
2270000 1
2271000 1
2272000 1
2273000 1
2274000 1
2275000 1
2276000 1
2277000 1
2278000 1
2279000 1
2280000 1
2281000 1
2282000 1
2283000 1
2284000 1
2285000 1
2286000 1
2287000 1
2288000 1
2289000 1
2290000 1
2291000 1
2292000 1
2293000 1
2294000 1
2295000 1
2296000 1
2297000 1
2298000 1
2299000 1
2300000 1
2301000 1
2302000 1
2303000 1
2304000 1
2305000 1
2306000 1
2307000 1
2308000 1
2309000 1
2310000 1
2311000 1
2312000 1
2313000 1
2314000 1
2315000 1
2316000 1
2317000 1
2318000 1
2319000 1
2320000 1
2321000 1
2322000 1
2323000 1
2324000 1
2325000 1
2326000 1
2327000 1
2328000 1
2329000 1
2330000 1
2331000 1
2332000 1
2333000 1
2334000 1
2335000 1
2336000 1
2337000 1
2338000 1
2339000 1
2340000 1
2341000 1
2342000 1
2343000 1
2344000 1
2345000 1
2346000 1
2347000 1
2348000 1
2349000 1
2350000 1
2351000 1
2352000 1
2353000 1
2354000 1
2355000 1
2356000 1
2357000 1
2358000 1
2359000 1
2360000 1
2361000 1
2362000 1
2363000 1
2364000 1
2365000 1
2366000 1
2367000 1
2368000 1
2369000 1
2370000 1
2371000 1
2372000 1
2373000 1
2374000 1
2375000 1
2376000 1
2377000 1
2378000 1
2379000 1
2380000 1
2381000 1
2382000 1
2383000 1
2384000 1
2385000 1
2386000 1
2387000 1
2388000 1
2389000 1
2390000 1
2391000 1
2392000 1
2393000 1
2394000 1
2395000 1
2396000 1
2397000 1
2398000 1
2399000 1
2400000 1
2401000 1
2402000 1
2403000 1
2404000 1
2405000 1
2406000 1
2407000 1
2408000 1
2409000 1
2410000 1
2411000 1
2412000 1
2413000 1
2414000 1
2415000 1
2416000 1
2417000 1
2418000 1
2419000 1
2420000 1
2421000 1
2422000 1
2423000 1
2424000 1
2425000 1
2426000 1
2427000 1
2428000 1
2429000 1
2430000 1
2431000 1
2432000 1
2433000 1
2434000 1
2435000 1
2436000 1
2437000 1
2438000 1
2439000 1
2440000 1
2441000 1
2442000 1
2443000 1
2444000 1
2445000 1
2446000 1
2447000 1
2448000 1
2449000 1
2450000 1
2451000 1
2452000 1
2453000 1
2454000 1
2455000 1
2456000 1
2457000 1
2458000 1
2459000 1
2460000 1
2461000 1
2462000 1
2463000 1
2464000 1
2465000 1
2466000 1
2467000 1
2468000 1
2469000 1
2470000 1
2471000 1
2472000 1
2473000 1
2474000 1
2475000 1
2476000 1
2477000 1
2478000 1
2479000 1
2480000 1
2481000 1
2482000 1
2483000 1
2484000 1
2485000 1
2486000 1
2487000 1
2488000 1
2489000 1
2490000 1
2491000 1
2492000 1
2493000 1
2494000 1
2495000 1
2496000 1
2497000 1
2498000 1
2499000 1
2500000 1
2501000 1
2502000 1
2503000 1
2504000 1
2505000 1
2506000 1
2507000 1
2508000 1
2509000 1
2510000 1
2511000 1
2512000 1
2513000 1
2514000 1
2515000 1
2516000 1
2517000 1
2518000 1
2519000 1
2520000 1
2521000 1
2522000 1
2523000 1
2524000 1
2525000 1
2526000 1
2527000 1
2528000 1
2529000 1
2530000 1
2531000 1
2532000 1
2533000 1
2534000 1
2535000 1
2536000 1
2537000 1
2538000 1
2539000 1
2540000 1
2541000 1
2542000 1
2543000 1
2544000 1
2545000 1
2546000 1
2547000 1
2548000 1
2549000 1
2550000 1
2551000 1
2552000 1
2553000 1
2554000 1
2555000 1
2556000 1
2557000 1
2558000 1
2559000 1
2560000 1
2561000 1
2562000 1
2563000 1
2564000 1
2565000 1
2566000 1
2567000 1
2568000 1
2569000 1
2570000 1
2571000 1
2572000 1
2573000 1
2574000 1
2575000 1
2576000 1
2577000 1
2578000 1
2579000 1
2580000 1
2581000 1
2582000 1
2583000 1
2584000 1
2585000 1
2586000 1
2587000 1
2588000 1
2589000 1
2590000 1
2591000 1
2592000 1
2593000 1
2594000 1
2595000 1
2596000 1
2597000 1
2598000 1
2599000 1
2600000 1
2601000 1
2602000 1
2603000 1
2604000 1
2605000 1
2606000 1
2607000 1
2608000 1
2609000 1
2610000 1
2611000 1
2612000 1
2613000 1
2614000 1
2615000 1
2616000 1
2617000 1
2618000 1
2619000 1
2620000 1
2621000 1
2622000 1
2623000 1
2624000 1
2625000 1
2626000 1
2627000 1
2628000 1
2629000 1
2630000 1
2631000 1
2632000 1
2633000 1
2634000 1
2635000 1
2636000 1
2637000 1
2638000 1
2639000 1
2640000 1
2641000 1
2642000 1
2643000 1
2644000 1
2645000 1
2646000 1
2647000 1
2648000 1
2649000 1
2650000 1
2651000 1
2652000 1
2653000 1
2654000 1
2655000 1
2656000 1
2657000 1
2658000 1
2659000 1
2660000 1
2661000 1
2662000 1
2663000 1
2664000 1
2665000 1
2666000 1
2667000 1
2668000 1
2669000 1
2670000 1
2671000 1
2672000 1
2673000 1
2674000 1
2675000 1
2676000 1
2677000 1
2678000 1
2679000 1
2680000 1
2681000 1
2682000 1
2683000 1
2684000 1
2685000 1
2686000 1
2687000 1
2688000 1
2689000 1
2690000 1
2691000 1
2692000 1
2693000 1
2694000 1
2695000 1
2696000 1
2697000 1
2698000 1
2699000 1
2700000 1
2701000 1
2702000 1
2703000 1
2704000 1
2705000 1
2706000 1
2707000 1
2708000 1
2709000 1
2710000 1
2711000 1
2712000 1
2713000 1
2714000 1
2715000 1
2716000 1
2717000 1
2718000 1
2719000 1
2720000 1
2721000 1
2722000 1
2723000 1
2724000 1
2725000 1
2726000 1
2727000 1
2728000 1
2729000 1
2730000 1
2731000 1
2732000 1
2733000 1
2734000 1
2735000 1
2736000 1
2737000 1
2738000 1
2739000 1
2740000 1
2741000 1
2742000 1
2743000 1
2744000 1
2745000 1
2746000 1
2747000 1
2748000 1
2749000 1
2750000 1
2751000 1
2752000 1
2753000 1
2754000 1
2755000 1
2756000 1
2757000 1
2758000 1
2759000 1
2760000 1
2761000 1
2762000 1
2763000 1
2764000 1
2765000 1
2766000 1
2767000 1
2768000 1
2769000 1
2770000 1
2771000 1
2772000 1
2773000 1
2774000 1
2775000 1
2776000 1
2777000 1
2778000 1
2779000 1
2780000 1
2781000 1
2782000 1
2783000 1
2784000 1
2785000 1
2786000 1
2787000 1
2788000 1
2789000 1
2790000 1
2791000 1
2792000 1
2793000 1
2794000 1
2795000 1
2796000 1
2797000 1
2798000 1
2799000 1
2800000 1
2801000 1
2802000 1
2803000 1
2804000 1
2805000 1
2806000 1
2807000 1
2808000 1
2809000 1
2810000 1
2811000 1
2812000 1
2813000 1
2814000 1
2815000 1
2816000 1
2817000 1
2818000 1
2819000 1
2820000 1
2821000 1
2822000 1
2823000 1
2824000 1
2825000 1
2826000 1
2827000 1
2828000 1
2829000 1
2830000 1
2831000 1
2832000 1
2833000 1
2834000 1
2835000 1
2836000 1
2837000 1
2838000 1
2839000 1
2840000 1
2841000 1
2842000 1
2843000 1
2844000 1
2845000 1
2846000 1
2847000 1
2848000 1
2849000 1
2850000 1
2851000 1
2852000 1
2853000 1
2854000 1
2855000 1
2856000 1
2857000 1
2858000 1
2859000 1
2860000 1
2861000 1
2862000 1
2863000 1
2864000 1
2865000 1
2866000 1
2867000 1
2868000 1
2869000 1
2870000 1
2871000 1
2872000 1
2873000 1
2874000 1
2875000 1
2876000 1
2877000 1
2878000 1
2879000 1
2880000 1
2881000 1
2882000 1
2883000 1
2884000 1
2885000 1
2886000 1
2887000 1
2888000 1
2889000 1
2890000 1
2891000 1
2892000 1
2893000 1
2894000 1
2895000 1
2896000 1
2897000 1
2898000 1
2899000 1
2900000 1
2901000 1
2902000 1
2903000 1
2904000 1
2905000 1
2906000 1
2907000 1
2908000 1
2909000 1
2910000 1
2911000 1
2912000 1
2913000 1
2914000 1
2915000 1
2916000 1
2917000 1
2918000 1
2919000 1
2920000 1
2921000 1
2922000 1
2923000 1
2924000 1
2925000 1
2926000 1
2927000 1
2928000 1
2929000 1
2930000 1
2931000 1
2932000 1
2933000 1
2934000 1
2935000 1
2936000 1
2937000 1
2938000 1
2939000 1
2940000 1
2941000 1
2942000 1
2943000 1
2944000 1
2945000 1
2946000 1
2947000 1
2948000 1
2949000 1
2950000 1
2951000 1
2952000 1
2953000 1
2954000 1
2955000 1
2956000 1
2957000 1
2958000 1
2959000 1
2960000 1
2961000 1
2962000 1
2963000 1
2964000 1
2965000 1
2966000 1
2967000 1
2968000 1
2969000 1
2970000 1
2971000 1
2972000 1
2973000 1
2974000 1
2975000 1
2976000 1
2977000 1
2978000 1
2979000 1
2980000 1
2981000 1
2982000 1
2983000 1
2984000 1
2985000 1
2986000 1
2987000 1
2988000 1
2989000 1
2990000 1
2991000 1
2992000 1
2993000 1
2994000 1
2995000 1
2996000 1
2997000 1
2998000 1
2999000 1
3000000 1
3001000 1
3002000 1
3003000 1
3004000 1
3005000 1
3006000 1
3007000 1
3008000 1
3009000 1
3010000 1
3011000 1
3012000 1
3013000 1
3014000 1
3015000 1
3016000 1
3017000 1
3018000 1
3019000 1
3020000 1
3021000 1
3022000 1
3023000 1
3024000 1
3025000 1
3026000 1
3027000 1
3028000 1
3029000 1
3030000 1
3031000 1
3032000 1
3033000 1
3034000 1
3035000 1
3036000 1
3037000 1
3038000 1
3039000 1
3040000 1
3041000 1
3042000 1
3043000 1
3044000 1
3045000 1
3046000 1
3047000 1
3048000 1
3049000 1
3050000 1
3051000 1
3052000 1
3053000 1
3054000 1
3055000 1
3056000 1
3057000 1
3058000 1
3059000 1
3060000 1
3061000 1
3062000 1
3063000 1
3064000 1
3065000 1
3066000 1
3067000 1
3068000 1
3069000 1
3070000 1
3071000 1
3072000 1
3073000 1
3074000 1
3075000 1
3076000 1
3077000 1
3078000 1
3079000 1
3080000 1
3081000 1
3082000 1
3083000 1
3084000 1
3085000 1
3086000 1
3087000 1
3088000 1
3089000 1
3090000 1
3091000 1
3092000 1
3093000 1
3094000 1
3095000 1
3096000 1
3097000 1
3098000 1
3099000 1
3100000 1
3101000 1
3102000 1
3103000 1
3104000 1
3105000 1
3106000 1
3107000 1
3108000 1
3109000 1
3110000 1
3111000 1
3112000 1
3113000 1
3114000 1
3115000 1
3116000 1
3117000 1
3118000 1
3119000 1
3120000 1
3121000 1
3122000 1
3123000 1
3124000 1
3125000 1
3126000 1
3127000 1
3128000 1
3129000 1
3130000 1
3131000 1
3132000 1
3133000 1
3134000 1
3135000 1
3136000 1
3137000 1
3138000 1
3139000 1
3140000 1
3141000 1
3142000 1
3143000 1
3144000 1
3145000 1
3146000 1
3147000 1
3148000 1
3149000 1
3150000 1
3151000 1
3152000 1
3153000 1
3154000 1
3155000 1
3156000 1
3157000 1
3158000 1
3159000 1
3160000 1
3161000 1
3162000 1
3163000 1
3164000 1
3165000 1
3166000 1
3167000 1
3168000 1
3169000 1
3170000 1
3171000 1
3172000 1
3173000 1
3174000 1
3175000 1
3176000 1
3177000 1
3178000 1
3179000 1
3180000 1
3181000 1
3182000 1
3183000 1
3184000 1
3185000 1
3186000 1
3187000 1
3188000 1
3189000 1
3190000 1
3191000 1
3192000 1
3193000 1
3194000 1
3195000 1
3196000 1
3197000 1
3198000 1
3199000 1
3200000 1
3201000 1
3202000 1
3203000 1
3204000 1
3205000 1
3206000 1
3207000 1
3208000 1
3209000 1
3210000 1
3211000 1
3212000 1
3213000 1
3214000 1
3215000 1
3216000 1
3217000 1
3218000 1
3219000 1
3220000 1
3221000 1
3222000 1
3223000 1
3224000 1
3225000 1
3226000 1
3227000 1
3228000 1
3229000 1
3230000 1
3231000 1
3232000 1
3233000 1
3234000 1
3235000 1
3236000 1
3237000 1
3238000 1
3239000 1
3240000 1
3241000 1
3242000 1
3243000 1
3244000 1
3245000 1
3246000 1
3247000 1
3248000 1
3249000 1
3250000 1
3251000 1
3252000 1
3253000 1
3254000 1
3255000 1
3256000 1
3257000 1
3258000 1
3259000 1
3260000 1
3261000 1
3262000 1
3263000 1
3264000 1
3265000 1
3266000 1
3267000 1
3268000 1
3269000 1
3270000 1
3271000 1
3272000 1
3273000 1
3274000 1
3275000 1
3276000 1
3277000 1
3278000 1
3279000 1
3280000 1
3281000 1
3282000 1
3283000 1
3284000 1
3285000 1
3286000 1
3287000 1
3288000 1
3289000 1
3290000 1
3291000 1
3292000 1
3293000 1
3294000 1
3295000 1
3296000 1
3297000 1
3298000 1
3299000 1
3300000 1
3301000 1
3302000 1
3303000 1
3304000 1
3305000 1
3306000 1
3307000 1
3308000 1
3309000 1
3310000 1
3311000 1
3312000 1
3313000 1
3314000 1
3315000 1
3316000 1
3317000 1
3318000 1
3319000 1
3320000 1
3321000 1
3322000 1
3323000 1
3324000 1
3325000 1
3326000 1
3327000 1
3328000 1
3329000 1
3330000 1
3331000 1
3332000 1
3333000 1
3334000 1
3335000 1
3336000 1
3337000 1
3338000 1
3339000 1
3340000 1
3341000 1
3342000 1
3343000 1
3344000 1
3345000 1
3346000 1
3347000 1
3348000 1
3349000 1
3350000 1
3351000 1
3352000 1
3353000 1
3354000 1
3355000 1
3356000 1
3357000 1
3358000 1
3359000 1
3360000 1
3361000 1
3362000 1
3363000 1
3364000 1
3365000 1
3366000 1
3367000 1
3368000 1
3369000 1
3370000 1
3371000 1
3372000 1
3373000 1
3374000 1
3375000 1
3376000 1
3377000 1
3378000 1
3379000 1
3380000 1
3381000 1
3382000 1
3383000 1
3384000 1
3385000 1
3386000 1
3387000 1
3388000 1
3389000 1
3390000 1
3391000 1
3392000 1
3393000 1
3394000 1
3395000 1
3396000 1
3397000 1
3398000 1
3399000 1
3400000 1
3401000 1
3402000 1
3403000 1
3404000 1
3405000 1
3406000 1
3407000 1
3408000 1
3409000 1
3410000 1
3411000 1
3412000 1
3413000 1
3414000 1
3415000 1
3416000 1
3417000 1
3418000 1
3419000 1
3420000 1
3421000 1
3422000 1
3423000 1
3424000 1
3425000 1
3426000 1
3427000 1
3428000 1
3429000 1
3430000 1
3431000 1
3432000 1
3433000 1
3434000 1
3435000 1
3436000 1
3437000 1
3438000 1
3439000 1
3440000 1
3441000 1
3442000 1
3443000 1
3444000 1
3445000 1
3446000 1
3447000 1
3448000 1
3449000 1
3450000 1
3451000 1
3452000 1
3453000 1
3454000 1
3455000 1
3456000 1
3457000 1
3458000 1
3459000 1
3460000 1
3461000 1
3462000 1
3463000 1
3464000 1
3465000 1
3466000 1
3467000 1
3468000 1
3469000 1
3470000 1
3471000 1
3472000 1
3473000 1
3474000 1
3475000 1
3476000 1
3477000 1
3478000 1
3479000 1
3480000 1
3481000 1
3482000 1
3483000 1
3484000 1
3485000 1
3486000 1
3487000 1
3488000 1
3489000 1
3490000 1
3491000 1
3492000 1
3493000 1
3494000 1
3495000 1
3496000 1
3497000 1
3498000 1
3499000 1
3500000 1
3501000 1
3502000 1
3503000 1
3504000 1
3505000 1
3506000 1
3507000 1
3508000 1
3509000 1
3510000 1
3511000 1
3512000 1
3513000 1
3514000 1
3515000 1
3516000 1
3517000 1
3518000 1
3519000 1
3520000 1
3521000 1
3522000 1
3523000 1
3524000 1
3525000 1
3526000 1
3527000 1
3528000 1
3529000 1
3530000 1
3531000 1
3532000 1
3533000 1
3534000 1
3535000 1
3536000 1
3537000 1
3538000 1
3539000 1
3540000 1
3541000 1
3542000 1
3543000 1
3544000 1
3545000 1
3546000 1
3547000 1
3548000 1
3549000 1
3550000 1
3551000 1
3552000 1
3553000 1
3554000 1
3555000 1
3556000 1
3557000 1
3558000 1
3559000 1
3560000 1
3561000 1
3562000 1
3563000 1
3564000 1
3565000 1
3566000 1
3567000 1
3568000 1
3569000 1
3570000 1
3571000 1
3572000 1
3573000 1
3574000 1
3575000 1
3576000 1
3577000 1
3578000 1
3579000 1
3580000 1
3581000 1
3582000 1
3583000 1
3584000 1
3585000 1
3586000 1
3587000 1
3588000 1
3589000 1
3590000 1
3591000 1
3592000 1
3593000 1
3594000 1
3595000 1
3596000 1
3597000 1
3598000 1
3599000 1
3600000 1
3601000 1
3602000 1
3603000 1
3604000 1
3605000 1
3606000 1
3607000 1
3608000 1
3609000 1
3610000 1
3611000 1
3612000 1
3613000 1
3614000 1
3615000 1
3616000 1
3617000 1
3618000 1
3619000 1
3620000 1
3621000 1
3622000 1
3623000 1
3624000 1
3625000 1
3626000 1
3627000 1
3628000 1
3629000 1
3630000 1
3631000 1
3632000 1
3633000 1
3634000 1
3635000 1
3636000 1
3637000 1
3638000 1
3639000 1
3640000 1
3641000 1
3642000 1
3643000 1
3644000 1
3645000 1
3646000 1
3647000 1
3648000 1
3649000 1
3650000 1
3651000 1
3652000 1
3653000 1
3654000 1
3655000 1
3656000 1
3657000 1
3658000 1
3659000 1
3660000 1
3661000 1
3662000 1
3663000 1
3664000 1
3665000 1
3666000 1
3667000 1
3668000 1
3669000 1
3670000 1
3671000 1
3672000 1
3673000 1
3674000 1
3675000 1
3676000 1
3677000 1
3678000 1
3679000 1
3680000 1
3681000 1
3682000 1
3683000 1
3684000 1
3685000 1
3686000 1
3687000 1
3688000 1
3689000 1
3690000 1
3691000 1
3692000 1
3693000 1
3694000 1
3695000 1
3696000 1
3697000 1
3698000 1
3699000 1
3700000 1
3701000 1
3702000 1
3703000 1
3704000 1
3705000 1
3706000 1
3707000 1
3708000 1
3709000 1
3710000 1
3711000 1
3712000 1
3713000 1
3714000 1
3715000 1
3716000 1
3717000 1
3718000 1
3719000 1
3720000 1
3721000 1
3722000 1
3723000 1
3724000 1
3725000 1
3726000 1
3727000 1
3728000 1
3729000 1
3730000 1
3731000 1
3732000 1
3733000 1
3734000 1
3735000 1
3736000 1
3737000 1
3738000 1
3739000 1
3740000 1
3741000 1
3742000 1
3743000 1
3744000 1
3745000 1
3746000 1
3747000 1
3748000 1
3749000 1
3750000 1
3751000 1
3752000 1
3753000 1
3754000 1
3755000 1
3756000 1
3757000 1
3758000 1
3759000 1
3760000 1
3761000 1
3762000 1
3763000 1
3764000 1
3765000 1
3766000 1
3767000 1
3768000 1
3769000 1
3770000 1
3771000 1
3772000 1
3773000 1
3774000 1
3775000 1
3776000 1
3777000 1
3778000 1
3779000 1
3780000 1
3781000 1
3782000 1
3783000 1
3784000 1
3785000 1
3786000 1
3787000 1
3788000 1
3789000 1
3790000 1
3791000 1
3792000 1
3793000 1
3794000 1
3795000 1
3796000 1
3797000 1
3798000 1
3799000 1
3800000 1
3801000 1
3802000 1
3803000 1
3804000 1
3805000 1
3806000 1
3807000 1
3808000 1
3809000 1
3810000 1
3811000 1
3812000 1
3813000 1
3814000 1
3815000 1
3816000 1
3817000 1
3818000 1
3819000 1
3820000 1
3821000 1
3822000 1
3823000 1
3824000 1
3825000 1
3826000 1
3827000 1
3828000 1
3829000 1
3830000 1
3831000 1
3832000 1
3833000 1
3834000 1
3835000 1
3836000 1
3837000 1
3838000 1
3839000 1
3840000 1
3841000 1
3842000 1
3843000 1
3844000 1
3845000 1
3846000 1
3847000 1
3848000 1
3849000 1
3850000 1
3851000 1
3852000 1
3853000 1
3854000 1
3855000 1
3856000 1
3857000 1
3858000 1
3859000 1
3860000 1
3861000 1
3862000 1
3863000 1
3864000 1
3865000 1
3866000 1
3867000 1
3868000 1
3869000 1
3870000 1
3871000 1
3872000 1
3873000 1
3874000 1
3875000 1
3876000 1
3877000 1
3878000 1
3879000 1
3880000 1
3881000 1
3882000 1
3883000 1
3884000 1
3885000 1
3886000 1
3887000 1
3888000 1
3889000 1
3890000 1
3891000 1
3892000 1
3893000 1
3894000 1
3895000 1
3896000 1
3897000 1
3898000 1
3899000 1
3900000 1
3901000 1
3902000 1
3903000 1
3904000 1
3905000 1
3906000 1
3907000 1
3908000 1
3909000 1
3910000 1
3911000 1
3912000 1
3913000 1
3914000 1
3915000 1
3916000 1
3917000 1
3918000 1
3919000 1
3920000 1
3921000 1
3922000 1
3923000 1
3924000 1
3925000 1
3926000 1
3927000 1
3928000 1
3929000 1
3930000 1
3931000 1
3932000 1
3933000 1
3934000 1
3935000 1
3936000 1
3937000 1
3938000 1
3939000 1
3940000 1
3941000 1
3942000 1
3943000 1
3944000 1
3945000 1
3946000 1
3947000 1
3948000 1
3949000 1
3950000 1
3951000 1
3952000 1
3953000 1
3954000 1
3955000 1
3956000 1
3957000 1
3958000 1
3959000 1
3960000 1
3961000 1
3962000 1
3963000 1
3964000 1
3965000 1
3966000 1
3967000 1
3968000 1
3969000 1
3970000 1
3971000 1
3972000 1
3973000 1
3974000 1
3975000 1
3976000 1
3977000 1
3978000 1
3979000 1
3980000 1
3981000 1
3982000 1
3983000 1
3984000 1
3985000 1
3986000 1
3987000 1
3988000 1
3989000 1
3990000 1
3991000 1
3992000 1
3993000 1
3994000 1
3995000 1
3996000 1
3997000 1
3998000 1
3999000 1
4000000 1
4001000 1
4002000 1
4003000 1
4004000 1
4005000 1
4006000 1
4007000 1
4008000 1
4009000 1
4010000 1
4011000 1
4012000 1
4013000 1
4014000 1
4015000 1
4016000 1
4017000 1
4018000 1
4019000 1
4020000 1
4021000 1
4022000 1
4023000 1
4024000 1
4025000 1
4026000 1
4027000 1
4028000 1
4029000 1
4030000 1
4031000 1
4032000 1
4033000 1
4034000 1
4035000 1
4036000 1
4037000 1
4038000 1
4039000 1
4040000 1
4041000 1
4042000 1
4043000 1
4044000 1
4045000 1
4046000 1
4047000 1
4048000 1
4049000 1
4050000 1
4051000 1
4052000 1
4053000 1
4054000 1
4055000 1
4056000 1
4057000 1
4058000 1
4059000 1
4060000 1
4061000 1
4062000 1
4063000 1
4064000 1
4065000 1
4066000 1
4067000 1
4068000 1
4069000 1
4070000 1
4071000 1
4072000 1
4073000 1
4074000 1
4075000 1
4076000 1
4077000 1
4078000 1
4079000 1
4080000 1
4081000 1
4082000 1
4083000 1
4084000 1
4085000 1
4086000 1
4087000 1
4088000 1
4089000 1
4090000 1
4091000 1
4092000 1
4093000 1
4094000 1
4095000 1
4096000 1
4097000 1
4098000 1
4099000 1
4100000 1
4101000 1
4102000 1
4103000 1
4104000 1
4105000 1
4106000 1
4107000 1
4108000 1
4109000 1
4110000 1
4111000 1
4112000 1
4113000 1
4114000 1
4115000 1
4116000 1
4117000 1
4118000 1
4119000 1
4120000 1
4121000 1
4122000 1
4123000 1
4124000 1
4125000 1
4126000 1
4127000 1
4128000 1
4129000 1
4130000 1
4131000 1
4132000 1
4133000 1
4134000 1
4135000 1
4136000 1
4137000 1
4138000 1
4139000 1
4140000 1
4141000 1
4142000 1
4143000 1
4144000 1
4145000 1
4146000 1
4147000 1
4148000 1
4149000 1
4150000 1
4151000 1
4152000 1
4153000 1
4154000 1
4155000 1
4156000 1
4157000 1
4158000 1
4159000 1
4160000 1
4161000 1
4162000 1
4163000 1
4164000 1
4165000 1
4166000 1
4167000 1
4168000 1
4169000 1
4170000 1
4171000 1
4172000 1
4173000 1
4174000 1
4175000 1
4176000 1
4177000 1
4178000 1
4179000 1
4180000 1
4181000 1
4182000 1
4183000 1
4184000 1
4185000 1
4186000 1
4187000 1
4188000 1
4189000 1
4190000 1
4191000 1
4192000 1
4193000 1
4194000 1
4195000 1
4196000 1
4197000 1
4198000 1
4199000 1
4200000 1
4201000 1
4202000 1
4203000 1
4204000 1
4205000 1
4206000 1
4207000 1
4208000 1
4209000 1
4210000 1
4211000 1
4212000 1
4213000 1
4214000 1
4215000 1
4216000 1
4217000 1
4218000 1
4219000 1
4220000 1
4221000 1
4222000 1
4223000 1
4224000 1
4225000 1
4226000 1
4227000 1
4228000 1
4229000 1
4230000 1
4231000 1
4232000 1
4233000 1
4234000 1
4235000 1
4236000 1
4237000 1
4238000 1
4239000 1
4240000 1
4241000 1
4242000 1
4243000 1
4244000 1
4245000 1
4246000 1
4247000 1
4248000 1
4249000 1
4250000 1
4251000 1
4252000 1
4253000 1
4254000 1
4255000 1
4256000 1
4257000 1
4258000 1
4259000 1
4260000 1
4261000 1
4262000 1
4263000 1
4264000 1
4265000 1
4266000 1
4267000 1
4268000 1
4269000 1
4270000 1
4271000 1
4272000 1
4273000 1
4274000 1
4275000 1
4276000 1
4277000 1
4278000 1
4279000 1
4280000 1
4281000 1
4282000 1
4283000 1
4284000 1
4285000 1
4286000 1
4287000 1
4288000 1
4289000 1
4290000 1
4291000 1
4292000 1
4293000 1
4294000 1
4295000 1
4296000 1
4297000 1
4298000 1
4299000 1
4300000 1
4301000 1
4302000 1
4303000 1
4304000 1
4305000 1
4306000 1
4307000 1
4308000 1
4309000 1
4310000 1
4311000 1
4312000 1
4313000 1
4314000 1
4315000 1
4316000 1
4317000 1
4318000 1
4319000 1
4320000 1
4321000 1
4322000 1
4323000 1
4324000 1
4325000 1
4326000 1
4327000 1
4328000 1
4329000 1
4330000 1
4331000 1
4332000 1
4333000 1
4334000 1
4335000 1
4336000 1
4337000 1
4338000 1
4339000 1
4340000 1
4341000 1
4342000 1
4343000 1
4344000 1
4345000 1
4346000 1
4347000 1
4348000 1
4349000 1
4350000 1
4351000 1
4352000 1
4353000 1
4354000 1
4355000 1
4356000 1
4357000 1
4358000 1
4359000 1
4360000 1
4361000 1
4362000 1
4363000 1
4364000 1
4365000 1
4366000 1
4367000 1
4368000 1
4369000 1
4370000 1
4371000 1
4372000 1
4373000 1
4374000 1
4375000 1
4376000 1
4377000 1
4378000 1
4379000 1
4380000 1
4381000 1
4382000 1
4383000 1
4384000 1
4385000 1
4386000 1
4387000 1
4388000 1
4389000 1
4390000 1
4391000 1
4392000 1
4393000 1
4394000 1
4395000 1
4396000 1
4397000 1
4398000 1
4399000 1
4400000 1
4401000 1
4402000 1
4403000 1
4404000 1
4405000 1
4406000 1
4407000 1
4408000 1
4409000 1
4410000 1
4411000 1
4412000 1
4413000 1
4414000 1
4415000 1
4416000 1
4417000 1
4418000 1
4419000 1
4420000 1
4421000 1
4422000 1
4423000 1
4424000 1
4425000 1
4426000 1
4427000 1
4428000 1
4429000 1
4430000 1
4431000 1
4432000 1
4433000 1
4434000 1
4435000 1
4436000 1
4437000 1
4438000 1
4439000 1
4440000 1
4441000 1
4442000 1
4443000 1
4444000 1
4445000 1
4446000 1
4447000 1
4448000 1
4449000 1
4450000 1
4451000 1
4452000 1
4453000 1
4454000 1
4455000 1
4456000 1
4457000 1
4458000 1
4459000 1
4460000 1
4461000 1
4462000 1
4463000 1
4464000 1
4465000 1
4466000 1
4467000 1
4468000 1
4469000 1
4470000 1
4471000 1
4472000 1
4473000 1
4474000 1
4475000 1
4476000 1
4477000 1
4478000 1
4479000 1
4480000 1
4481000 1
4482000 1
4483000 1
4484000 1
4485000 1
4486000 1
4487000 1
4488000 1
4489000 1
4490000 1
4491000 1
4492000 1
4493000 1
4494000 1
4495000 1
4496000 1
4497000 1
4498000 1
4499000 1
4500000 1
4501000 1
4502000 1
4503000 1
4504000 1
4505000 1
4506000 1
4507000 1
4508000 1
4509000 1
4510000 1
4511000 1
4512000 1
4513000 1
4514000 1
4515000 1
4516000 1
4517000 1
4518000 1
4519000 1
4520000 1
4521000 1
4522000 1
4523000 1
4524000 1
4525000 1
4526000 1
4527000 1
4528000 1
4529000 1
4530000 1
4531000 1
4532000 1
4533000 1
4534000 1
4535000 1
4536000 1
4537000 1
4538000 1
4539000 1
4540000 1
4541000 1
4542000 1
4543000 1
4544000 1
4545000 1
4546000 1
4547000 1
4548000 1
4549000 1
4550000 1
4551000 1
4552000 1
4553000 1
4554000 1
4555000 1
4556000 1
4557000 1
4558000 1
4559000 1
4560000 1
4561000 1
4562000 1
4563000 1
4564000 1
4565000 1
4566000 1
4567000 1
4568000 1
4569000 1
4570000 1
4571000 1
4572000 1
4573000 1
4574000 1
4575000 1
4576000 1
4577000 1
4578000 1
4579000 1
4580000 1
4581000 1
4582000 1
4583000 1
4584000 1
4585000 1
4586000 1
4587000 1
4588000 1
4589000 1
4590000 1
4591000 1
4592000 1
4593000 1
4594000 1
4595000 1
4596000 1
4597000 1
4598000 1
4599000 1
4600000 1
4601000 1
4602000 1
4603000 1
4604000 1
4605000 1
4606000 1
4607000 1
4608000 1
4609000 1
4610000 1
4611000 1
4612000 1
4613000 1
4614000 1
4615000 1
4616000 1
4617000 1
4618000 1
4619000 1
4620000 1
4621000 1
4622000 1
4623000 1
4624000 1
4625000 1
4626000 1
4627000 1
4628000 1
4629000 1
4630000 1
4631000 1
4632000 1
4633000 1
4634000 1
4635000 1
4636000 1
4637000 1
4638000 1
4639000 1
4640000 1
4641000 1
4642000 1
4643000 1
4644000 1
4645000 1
4646000 1
4647000 1
4648000 1
4649000 1
4650000 1
4651000 1
4652000 1
4653000 1
4654000 1
4655000 1
4656000 1
4657000 1
4658000 1
4659000 1
4660000 1
4661000 1
4662000 1
4663000 1
4664000 1
4665000 1
4666000 1
4667000 1
4668000 1
4669000 1
4670000 1
4671000 1
4672000 1
4673000 1
4674000 1
4675000 1
4676000 1
4677000 1
4678000 1
4679000 1
4680000 1
4681000 1
4682000 1
4683000 1
4684000 1
4685000 1
4686000 1
4687000 1
4688000 1
4689000 1
4690000 1
4691000 1
4692000 1
4693000 1
4694000 1
4695000 1
4696000 1
4697000 1
4698000 1
4699000 1
4700000 1
4701000 1
4702000 1
4703000 1
4704000 1
4705000 1
4706000 1
4707000 1
4708000 1
4709000 1
4710000 1
4711000 1
4712000 1
4713000 1
4714000 1
4715000 1
4716000 1
4717000 1
4718000 1
4719000 1
4720000 1
4721000 1
4722000 1
4723000 1
4724000 1
4725000 1
4726000 1
4727000 1
4728000 1
4729000 1
4730000 1
4731000 1
4732000 1
4733000 1
4734000 1
4735000 1
4736000 1
4737000 1
4738000 1
4739000 1
4740000 1
4741000 1
4742000 1
4743000 1
4744000 1
4745000 1
4746000 1
4747000 1
4748000 1
4749000 1
4750000 1
4751000 1
4752000 1
4753000 1
4754000 1
4755000 1
4756000 1
4757000 1
4758000 1
4759000 1
4760000 1
4761000 1
4762000 1
4763000 1
4764000 1
4765000 1
4766000 1
4767000 1
4768000 1
4769000 1
4770000 1
4771000 1
4772000 1
4773000 1
4774000 1
4775000 1
4776000 1
4777000 1
4778000 1
4779000 1
4780000 1
4781000 1
4782000 1
4783000 1
4784000 1
4785000 1
4786000 1
4787000 1
4788000 1
4789000 1
4790000 1
4791000 1
4792000 1
4793000 1
4794000 1
4795000 1
4796000 1
4797000 1
4798000 1
4799000 1
4800000 1
4801000 1
4802000 1
4803000 1
4804000 1
4805000 1
4806000 1
4807000 1
4808000 1
4809000 1
4810000 1
4811000 1
4812000 1
4813000 1
4814000 1
4815000 1
4816000 1
4817000 1
4818000 1
4819000 1
4820000 1
4821000 1
4822000 1
4823000 1
4824000 1
4825000 1
4826000 1
4827000 1
4828000 1
4829000 1
4830000 1
4831000 1
4832000 1
4833000 1
4834000 1
4835000 1
4836000 1
4837000 1
4838000 1
4839000 1
4840000 1
4841000 1
4842000 1
4843000 1
4844000 1
4845000 1
4846000 1
4847000 1
4848000 1
4849000 1
4850000 1
4851000 1
4852000 1
4853000 1
4854000 1
4855000 1
4856000 1
4857000 1
4858000 1
4859000 1
4860000 1
4861000 1
4862000 1
4863000 1
4864000 1
4865000 1
4866000 1
4867000 1
4868000 1
4869000 1
4870000 1
4871000 1
4872000 1
4873000 1
4874000 1
4875000 1
4876000 1
4877000 1
4878000 1
4879000 1
4880000 1
4881000 1
4882000 1
4883000 1
4884000 1
4885000 1
4886000 1
4887000 1
4888000 1
4889000 1
4890000 1
4891000 1
4892000 1
4893000 1
4894000 1
4895000 1
4896000 1
4897000 1
4898000 1
4899000 1
4900000 1
4901000 1
4902000 1
4903000 1
4904000 1
4905000 1
4906000 1
4907000 1
4908000 1
4909000 1
4910000 1
4911000 1
4912000 1
4913000 1
4914000 1
4915000 1
4916000 1
4917000 1
4918000 1
4919000 1
4920000 1
4921000 1
4922000 1
4923000 1
4924000 1
4925000 1
4926000 1
4927000 1
4928000 1
4929000 1
4930000 1
4931000 1
4932000 1
4933000 1
4934000 1
4935000 1
4936000 1
4937000 1
4938000 1
4939000 1
4940000 1
4941000 1
4942000 1
4943000 1
4944000 1
4945000 1
4946000 1
4947000 1
4948000 1
4949000 1
4950000 1
4951000 1
4952000 1
4953000 1
4954000 1
4955000 1
4956000 1
4957000 1
4958000 1
4959000 1
4960000 1
4961000 1
4962000 1
4963000 1
4964000 1
4965000 1
4966000 1
4967000 1
4968000 1
4969000 1
4970000 1
4971000 1
4972000 1
4973000 1
4974000 1
4975000 1
4976000 1
4977000 1
4978000 1
4979000 1
4980000 1
4981000 1
4982000 1
4983000 1
4984000 1
4985000 1
4986000 1
4987000 1
4988000 1
4989000 1
4990000 1
4991000 1
4992000 1
4993000 1
4994000 1
4995000 1
4996000 1
4997000 1
4998000 1
4999000 1
5000000 1
5001000 1
5002000 1
5003000 1
5004000 1
5005000 1
5006000 1
5007000 1
5008000 1
5009000 1
5010000 1
5011000 1
5012000 1
5013000 1
5014000 1
5015000 1
5016000 1
5017000 1
5018000 1
5019000 1
5020000 1
5021000 1
5022000 1
5023000 1
5024000 1
5025000 1
5026000 1
5027000 1
5028000 1
5029000 1
5030000 1
5031000 1
5032000 1
5033000 1
5034000 1
5035000 1
5036000 1
5037000 1
5038000 1
5039000 1
5040000 1
5041000 1
5042000 1
5043000 1
5044000 1
5045000 1
5046000 1
5047000 1
5048000 1
5049000 1
5050000 1
5051000 1
5052000 1
5053000 1
5054000 1
5055000 1
5056000 1
5057000 1
5058000 1
5059000 1
5060000 1
5061000 1
5062000 1
5063000 1
5064000 1
5065000 1
5066000 1
5067000 1
5068000 1
5069000 1
5070000 1
5071000 1
5072000 1
5073000 1
5074000 1
5075000 1
5076000 1
5077000 1
5078000 1
5079000 1
5080000 1
5081000 1
5082000 1
5083000 1
5084000 1
5085000 1
5086000 1
5087000 1
5088000 1
5089000 1
5090000 1
5091000 1
5092000 1
5093000 1
5094000 1
5095000 1
5096000 1
5097000 1
5098000 1
5099000 1
5100000 1
5101000 1
5102000 1
5103000 1
5104000 1
5105000 1
5106000 1
5107000 1
5108000 1
5109000 1
5110000 1
5111000 1
5112000 1
5113000 1
5114000 1
5115000 1
5116000 1
5117000 1
5118000 1
5119000 1
5120000 1
5121000 1
5122000 1
5123000 1
5124000 1
5125000 1
5126000 1
5127000 1
5128000 1
5129000 1
5130000 1
5131000 1
5132000 1
5133000 1
5134000 1
5135000 1
5136000 1
5137000 1
5138000 1
5139000 1
5140000 1
5141000 1
5142000 1
5143000 1
5144000 1
5145000 1
5146000 1
5147000 1
5148000 1
5149000 1
5150000 1
5151000 1
5152000 1
5153000 1
5154000 1
5155000 1
5156000 1
5157000 1
5158000 1
5159000 1
5160000 1
5161000 1
5162000 1
5163000 1
5164000 1
5165000 1
5166000 1
5167000 1
5168000 1
5169000 1
5170000 1
5171000 1
5172000 1
5173000 1
5174000 1
5175000 1
5176000 1
5177000 1
5178000 1
5179000 1
5180000 1
5181000 1
5182000 1
5183000 1
5184000 1
5185000 1
5186000 1
5187000 1
5188000 1
5189000 1
5190000 1
5191000 1
5192000 1
5193000 1
5194000 1
5195000 1
5196000 1
5197000 1
5198000 1
5199000 1
5200000 1
5201000 1
5202000 1
5203000 1
5204000 1
5205000 1
5206000 1
5207000 1
5208000 1
5209000 1
5210000 1
5211000 1
5212000 1
5213000 1
5214000 1
5215000 1
5216000 1
5217000 1
5218000 1
5219000 1
5220000 1
5221000 1
5222000 1
5223000 1
5224000 1
5225000 1
5226000 1
5227000 1
5228000 1
5229000 1
5230000 1
5231000 1
5232000 1
5233000 1
5234000 1
5235000 1
5236000 1
5237000 1
5238000 1
5239000 1
5240000 1
5241000 1
5242000 1
5243000 1
5244000 1
5245000 1
5246000 1
5247000 1
5248000 1
5249000 1
5250000 1
5251000 1
5252000 1
5253000 1
5254000 1
5255000 1
5256000 1
5257000 1
5258000 1
5259000 1
5260000 1
5261000 1
5262000 1
5263000 1
5264000 1
5265000 1
5266000 1
5267000 1
5268000 1
5269000 1
5270000 1
5271000 1
5272000 1
5273000 1
5274000 1
5275000 1
5276000 1
5277000 1
5278000 1
5279000 1
5280000 1
5281000 1
5282000 1
5283000 1
5284000 1
5285000 1
5286000 1
5287000 1
5288000 1
5289000 1
5290000 1
5291000 1
5292000 1
5293000 1
5294000 1
5295000 1
5296000 1
5297000 1
5298000 1
5299000 1
5300000 1
5301000 1
5302000 1
5303000 1
5304000 1
5305000 1
5306000 1
5307000 1
5308000 1
5309000 1
5310000 1
5311000 1
5312000 1
5313000 1
5314000 1
5315000 1
5316000 1
5317000 1
5318000 1
5319000 1
5320000 1
5321000 1
5322000 1
5323000 1
5324000 1
5325000 1
5326000 1
5327000 1
5328000 1
5329000 1
5330000 1
5331000 1
5332000 1
5333000 1
5334000 1
5335000 1
5336000 1
5337000 1
5338000 1
5339000 1
5340000 1
5341000 1
5342000 1
5343000 1
5344000 1
5345000 1
5346000 1
5347000 1
5348000 1
5349000 1
5350000 1
5351000 1
5352000 1
5353000 1
5354000 1
5355000 1
5356000 1
5357000 1
5358000 1
5359000 1
5360000 1
5361000 1
5362000 1
5363000 1
5364000 1
5365000 1
5366000 1
5367000 1
5368000 1
5369000 1
5370000 1
5371000 1
5372000 1
5373000 1
5374000 1
5375000 1
5376000 1
5377000 1
5378000 1
5379000 1
5380000 1
5381000 1
5382000 1
5383000 1
5384000 1
5385000 1
5386000 1
5387000 1
5388000 1
5389000 1
5390000 1
5391000 1
5392000 1
5393000 1
5394000 1
5395000 1
5396000 1
5397000 1
5398000 1
5399000 1
5400000 1
5401000 1
5402000 1
5403000 1
5404000 1
5405000 1
5406000 1
5407000 1
5408000 1
5409000 1
5410000 1
5411000 1
5412000 1
5413000 1
5414000 1
5415000 1
5416000 1
5417000 1
5418000 1
5419000 1
5420000 1
5421000 1
5422000 1
5423000 1
5424000 1
5425000 1
5426000 1
5427000 1
5428000 1
5429000 1
5430000 1
5431000 1
5432000 1
5433000 1
5434000 1
5435000 1
5436000 1
5437000 1
5438000 1
5439000 1
5440000 1
5441000 1
5442000 1
5443000 1
5444000 1
5445000 1
5446000 1
5447000 1
5448000 1
5449000 1
5450000 1
5451000 1
5452000 1
5453000 1
5454000 1
5455000 1
5456000 1
5457000 1
5458000 1
5459000 1
5460000 1
5461000 1
5462000 1
5463000 1
5464000 1
5465000 1
5466000 1
5467000 1
5468000 1
5469000 1
5470000 1
5471000 1
5472000 1
5473000 1
5474000 1
5475000 1
5476000 1
5477000 1
5478000 1
5479000 1
5480000 1
5481000 1
5482000 1
5483000 1
5484000 1
5485000 1
5486000 1
5487000 1
5488000 1
5489000 1
5490000 1
5491000 1
5492000 1
5493000 1
5494000 1
5495000 1
5496000 1
5497000 1
5498000 1
5499000 1
5500000 1
5501000 1
5502000 1
5503000 1
5504000 1
5505000 1
5506000 1
5507000 1
5508000 1
5509000 1
5510000 1
5511000 1
5512000 1
5513000 1
5514000 1
5515000 1
5516000 1
5517000 1
5518000 1
5519000 1
5520000 1
5521000 1
5522000 1
5523000 1
5524000 1
5525000 1
5526000 1
5527000 1
5528000 1
5529000 1
5530000 1
5531000 1
5532000 1
5533000 1
5534000 1
5535000 1
5536000 1
5537000 1
5538000 1
5539000 1
5540000 1
5541000 1
5542000 1
5543000 1
5544000 1
5545000 1
5546000 1
5547000 1
5548000 1
5549000 1
5550000 1
5551000 1
5552000 1
5553000 1
5554000 1
5555000 1
5556000 1
5557000 1
5558000 1
5559000 1
5560000 1
5561000 1
5562000 1
5563000 1
5564000 1
5565000 1
5566000 1
5567000 1
5568000 1
5569000 1
5570000 1
5571000 1
5572000 1
5573000 1
5574000 1
5575000 1
5576000 1
5577000 1
5578000 1
5579000 1
5580000 1
5581000 1
5582000 1
5583000 1
5584000 1
5585000 1
5586000 1
5587000 1
5588000 1
5589000 1
5590000 1
5591000 1
5592000 1
5593000 1
5594000 1
5595000 1
5596000 1
5597000 1
5598000 1
5599000 1
5600000 1
5601000 1
5602000 1
5603000 1
5604000 1
5605000 1
5606000 1
5607000 1
5608000 1
5609000 1
5610000 1
5611000 1
5612000 1
5613000 1
5614000 1
5615000 1
5616000 1
5617000 1
5618000 1
5619000 1
5620000 1
5621000 1
5622000 1
5623000 1
5624000 1
5625000 1
5626000 1
5627000 1
5628000 1
5629000 1
5630000 1
5631000 1
5632000 1
5633000 1
5634000 1
5635000 1
5636000 1
5637000 1
5638000 1
5639000 1
5640000 1
5641000 1
5642000 1
5643000 1
5644000 1
5645000 1
5646000 1
5647000 1
5648000 1
5649000 1
5650000 1
5651000 1
5652000 1
5653000 1
5654000 1
5655000 1
5656000 1
5657000 1
5658000 1
5659000 1
5660000 1
5661000 1
5662000 1
5663000 1
5664000 1
5665000 1
5666000 1
5667000 1
5668000 1
5669000 1
5670000 1
5671000 1
5672000 1
5673000 1
5674000 1
5675000 1
5676000 1
5677000 1
5678000 1
5679000 1
5680000 1
5681000 1
5682000 1
5683000 1
5684000 1
5685000 1
5686000 1
5687000 1
5688000 1
5689000 1
5690000 1
5691000 1
5692000 1
5693000 1
5694000 1
5695000 1
5696000 1
5697000 1
5698000 1
5699000 1
5700000 1
5701000 1
5702000 1
5703000 1
5704000 1
5705000 1
5706000 1
5707000 1
5708000 1
5709000 1
5710000 1
5711000 1
5712000 1
5713000 1
5714000 1
5715000 1
5716000 1
5717000 1
5718000 1
5719000 1
5720000 1
5721000 1
5722000 1
5723000 1
5724000 1
5725000 1
5726000 1
5727000 1
5728000 1
5729000 1
5730000 1
5731000 1
5732000 1
5733000 1
5734000 1
5735000 1
5736000 1
5737000 1
5738000 1
5739000 1
5740000 1
5741000 1
5742000 1
5743000 1
5744000 1
5745000 1
5746000 1
5747000 1
5748000 1
5749000 1
5750000 1
5751000 1
5752000 1
5753000 1
5754000 1
5755000 1
5756000 1
5757000 1
5758000 1
5759000 1
5760000 1
5761000 1
5762000 1
5763000 1
5764000 1
5765000 1
5766000 1
5767000 1
5768000 1
5769000 1
5770000 1
5771000 1
5772000 1
5773000 1
5774000 1
5775000 1
5776000 1
5777000 1
5778000 1
5779000 1
5780000 1
5781000 1
5782000 1
5783000 1
5784000 1
5785000 1
5786000 1
5787000 1
5788000 1
5789000 1
5790000 1
5791000 1
5792000 1
5793000 1
5794000 1
5795000 1
5796000 1
5797000 1
5798000 1
5799000 1
5800000 1
5801000 1
5802000 1
5803000 1
5804000 1
5805000 1
5806000 1
5807000 1
5808000 1
5809000 1
5810000 1
5811000 1
5812000 1
5813000 1
5814000 1
5815000 1
5816000 1
5817000 1
5818000 1
5819000 1
5820000 1
5821000 1
5822000 1
5823000 1
5824000 1
5825000 1
5826000 1
5827000 1
5828000 1
5829000 1
5830000 1
5831000 1
5832000 1
5833000 1
5834000 1
5835000 1
5836000 1
5837000 1
5838000 1
5839000 1
5840000 1
5841000 1
5842000 1
5843000 1
5844000 1
5845000 1
5846000 1
5847000 1
5848000 1
5849000 1
5850000 1
5851000 1
5852000 1
5853000 1
5854000 1
5855000 1
5856000 1
5857000 1
5858000 1
5859000 1
5860000 1
5861000 1
5862000 1
5863000 1
5864000 1
5865000 1
5866000 1
5867000 1
5868000 1
5869000 1
5870000 1
5871000 1
5872000 1
5873000 1
5874000 1
5875000 1
5876000 1
5877000 1
5878000 1
5879000 1
5880000 1
5881000 1
5882000 1
5883000 1
5884000 1
5885000 1
5886000 1
5887000 1
5888000 1
5889000 1
5890000 1
5891000 1
5892000 1
5893000 1
5894000 1
5895000 1
5896000 1
5897000 1
5898000 1
5899000 1
5900000 1
5901000 1
5902000 1
5903000 1
5904000 1
5905000 1
5906000 1
5907000 1
5908000 1
5909000 1
5910000 1
5911000 1
5912000 1
5913000 1
5914000 1
5915000 1
5916000 1
5917000 1
5918000 1
5919000 1
5920000 1
5921000 1
5922000 1
5923000 1
5924000 1
5925000 1
5926000 1
5927000 1
5928000 1
5929000 1
5930000 1
5931000 1
5932000 1
5933000 1
5934000 1
5935000 1
5936000 1
5937000 1
5938000 1
5939000 1
5940000 1
5941000 1
5942000 1
5943000 1
5944000 1
5945000 1
5946000 1
5947000 1
5948000 1
5949000 1
5950000 1
5951000 1
5952000 1
5953000 1
5954000 1
5955000 1
5956000 1
5957000 1
5958000 1
5959000 1
5960000 1
5961000 1
5962000 1
5963000 1
5964000 1
5965000 1
5966000 1
5967000 1
5968000 1
5969000 1
5970000 1
5971000 1
5972000 1
5973000 1
5974000 1
5975000 1
5976000 1
5977000 1
5978000 1
5979000 1
5980000 1
5981000 1
5982000 1
5983000 1
5984000 1
5985000 1
5986000 1
5987000 1
5988000 1
5989000 1
5990000 1
5991000 1
5992000 1
5993000 1
5994000 1
5995000 1
5996000 1
5997000 1
5998000 1
5999000 1
6000000 1
6001000 1
6002000 1
6003000 1
6004000 1
6005000 1
6006000 1
6007000 1
6008000 1
6009000 1
6010000 1
6011000 1
6012000 1
6013000 1
6014000 1
6015000 1
6016000 1
6017000 1
6018000 1
6019000 1
6020000 1
6021000 1
6022000 1
6023000 1
6024000 1
6025000 1
6026000 1
6027000 1
6028000 1
6029000 1
6030000 1
6031000 1
6032000 1
6033000 1
6034000 1
6035000 1
6036000 1
6037000 1
6038000 1
6039000 1
6040000 1
6041000 1
6042000 1
6043000 1
6044000 1
6045000 1
6046000 1
6047000 1
6048000 1
6049000 1
6050000 1
6051000 1
6052000 1
6053000 1
6054000 1
6055000 1
6056000 1
6057000 1
6058000 1
6059000 1
6060000 1
6061000 1
6062000 1
6063000 1
6064000 1
6065000 1
6066000 1
6067000 1
6068000 1
6069000 1
6070000 1
6071000 1
6072000 1
6073000 1
6074000 1
6075000 1
6076000 1
6077000 1
6078000 1
6079000 1
6080000 1
6081000 1
6082000 1
6083000 1
6084000 1
6085000 1
6086000 1
6087000 1
6088000 1
6089000 1
6090000 1
6091000 1
6092000 1
6093000 1
6094000 1
6095000 1
6096000 1
6097000 1
6098000 1
6099000 1
6100000 1
6101000 1
6102000 1
6103000 1
6104000 1
6105000 1
6106000 1
6107000 1
6108000 1
6109000 1
6110000 1
6111000 1
6112000 1
6113000 1
6114000 1
6115000 1
6116000 1
6117000 1
6118000 1
6119000 1
6120000 1
6121000 1
6122000 1
6123000 1
6124000 1
6125000 1
6126000 1
6127000 1
6128000 1
6129000 1
6130000 1
6131000 1
6132000 1
6133000 1
6134000 1
6135000 1
6136000 1
6137000 1
6138000 1
6139000 1
6140000 1
6141000 1
6142000 1
6143000 1
6144000 1
6145000 1
6146000 1
6147000 1
6148000 1
6149000 1
6150000 1
6151000 1
6152000 1
6153000 1
6154000 1
6155000 1
6156000 1
6157000 1
6158000 1
6159000 1
6160000 1
6161000 1
6162000 1
6163000 1
6164000 1
6165000 1
6166000 1
6167000 1
6168000 1
6169000 1
6170000 1
6171000 1
6172000 1
6173000 1
6174000 1
6175000 1
6176000 1
6177000 1
6178000 1
6179000 1
6180000 1
6181000 1
6182000 1
6183000 1
6184000 1
6185000 1
6186000 1
6187000 1
6188000 1
6189000 1
6190000 1
6191000 1
6192000 1
6193000 1
6194000 1
6195000 1
6196000 1
6197000 1
6198000 1
6199000 1
6200000 1
6201000 1
6202000 1
6203000 1
6204000 1
6205000 1
6206000 1
6207000 1
6208000 1
6209000 1
6210000 1
6211000 1
6212000 1
6213000 1
6214000 1
6215000 1
6216000 1
6217000 1
6218000 1
6219000 1
6220000 1
6221000 1
6222000 1
6223000 1
6224000 1
6225000 1
6226000 1
6227000 1
6228000 1
6229000 1
6230000 1
6231000 1
6232000 1
6233000 1
6234000 1
6235000 1
6236000 1
6237000 1
6238000 1
6239000 1
6240000 1
6241000 1
6242000 1
6243000 1
6244000 1
6245000 1
6246000 1
6247000 1
6248000 1
6249000 1
6250000 1
6251000 1
6252000 1
6253000 1
6254000 1
6255000 1
6256000 1
6257000 1
6258000 1
6259000 1
6260000 1
6261000 1
6262000 1
6263000 1
6264000 1
6265000 1
6266000 1
6267000 1
6268000 1
6269000 1
6270000 1
6271000 1
6272000 1
6273000 1
6274000 1
6275000 1
6276000 1
6277000 1
6278000 1
6279000 1
6280000 1
6281000 1
6282000 1
6283000 1
6284000 1
6285000 1
6286000 1
6287000 1
6288000 1
6289000 1
6290000 1
6291000 1
6292000 1
6293000 1
6294000 1
6295000 1
6296000 1
6297000 1
6298000 1
6299000 1
6300000 1
6301000 1
6302000 1
6303000 1
6304000 1
6305000 1
6306000 1
6307000 1
6308000 1
6309000 1
6310000 1
6311000 1
6312000 1
6313000 1
6314000 1
6315000 1
6316000 1
6317000 1
6318000 1
6319000 1
6320000 1
6321000 1
6322000 1
6323000 1
6324000 1
6325000 1
6326000 1
6327000 1
6328000 1
6329000 1
6330000 1
6331000 1
6332000 1
6333000 1
6334000 1
6335000 1
6336000 1
6337000 1
6338000 1
6339000 1
6340000 1
6341000 1
6342000 1
6343000 1
6344000 1
6345000 1
6346000 1
6347000 1
6348000 1
6349000 1
6350000 1
6351000 1
6352000 1
6353000 1
6354000 1
6355000 1
6356000 1
6357000 1
6358000 1
6359000 1
6360000 1
6361000 1
6362000 1
6363000 1
6364000 1
6365000 1
6366000 1
6367000 1
6368000 1
6369000 1
6370000 1
6371000 1
6372000 1
6373000 1
6374000 1
6375000 1
6376000 1
6377000 1
6378000 1
6379000 1
6380000 1
6381000 1
6382000 1
6383000 1
6384000 1
6385000 1
6386000 1
6387000 1
6388000 1
6389000 1
6390000 1
6391000 1
6392000 1
6393000 1
6394000 1
6395000 1
6396000 1
6397000 1
6398000 1
6399000 1
6400000 1
6401000 1
6402000 1
6403000 1
6404000 1
6405000 1
6406000 1
6407000 1
6408000 1
6409000 1
6410000 1
6411000 1
6412000 1
6413000 1
6414000 1
6415000 1
6416000 1
6417000 1
6418000 1
6419000 1
6420000 1
6421000 1
6422000 1
6423000 1
6424000 1
6425000 1
6426000 1
6427000 1
6428000 1
6429000 1
6430000 1
6431000 1
6432000 1
6433000 1
6434000 1
6435000 1
6436000 1
6437000 1
6438000 1
6439000 1
6440000 1
6441000 1
6442000 1
6443000 1
6444000 1
6445000 1
6446000 1
6447000 1
6448000 1
6449000 1
6450000 1
6451000 1
6452000 1
6453000 1
6454000 1
6455000 1
6456000 1
6457000 1
6458000 1
6459000 1
6460000 1
6461000 1
6462000 1
6463000 1
6464000 1
6465000 1
6466000 1
6467000 1
6468000 1
6469000 1
6470000 1
6471000 1
6472000 1
6473000 1
6474000 1
6475000 1
6476000 1
6477000 1
6478000 1
6479000 1
6480000 1
6481000 1
6482000 1
6483000 1
6484000 1
6485000 1
6486000 1
6487000 1
6488000 1
6489000 1
6490000 1
6491000 1
6492000 1
6493000 1
6494000 1
6495000 1
6496000 1
6497000 1
6498000 1
6499000 1
6500000 1
6501000 1
6502000 1
6503000 1
6504000 1
6505000 1
6506000 1
6507000 1
6508000 1
6509000 1
6510000 1
6511000 1
6512000 1
6513000 1
6514000 1
6515000 1
6516000 1
6517000 1
6518000 1
6519000 1
6520000 1
6521000 1
6522000 1
6523000 1
6524000 1
6525000 1
6526000 1
6527000 1
6528000 1
6529000 1
6530000 1
6531000 1
6532000 1
6533000 1
6534000 1
6535000 1
6536000 1
6537000 1
6538000 1
6539000 1
6540000 1
6541000 1
6542000 1
6543000 1
6544000 1
6545000 1
6546000 1
6547000 1
6548000 1
6549000 1
6550000 1
6551000 1
6552000 1
6553000 1
6554000 1
6555000 1
6556000 1
6557000 1
6558000 1
6559000 1
6560000 1
6561000 1
6562000 1
6563000 1
6564000 1
6565000 1
6566000 1
6567000 1
6568000 1
6569000 1
6570000 1
6571000 1
6572000 1
6573000 1
6574000 1
6575000 1
6576000 1
6577000 1
6578000 1
6579000 1
6580000 1
6581000 1
6582000 1
6583000 1
6584000 1
6585000 1
6586000 1
6587000 1
6588000 1
6589000 1
6590000 1
6591000 1
6592000 1
6593000 1
6594000 1
6595000 1
6596000 1
6597000 1
6598000 1
6599000 1
6600000 1
6601000 1
6602000 1
6603000 1
6604000 1
6605000 1
6606000 1
6607000 1
6608000 1
6609000 1
6610000 1
6611000 1
6612000 1
6613000 1
6614000 1
6615000 1
6616000 1
6617000 1
6618000 1
6619000 1
6620000 1
6621000 1
6622000 1
6623000 1
6624000 1
6625000 1
6626000 1
6627000 1
6628000 1
6629000 1
6630000 1
6631000 1
6632000 1
6633000 1
6634000 1
6635000 1
6636000 1
6637000 1
6638000 1
6639000 1
6640000 1
6641000 1
6642000 1
6643000 1
6644000 1
6645000 1
6646000 1
6647000 1
6648000 1
6649000 1
6650000 1
6651000 1
6652000 1
6653000 1
6654000 1
6655000 1
6656000 1
6657000 1
6658000 1
6659000 1
6660000 1
6661000 1
6662000 1
6663000 1
6664000 1
6665000 1
6666000 1
6667000 1
6668000 1
6669000 1
6670000 1
6671000 1
6672000 1
6673000 1
6674000 1
6675000 1
6676000 1
6677000 1
6678000 1
6679000 1
6680000 1
6681000 1
6682000 1
6683000 1
6684000 1
6685000 1
6686000 1
6687000 1
6688000 1
6689000 1
6690000 1
6691000 1
6692000 1
6693000 1
6694000 1
6695000 1
6696000 1
6697000 1
6698000 1
6699000 1
6700000 1
6701000 1
6702000 1
6703000 1
6704000 1
6705000 1
6706000 1
6707000 1
6708000 1
6709000 1
6710000 1
6711000 1
6712000 1
6713000 1
6714000 1
6715000 1
6716000 1
6717000 1
6718000 1
6719000 1
6720000 1
6721000 1
6722000 1
6723000 1
6724000 1
6725000 1
6726000 1
6727000 1
6728000 1
6729000 1
6730000 1
6731000 1
6732000 1
6733000 1
6734000 1
6735000 1
6736000 1
6737000 1
6738000 1
6739000 1
6740000 1
6741000 1
6742000 1
6743000 1
6744000 1
6745000 1
6746000 1
6747000 1
6748000 1
6749000 1
6750000 1
6751000 1
6752000 1
6753000 1
6754000 1
6755000 1
6756000 1
6757000 1
6758000 1
6759000 1
6760000 1
6761000 1
6762000 1
6763000 1
6764000 1
6765000 1
6766000 1
6767000 1
6768000 1
6769000 1
6770000 1
6771000 1
6772000 1
6773000 1
6774000 1
6775000 1
6776000 1
6777000 1
6778000 1
6779000 1
6780000 1
6781000 1
6782000 1
6783000 1
6784000 1
6785000 1
6786000 1
6787000 1
6788000 1
6789000 1
6790000 1
6791000 1
6792000 1
6793000 1
6794000 1
6795000 1
6796000 1
6797000 1
6798000 1
6799000 1
6800000 1
6801000 1
6802000 1
6803000 1
6804000 1
6805000 1
6806000 1
6807000 1
6808000 1
6809000 1
6810000 1
6811000 1
6812000 1
6813000 1
6814000 1
6815000 1
6816000 1
6817000 1
6818000 1
6819000 1
6820000 1
6821000 1
6822000 1
6823000 1
6824000 1
6825000 1
6826000 1
6827000 1
6828000 1
6829000 1
6830000 1
6831000 1
6832000 1
6833000 1
6834000 1
6835000 1
6836000 1
6837000 1
6838000 1
6839000 1
6840000 1
6841000 1
6842000 1
6843000 1
6844000 1
6845000 1
6846000 1
6847000 1
6848000 1
6849000 1
6850000 1
6851000 1
6852000 1
6853000 1
6854000 1
6855000 1
6856000 1
6857000 1
6858000 1
6859000 1
6860000 1
6861000 1
6862000 1
6863000 1
6864000 1
6865000 1
6866000 1
6867000 1
6868000 1
6869000 1
6870000 1
6871000 1
6872000 1
6873000 1
6874000 1
6875000 1
6876000 1
6877000 1
6878000 1
6879000 1
6880000 1
6881000 1
6882000 1
6883000 1
6884000 1
6885000 1
6886000 1
6887000 1
6888000 1
6889000 1
6890000 1
6891000 1
6892000 1
6893000 1
6894000 1
6895000 1
6896000 1
6897000 1
6898000 1
6899000 1
6900000 1
6901000 1
6902000 1
6903000 1
6904000 1
6905000 1
6906000 1
6907000 1
6908000 1
6909000 1
6910000 1
6911000 1
6912000 1
6913000 1
6914000 1
6915000 1
6916000 1
6917000 1
6918000 1
6919000 1
6920000 1
6921000 1
6922000 1
6923000 1
6924000 1
6925000 1
6926000 1
6927000 1
6928000 1
6929000 1
6930000 1
6931000 1
6932000 1
6933000 1
6934000 1
6935000 1
6936000 1
6937000 1
6938000 1
6939000 1
6940000 1
6941000 1
6942000 1
6943000 1
6944000 1
6945000 1
6946000 1
6947000 1
6948000 1
6949000 1
6950000 1
6951000 1
6952000 1
6953000 1
6954000 1
6955000 1
6956000 1
6957000 1
6958000 1
6959000 1
6960000 1
6961000 1
6962000 1
6963000 1
6964000 1
6965000 1
6966000 1
6967000 1
6968000 1
6969000 1
6970000 1
6971000 1
6972000 1
6973000 1
6974000 1
6975000 1
6976000 1
6977000 1
6978000 1
6979000 1
6980000 1
6981000 1
6982000 1
6983000 1
6984000 1
6985000 1
6986000 1
6987000 1
6988000 1
6989000 1
6990000 1
6991000 1
6992000 1
6993000 1
6994000 1
6995000 1
6996000 1
6997000 1
6998000 1
6999000 1
